emp_no,first_name,last_name,to_date,title
10001,Georgi,Facello,9999-01-01,Senior Engineer
10004,Chirstian,Koblick,9999-01-01,Engineer
10009,Sumant,Peac,9999-01-01,Senior Engineer
10018,Kazuhide,Peha,9999-01-01,Engineer
10035,Alain,Chappelet,9999-01-01,Senior Engineer
10058,Berhard,McFarlin,9999-01-01,Senior Staff
10066,Kwee,Schusler,9999-01-01,Assistant Engineer
10067,Claudi,Stavenow,9999-01-01,Engineer
10070,Reuven,Garigliano,9999-01-01,Technique Leader
10072,Hironoby,Sidou,9999-01-01,Engineer
10076,Erez,Ritzmann,9999-01-01,Senior Engineer
10088,Jungsoon,Syrzycki,9999-01-01,Senior Staff
10100,Hironobu,Haraldson,9999-01-01,Staff
10103,Akemi,Birch,9999-01-01,Engineer
10126,Kayoko,Valtorta,9999-01-01,Senior Staff
10129,Armond,Peir,9999-01-01,Technique Leader
10130,Nishit,Casperson,9999-01-01,Senior Engineer
10134,Diederik,Siprelle,9999-01-01,Senior Engineer
10138,Perry,Shimshoni,9999-01-01,Engineer
10150,Zhenbing,Perng,9999-01-01,Engineer
10153,Heekeun,Majewski,9999-01-01,Assistant Engineer
10157,Nigel,Aloisi,9999-01-01,Senior Engineer
10198,Pranav,Furedi,9999-01-01,Senior Engineer
10215,Xiaobin,Duclos,9999-01-01,Senior Staff
10224,Leon,Trogemann,9999-01-01,Senior Engineer
10233,Lein,Vendrig,9999-01-01,Staff
10258,Basil,Ishibashi,9999-01-01,Senior Engineer
10272,Yishai,Cannane,9999-01-01,Staff
10282,Hercules,Benzmuller,9999-01-01,Assistant Engineer
10283,Kauko,Birjandi,9999-01-01,Engineer
10326,Masali,Czap,9999-01-01,Staff
10340,Djelloul,Laventhal,9999-01-01,Staff
10347,Pradeep,Kaminger,9999-01-01,Staff
10355,Satyanarayana,Cochrane,9999-01-01,Staff
10356,Vasilis,Standera,9999-01-01,Senior Staff
10364,Nakhoon,Dengi,9999-01-01,Senior Engineer
10372,Anneli,Frijda,9999-01-01,Technique Leader
10387,Parto,Wrigley,9999-01-01,Senior Staff
10396,Sibyl,Rahier,9999-01-01,Senior Engineer
10402,Volkmar,Ebeling,9999-01-01,Technique Leader
10404,Prodip,Rosti,9999-01-01,Senior Engineer
10426,Arunas,Luce,9999-01-01,Technique Leader
10429,Martien,Improta,9999-01-01,Senior Engineer
10432,Hisao,Tiemann,9999-01-01,Staff
10451,Bodh,Ranta,9999-01-01,Senior Engineer
10453,Tsvetan,Matzel,9999-01-01,Senior Staff
10463,Ung,Zaiane,9999-01-01,Staff
10486,Amstein,Kossowski,9999-01-01,Senior Engineer
10494,Yakkov,Servieres,9999-01-01,Engineer
10504,Xiong,Varker,9999-01-01,Staff
10512,Udi,Gihr,9999-01-01,Staff
10522,Marke,Cesareni,9999-01-01,Senior Staff
10548,Ramalingam,Gunderson,9999-01-01,Senior Staff
10564,Jianhao,Thisen,9999-01-01,Senior Engineer
10623,Aleksander,Danlos,9999-01-01,Engineer
10628,Krisda,Krogh,9999-01-01,Engineer
10631,Inderjeet,Chaudhuri,9999-01-01,Engineer
10642,Hirochika,Narlikar,9999-01-01,Engineer
10653,Otmar,Feinberg,9999-01-01,Senior Engineer
10671,Parviz,Rebaine,9999-01-01,Staff
10676,Valeri,Danley,9999-01-01,Engineer
10693,Berhard,Daescu,9999-01-01,Senior Staff
10702,Bader,Szemeredi,9999-01-01,Senior Engineer
10718,Adib,Rullman,9999-01-01,Engineer
10726,Zita,Minakawa,9999-01-01,Senior Engineer
10734,Sachar,Erdi,9999-01-01,Engineer
10745,Poorav,Ranze,9999-01-01,Engineer
10749,King,Brendel,9999-01-01,Senior Engineer
10767,Monique,Doering,9999-01-01,Staff
10768,Ishfaq,Candan,9999-01-01,Engineer
10778,Selwyn,Merey,9999-01-01,Senior Staff
10791,Tadahiko,Sgarro,9999-01-01,Engineer
10795,Supot,Naudin,9999-01-01,Senior Staff
10835,Tomoyuki,Kermarrec,9999-01-01,Engineer
10836,Jianhua,Leivant,9999-01-01,Senior Staff
10844,Dipayan,Koprowski,9999-01-01,Engineer
10847,Theirry,Danley,9999-01-01,Senior Staff
10848,Fen,Bratsberg,9999-01-01,Senior Engineer
10878,Lakshmi,Deville,9999-01-01,Staff
10879,Muzhong,Chleq,9999-01-01,Senior Engineer
10883,Shimshon,Champarnaud,9999-01-01,Engineer
10909,Georgi,Atchley,9999-01-01,Senior Engineer
10921,Mara,Bahi,9999-01-01,Engineer
10924,Hironoby,Atchley,9999-01-01,Senior Staff
10927,Gal,Scallan,9999-01-01,Senior Staff
10936,Mountaz,Schicker,9999-01-01,Senior Staff
10943,Berna,Skafidas,9999-01-01,Engineer
10965,Eckart,Braunschweig,9999-01-01,Senior Staff
10969,Premal,Noriega,9999-01-01,Senior Engineer
10974,Muneo,Papsdorf,9999-01-01,Senior Engineer
10986,Masako,Schiper,9999-01-01,Technique Leader
10988,Chinya,Deyuan,9999-01-01,Senior Engineer
10989,Sumali,Candan,9999-01-01,Staff
10990,Shin,Foote,9999-01-01,Technique Leader
11009,Alper,Axelband,9999-01-01,Senior Staff
11012,Taegyun,Speckmann,9999-01-01,Staff
11019,Leon,Huttel,9999-01-01,Senior Engineer
11021,Srinidhi,Henders,9999-01-01,Staff
11027,Remzi,Cappello,9999-01-01,Engineer
11031,Ottavia,Walstra,9999-01-01,Senior Staff
11037,Lansing,Maliniak,9999-01-01,Senior Engineer
11038,Jinya,Beidas,9999-01-01,Staff
11042,Gou,Breugel,9999-01-01,Senior Engineer
11048,Jaques,Demke,9999-01-01,Senior Staff
11050,Elvis,Katiyar,9999-01-01,Staff
11051,Przemyslawa,Erol,9999-01-01,Engineer
11070,Adib,Raney,9999-01-01,Engineer
11081,Barry,Boyle,9999-01-01,Senior Staff
11085,Hailing,Thummel,9999-01-01,Senior Engineer
11100,Berna,Cochrane,9999-01-01,Senior Staff
11106,Aris,Iwayama,9999-01-01,Engineer
11112,Boaz,Mukaidono,9999-01-01,Staff
11113,Shahab,Peng,9999-01-01,Staff
11121,Vugranam,Kakkad,9999-01-01,Senior Engineer
11133,Nalini,Azulay,9999-01-01,Technique Leader
11134,Sachar,Rajcani,9999-01-01,Engineer
11137,Hugh,Luca,9999-01-01,Engineer
11139,Bogdan,Homond,9999-01-01,Staff
11146,Ishfaq,Masand,9999-01-01,Staff
11148,Zhanqiu,Botman,9999-01-01,Senior Staff
11162,Kauko,Narlikar,9999-01-01,Engineer
11180,Mitsuyuki,Bojadziev,9999-01-01,Engineer
11197,Tadahiro,Fordan,9999-01-01,Senior Staff
11204,Diederik,Covnot,9999-01-01,Technique Leader
11207,Saeed,Gips,9999-01-01,Engineer
11208,Saniya,Valtorta,9999-01-01,Technique Leader
11211,Yurij,Rissland,9999-01-01,Senior Engineer
11217,Kellie,Mawatari,9999-01-01,Senior Engineer
11232,Hidefumi,Crelier,9999-01-01,Senior Staff
11240,Kiam,Condotta,9999-01-01,Assistant Engineer
11249,Randi,Cyre,9999-01-01,Assistant Engineer
11251,Bezalel,Chinal,9999-01-01,Senior Staff
11268,Aimee,Petersohn,9999-01-01,Engineer
11275,Hitomi,Eppinger,9999-01-01,Engineer
11290,Visit,Dredge,9999-01-01,Engineer
11295,Abdelkader,Lanzelotte,9999-01-01,Staff
11319,Pranas,Marrakchi,9999-01-01,Assistant Engineer
11320,Atilio,McAlpine,9999-01-01,Senior Staff
11322,Nathalie,Pocchiola,9999-01-01,Assistant Engineer
11324,Kauko,Billingsley,9999-01-01,Senior Engineer
11338,Kwangsub,Hanratty,9999-01-01,Senior Staff
11339,Flemming,Massonet,9999-01-01,Senior Engineer
11347,Anneli,Jonsson,9999-01-01,Senior Engineer
11365,Toshimi,Shinomoto,9999-01-01,Engineer
11376,Valery,Suomi,9999-01-01,Senior Staff
11380,Kenroku,Pelc,9999-01-01,Senior Engineer
11385,Shiv,Ullian,9999-01-01,Engineer
11386,Alselm,Assaf,9999-01-01,Engineer
11393,Junsik,Junot,9999-01-01,Senior Engineer
11398,Oscar,Peir,9999-01-01,Senior Staff
11404,Bedrich,Borovoy,9999-01-01,Technique Leader
11415,Sanjiv,Anido,9999-01-01,Engineer
11421,Josyula,Msuda,9999-01-01,Engineer
11441,Marlo,Aingworth,9999-01-01,Senior Staff
11449,Kotesh,Asser,9999-01-01,Engineer
11459,Duke,Suomi,9999-01-01,Senior Staff
11469,Guttorm,Giaccio,9999-01-01,Senior Engineer
11506,Rance,Picel,9999-01-01,Staff
11509,Aleksander,Feldhoffer,9999-01-01,Engineer
11513,Otmar,Mahnke,9999-01-01,Staff
11515,Ulf,Basawa,9999-01-01,Staff
11518,Jinxi,Oxman,9999-01-01,Senior Staff
11524,Xiadong,Standera,9999-01-01,Senior Engineer
11527,Alagu,Boyle,9999-01-01,Staff
11528,Zito,Dolinsky,9999-01-01,Technique Leader
11537,DAIDA,Pehl,9999-01-01,Senior Staff
11554,Subhash,Taubenfeld,9999-01-01,Staff
11555,Kotesh,Perfilyeva,9999-01-01,Senior Staff
11567,Teiji,Mitzlaff,9999-01-01,Senior Staff
11568,Martins,Fujisaki,9999-01-01,Engineer
11603,Herb,Swen,9999-01-01,Staff
11607,Tomokazu,Foong,9999-01-01,Engineer
11615,Shem,Isaak,9999-01-01,Staff
11624,Adil,Gammage,9999-01-01,Senior Engineer
11628,Fan,Malinowski,9999-01-01,Senior Engineer
11640,Valeri,Coorg,9999-01-01,Senior Engineer
11647,Magy,Nitsche,9999-01-01,Senior Engineer
11660,Gill,Stenning,9999-01-01,Staff
11673,Henk,Felder,9999-01-01,Technique Leader
11676,Valeri,Ferriere,9999-01-01,Engineer
11681,Fumitake,Benzmuller,9999-01-01,Engineer
11684,Oksana,Gide,9999-01-01,Senior Staff
11696,Dante,Rothe,9999-01-01,Senior Staff
11732,Sanjoy,Ranft,9999-01-01,Senior Engineer
11735,Amalendu,Picci,9999-01-01,Staff
11746,Koichi,Marrakchi,9999-01-01,Senior Staff
11751,Jiafu,Emiris,9999-01-01,Senior Staff
11764,Sanjay,Anick,9999-01-01,Engineer
11769,Chandrasekaran,Lampe,9999-01-01,Senior Staff
11772,Gaurav,Penz,9999-01-01,Engineer
11797,Chenxi,Thambidurai,9999-01-01,Staff
11810,Amabile,Bhattacharjee,9999-01-01,Senior Engineer
11817,Niranjan,Markovitch,9999-01-01,Staff
11832,Arto,Zlotek,9999-01-01,Engineer
11844,Shawna,Demeyer,9999-01-01,Senior Engineer
11853,Zeljko,Kusakabe,9999-01-01,Senior Staff
11857,Divier,Farrag,9999-01-01,Senior Staff
11864,Pradeep,Kriebel,9999-01-01,Staff
11871,Nalini,Sommen,9999-01-01,Engineer
11872,Cheong,Riexinger,9999-01-01,Senior Staff
11894,Mitchel,Validov,9999-01-01,Senior Engineer
11897,Cordelia,Setlzner,9999-01-01,Staff
11906,Hideo,Boguraev,9999-01-01,Engineer
11915,Miomir,Mawatari,9999-01-01,Engineer
11931,Gunilla,Chiodo,9999-01-01,Staff
11933,Basil,Erman,9999-01-01,Engineer
11949,Martijn,Harbusch,9999-01-01,Technique Leader
11983,Jaana,Hedayat,9999-01-01,Senior Engineer
11993,Marit,Dalphin,9999-01-01,Senior Staff
12011,Zhilian,Coorg,9999-01-01,Staff
12036,Mads,Ratzlaff,9999-01-01,Staff
12037,Arunas,Katzenelson,9999-01-01,Senior Staff
12050,Yuchang,Tchuente,9999-01-01,Engineer
12062,Margareta,Worfolk,9999-01-01,Senior Staff
12069,Ayonca,Burnard,9999-01-01,Engineer
12070,Ger,Shokrollahi,9999-01-01,Technique Leader
12076,Karlis,Siprelle,9999-01-01,Senior Staff
12082,Xinan,Yamaashi,9999-01-01,Senior Staff
12089,Bilhanan,Socorro,9999-01-01,Senior Staff
12099,Nobuyoshi,Kuzuoka,9999-01-01,Staff
12112,Satyanarayana,Avouris,9999-01-01,Staff
12122,Satoru,Krone,9999-01-01,Senior Engineer
12123,Xiahua,Syrzycki,9999-01-01,Senior Staff
12125,Shounak,Erman,9999-01-01,Engineer
12149,Suebskul,Grandbois,9999-01-01,Senior Staff
12159,Shem,Perly,9999-01-01,Senior Engineer
12165,Xiaobin,Maquelin,9999-01-01,Senior Engineer
12183,Harngdar,Iisaku,9999-01-01,Engineer
12192,Feiyu,Klyachko,9999-01-01,Senior Engineer
12205,Sushant,Rossi,9999-01-01,Senior Engineer
12206,Barton,Janetzko,9999-01-01,Senior Engineer
12218,Yaghout,Strooper,9999-01-01,Senior Engineer
12221,Vincent,Melter,9999-01-01,Engineer
12222,Abdelwaheb,Holburn,9999-01-01,Senior Staff
12223,Niteen,Koyama,9999-01-01,Engineer
12247,Subbu,Penttonen,9999-01-01,Technique Leader
12249,Eldridge,Sadowski,9999-01-01,Senior Engineer
12256,Guadalupe,Reghbati,9999-01-01,Staff
12264,Mart,Pagter,9999-01-01,Engineer
12270,Shakhar,Kornyak,9999-01-01,Senior Staff
12272,Behnaam,Grandbois,9999-01-01,Staff
12308,Mototsugu,Cronau,9999-01-01,Staff
12311,Susanne,Lubachevsky,9999-01-01,Senior Engineer
12327,DAIDA,Bruckman,9999-01-01,Senior Engineer
12341,Rasiah,Luga,9999-01-01,Engineer
12343,Sorina,Slaats,9999-01-01,Staff
12365,Kamakshi,Bisiani,9999-01-01,Engineer
12373,Mooi,Driscoll,9999-01-01,Senior Staff
12395,Sanjit,Felder,9999-01-01,Senior Staff
12399,Mihalis,Luga,9999-01-01,Senior Staff
12411,Shao,Ibel,9999-01-01,Senior Staff
12413,Hugh,Gadepally,9999-01-01,Engineer
12417,Dannz,Spelt,9999-01-01,Senior Engineer
12422,Berhard,Demos,9999-01-01,Staff
12454,Kerryn,Farris,9999-01-01,Staff
12464,Shai,Milicic,9999-01-01,Staff
12475,Filipe,Roison,9999-01-01,Senior Engineer
12487,Mona,Reghbati,9999-01-01,Senior Staff
12489,Arnould,Munck,9999-01-01,Senior Engineer
12490,Jackson,Muchinsky,9999-01-01,Senior Engineer
12497,Stein,Penz,9999-01-01,Staff
12501,Morrie,Matheson,9999-01-01,Senior Staff
12504,Adly,Rosaz,9999-01-01,Engineer
12514,Tomofumi,Melter,9999-01-01,Engineer
12528,Conor,Cincotta,9999-01-01,Staff
12534,Yongmao,Gerlach,9999-01-01,Senior Engineer
12541,Shih,Nanard,9999-01-01,Staff
12542,Kazuhide,Bouloucos,9999-01-01,Staff
12551,Jeane,Tzvieli,9999-01-01,Senior Engineer
12553,Aral,Vesna,9999-01-01,Senior Staff
12557,Stafford,Kopetz,9999-01-01,Senior Engineer
12589,Anoosh,Chleq,9999-01-01,Senior Engineer
12596,Breannda,Roisin,9999-01-01,Senior Staff
12601,Ghassan,Simkin,9999-01-01,Engineer
12608,Nectarios,Mondadori,9999-01-01,Senior Staff
12635,Xinyu,Restivo,9999-01-01,Engineer
12638,Yuqun,Seiwald,9999-01-01,Engineer
12642,Suebskul,Gips,9999-01-01,Staff
12651,Pragnesh,Bael,9999-01-01,Senior Staff
12662,Leucio,Alvarado,9999-01-01,Assistant Engineer
12663,Nobuyoshi,Stellhorn,9999-01-01,Technique Leader
12664,Zhonghua,Parveen,9999-01-01,Staff
12689,Luerbio,Boudaillier,9999-01-01,Engineer
12691,Oddvar,Gils,9999-01-01,Engineer
12697,Uri,Brizzi,9999-01-01,Senior Staff
12709,Ronghao,Botman,9999-01-01,Engineer
12717,Tzu,Jiafu,9999-01-01,Staff
12722,Elliott,Cheshire,9999-01-01,Senior Staff
12726,Fumitake,Panwar,9999-01-01,Senior Engineer
12729,Nahla,Rahier,9999-01-01,Senior Engineer
12731,Yongmao,Waymire,9999-01-01,Senior Staff
12732,Mara,Takanami,9999-01-01,Senior Staff
12734,Gil,Frijda,9999-01-01,Senior Engineer
12755,Rildo,Rodite,9999-01-01,Staff
12773,Jenwei,Lovengreen,9999-01-01,Senior Engineer
12790,Gunilla,Perl,9999-01-01,Staff
12795,Masoud,Fordan,9999-01-01,Senior Staff
12798,Lillian,Beeson,9999-01-01,Senior Staff
12803,Gad,Boissier,9999-01-01,Senior Staff
12815,Sushant,Junot,9999-01-01,Senior Staff
12819,Mountaz,Gubsky,9999-01-01,Senior Engineer
12848,Kazuhide,Smeets,9999-01-01,Engineer
12863,Leif,Matheson,9999-01-01,Engineer
12872,Marl,Schmittgen,9999-01-01,Senior Staff
12879,Baruch,Eugenio,9999-01-01,Engineer
12890,Neven,Casley,9999-01-01,Senior Staff
12893,Licheng,Crouzet,9999-01-01,Staff
12895,Roddy,Serot,9999-01-01,Senior Engineer
12905,Munehiro,Gecsei,9999-01-01,Engineer
12926,Heekeun,Luby,9999-01-01,Senior Staff
12940,Odinaldo,Farrar,9999-01-01,Engineer
12941,Tommaso,Perelgut,9999-01-01,Engineer
12949,Geoff,Asrin,9999-01-01,Engineer
12977,Byong,Markovitch,9999-01-01,Senior Engineer
12983,Elliott,Hambrick,9999-01-01,Staff
13030,Yahiko,Kroll,9999-01-01,Staff
13046,Vivian,Stafford,9999-01-01,Senior Staff
13047,Atilio,Chelton,9999-01-01,Senior Engineer
13075,Rosella,Morrin,9999-01-01,Senior Staff
13076,Deniz,Skafidas,9999-01-01,Engineer
13096,Ibibia,Armand,9999-01-01,Engineer
13103,Srinidhi,Ellozy,9999-01-01,Senior Engineer
13124,Quingbo,Garnick,9999-01-01,Senior Staff
13133,Guther,Senzako,9999-01-01,Senior Staff
13134,Lorien,Chepyzhov,9999-01-01,Engineer
13144,Persi,Nollmann,9999-01-01,Senior Staff
13146,Haldon,Erie,9999-01-01,Senior Staff
13147,Shichao,Ginesta,9999-01-01,Staff
13156,Akeel,Millington,9999-01-01,Senior Engineer
13165,Lucian,Benner,9999-01-01,Engineer
13168,Munir,Stentiford,9999-01-01,Engineer
13170,Cheong,Bernardeschi,9999-01-01,Senior Staff
13171,Anoosh,Birnbaum,9999-01-01,Engineer
13173,Arve,Horswill,9999-01-01,Staff
13179,Moty,Janocha,9999-01-01,Staff
13182,Kokou,Rodite,9999-01-01,Engineer
13186,Kyoichi,Barbanera,9999-01-01,Staff
13192,Rosita,Flowers,9999-01-01,Technique Leader
13202,Aram,Scharstein,9999-01-01,Senior Staff
13210,Jianhua,Klassen,9999-01-01,Senior Staff
13213,Hein,Billawala,9999-01-01,Senior Staff
13232,Mitchel,Fujisaki,9999-01-01,Technique Leader
13233,Alselm,Chvatal,9999-01-01,Engineer
13238,Ebru,Foote,9999-01-01,Staff
13240,King,Pileggi,9999-01-01,Engineer
13250,Zeydy,Schusler,9999-01-01,Assistant Engineer
13272,Arun,Jiang,9999-01-01,Senior Staff
13276,Yechiam,Seuren,9999-01-01,Staff
13288,Muneo,Broomell,9999-01-01,Staff
13291,Georg,Stamatiou,9999-01-01,Engineer
13302,Mack,Alencar,9999-01-01,Engineer
13315,Sakthirel,Stroustrup,9999-01-01,Engineer
13332,Nidapan,Pearson,9999-01-01,Senior Engineer
13333,Yoshinari,Hennebert,9999-01-01,Engineer
13341,Bodh,Doering,9999-01-01,Senior Staff
13343,Heon,Usery,9999-01-01,Staff
13368,Kiyokazu,Klassen,9999-01-01,Staff
13371,Nakhoon,Riexinger,9999-01-01,Senior Engineer
13373,Juichirou,Naumovich,9999-01-01,Staff
13385,Claudi,Buchter,9999-01-01,Senior Staff
13386,Khosrow,Sgarro,9999-01-01,Technique Leader
13389,Divine,Cmelik,9999-01-01,Senior Staff
13392,Fumitake,Beidas,9999-01-01,Senior Staff
13396,Chuanyi,Aumann,9999-01-01,Senior Staff
13402,Augustine,Dulli,9999-01-01,Engineer
13405,Randy,Baba,9999-01-01,Senior Staff
13407,Gio,Chenoweth,9999-01-01,Engineer
13408,Sreekrishna,Lagarias,9999-01-01,Senior Engineer
13415,Nathalie,Speer,9999-01-01,Technique Leader
13422,Vishwani,Gerlach,9999-01-01,Engineer
13442,Giordano,Miake,9999-01-01,Senior Staff
13443,Mayuko,Puppo,9999-01-01,Engineer
13445,Renee,Dehkordi,9999-01-01,Engineer
13451,Gretta,Weiland,9999-01-01,Staff
13457,Shooichi,Parfitt,9999-01-01,Senior Engineer
13458,Feipei,Nivat,9999-01-01,Engineer
13463,Theron,Berstel,9999-01-01,Senior Engineer
13465,Sasan,Rehfuss,9999-01-01,Engineer
13493,Uinam,Jullig,9999-01-01,Senior Engineer
13504,Parto,Mandell,9999-01-01,Engineer
13524,Chaoyi,Porotnikoff,9999-01-01,Staff
13535,Arunas,Schlenzig,9999-01-01,Assistant Engineer
13546,Aimee,Brookner,9999-01-01,Engineer
13549,Matk,Koprowski,9999-01-01,Technique Leader
13552,Ingmar,Capobianchi,9999-01-01,Staff
13576,Jungsoon,Engberts,9999-01-01,Staff
13605,Dmitry,Encarnacion,9999-01-01,Staff
13621,Fei,Haddadi,9999-01-01,Assistant Engineer
13624,Zhigen,Yurek,9999-01-01,Senior Staff
13629,Dzung,Trelles,9999-01-01,Engineer
13648,Zejun,Lamba,9999-01-01,Technique Leader
13653,Kristen,Iivonen,9999-01-01,Staff
13670,Moti,Takanami,9999-01-01,Senior Engineer
13680,Denny,Speer,9999-01-01,Staff
13685,Weicheng,Hockney,9999-01-01,Engineer
13697,Shuichi,Weedon,9999-01-01,Technique Leader
13704,Vishu,Kumaresan,9999-01-01,Engineer
13721,Sugwoo,Delgrossi,9999-01-01,Senior Staff
13727,Vitali,Merey,9999-01-01,Staff
13738,Bangqing,Mitchem,9999-01-01,Engineer
13766,Tremaine,Heemskerk,9999-01-01,Senior Staff
13769,Yakichi,Trogemann,9999-01-01,Senior Staff
13775,Arve,Maierhofer,9999-01-01,Staff
13786,Takushi,Berendt,9999-01-01,Staff
13787,Xiaobin,Sinicrope,9999-01-01,Engineer
13792,Valery,Sury,9999-01-01,Senior Staff
13796,Paloma,Thorelli,9999-01-01,Engineer
13809,Kiyotoshi,Basagni,9999-01-01,Staff
13815,Guadalupe,Plotkin,9999-01-01,Engineer
13825,Arlette,Pell,9999-01-01,Technique Leader
13841,Christophe,Spinelli,9999-01-01,Technique Leader
13842,Juichirou,Cichocki,9999-01-01,Staff
13846,Guiseppe,Welham,9999-01-01,Senior Staff
13853,Mingsen,Roohalamini,9999-01-01,Senior Staff
13859,Anoosh,Fujisawa,9999-01-01,Senior Engineer
13884,Kensei,Swift,9999-01-01,Engineer
13894,Ult,Schonegge,9999-01-01,Assistant Engineer
13904,Youngkon,Cairo,9999-01-01,Senior Engineer
13934,Shiv,Bratsberg,9999-01-01,Senior Engineer
13942,Elzbieta,Esteva,9999-01-01,Technique Leader
13951,Mooi,Genther,9999-01-01,Staff
13960,Nechama,Hettesheimer,9999-01-01,Senior Staff
13962,Maris,Ghelli,9999-01-01,Senior Engineer
13966,Boguslaw,Cooman,9999-01-01,Senior Staff
13969,Jianwen,Chandrasekhar,9999-01-01,Technique Leader
13990,Deborah,Schapiro,9999-01-01,Assistant Engineer
13992,Ulises,Kenevan,9999-01-01,Senior Staff
13999,Florian,Crouzet,9999-01-01,Staff
14005,Vojin,Stellhorn,9999-01-01,Technique Leader
14015,Manibrata,Picaronny,9999-01-01,Senior Engineer
14034,Aloys,Seghrouchni,9999-01-01,Staff
14041,Shan,DeMori,9999-01-01,Staff
14067,Godehard,Trachtenberg,9999-01-01,Engineer
14088,Mori,Leslie,9999-01-01,Senior Staff
14107,Xiahua,Rindone,9999-01-01,Senior Staff
14111,Leszek,Cummings,9999-01-01,Senior Staff
14118,Kasturi,Anido,9999-01-01,Senior Staff
14167,Adas,Hertweck,9999-01-01,Engineer
14191,Jiann,Luby,9999-01-01,Engineer
14209,Masanao,Kusakabe,9999-01-01,Senior Staff
14220,Tomofumi,Pargas,9999-01-01,Senior Engineer
14232,Masali,Bojadziev,9999-01-01,Senior Engineer
14236,Xuedong,Angiulli,9999-01-01,Senior Staff
14237,Abdulla,Gerlach,9999-01-01,Engineer
14242,Sudhanshu,Benaini,9999-01-01,Senior Staff
14257,Kwok,Massonet,9999-01-01,Staff
14290,Miyeon,Olivero,9999-01-01,Senior Engineer
14292,Susanna,Vigier,9999-01-01,Senior Staff
14298,Chriss,Granlund,9999-01-01,Engineer
14310,Marlo,Leuchs,9999-01-01,Senior Staff
14320,Sreenivas,Schaar,9999-01-01,Senior Engineer
14322,Shem,Kakkad,9999-01-01,Engineer
14323,Golgen,Leslie,9999-01-01,Staff
14340,Vitaly,Wixon,9999-01-01,Senior Engineer
14344,Otilia,Buescher,9999-01-01,Technique Leader
14354,Mong,Bojadziev,9999-01-01,Senior Staff
14360,Janche,Erbe,9999-01-01,Senior Staff
14372,Saniya,Srimani,9999-01-01,Engineer
14384,Tomofumi,Holburn,9999-01-01,Technique Leader
14422,Toshimo,Gadepally,9999-01-01,Senior Engineer
14434,Elvis,Maginnis,9999-01-01,Technique Leader
14439,Raimond,Woycyznski,9999-01-01,Senior Engineer
14460,Yagil,Lueh,9999-01-01,Senior Engineer
14478,Munehiro,Boissier,9999-01-01,Senior Staff
14481,Moti,Lammel,9999-01-01,Senior Engineer
14483,Supot,Marrevee,9999-01-01,Senior Engineer
14486,Indrajit,Birdsall,9999-01-01,Engineer
14498,Xiong,Selenyi,9999-01-01,Senior Staff
14501,Taizo,Kroft,9999-01-01,Technique Leader
14509,Danil,Aloia,9999-01-01,Staff
14513,Samphel,Barreiro,9999-01-01,Senior Staff
14515,Kazuhisa,Versino,9999-01-01,Engineer
14516,Kristian,Underwood,9999-01-01,Senior Staff
14518,Patricia,Peir,9999-01-01,Engineer
14522,Chuanyi,Ranta,9999-01-01,Senior Staff
14537,Babette,Engelmann,9999-01-01,Senior Engineer
14552,Ibibia,Snyers,9999-01-01,Senior Engineer
14556,Fatemeh,Zultner,9999-01-01,Assistant Engineer
14560,Elrique,Driscoll,9999-01-01,Engineer
14581,Gao,Condotta,9999-01-01,Engineer
14582,Kiyokazu,Morrin,9999-01-01,Senior Engineer
14600,Jayson,Cairo,9999-01-01,Senior Staff
14603,Lech,Marquardt,9999-01-01,Senior Engineer
14607,Suzette,Selvestrel,9999-01-01,Staff
14620,Jianhua,Erev,9999-01-01,Senior Engineer
14621,Souichi,Wixon,9999-01-01,Senior Staff
14632,Gudjon,McClurg,9999-01-01,Engineer
14639,Arvind,Hempstead,9999-01-01,Staff
14640,Toshimori,Kornatzky,9999-01-01,Senior Engineer
14642,Florian,Kuhnemann,9999-01-01,Engineer
14645,Laurentiu,Glinert,9999-01-01,Engineer
14648,IEEE,Lorys,9999-01-01,Senior Staff
14659,Sashi,Adachi,9999-01-01,Engineer
14675,Teunis,Angel,9999-01-01,Senior Staff
14677,Herbert,Sifakis,9999-01-01,Senior Engineer
14683,Alois,Basart,9999-01-01,Senior Engineer
14690,Yechezkel,Bellone,9999-01-01,Engineer
14693,Brewster,Stranks,9999-01-01,Senior Staff
14710,Mahmut,Hainaut,9999-01-01,Senior Staff
14723,Constantino,Assaf,9999-01-01,Senior Staff
14724,Aron,Lemarechal,9999-01-01,Staff
14780,Marlo,Bruckman,9999-01-01,Senior Engineer
14785,Zhonghua,Kaiser,9999-01-01,Senior Engineer
14793,Stein,Uchoa,9999-01-01,Engineer
14814,Odysseas,Nishimukai,9999-01-01,Senior Staff
14817,Gaurav,Masaki,9999-01-01,Engineer
14821,Oguz,Kilgore,9999-01-01,Engineer
14839,Changho,Cronin,9999-01-01,Senior Engineer
14853,Taiji,Nergos,9999-01-01,Senior Engineer
14877,Arto,Meriste,9999-01-01,Senior Engineer
14879,Anyuan,Sigstam,9999-01-01,Engineer
14888,Temple,Barriga,9999-01-01,Senior Staff
14899,Alejandro,Casley,9999-01-01,Staff
14906,Adil,Parveen,9999-01-01,Senior Staff
14908,Kerhong,Flanders,9999-01-01,Engineer
14909,Mohan,Kamble,9999-01-01,Engineer
14911,Xiaobin,Chelton,9999-01-01,Engineer
14914,Gretta,Benzaken,9999-01-01,Engineer
14915,Huican,Picco,9999-01-01,Engineer
14923,Shuzo,Gyorkos,9999-01-01,Technique Leader
14928,Satoru,Mukaidono,9999-01-01,Senior Staff
14941,Nathan,Lichtner,9999-01-01,Senior Engineer
14942,Heon,Benveniste,9999-01-01,Senior Engineer
14949,Insup,Reinhart,9999-01-01,Engineer
14954,Fox,Magliocco,9999-01-01,Senior Engineer
14971,Fan,Simmen,9999-01-01,Senior Staff
14983,Hyuckchul,Pouyioutas,9999-01-01,Senior Staff
14993,Sanjay,Koblitz,9999-01-01,Senior Engineer
15005,Kiam,Sadowsky,9999-01-01,Senior Engineer
15016,Woody,Gulik,9999-01-01,Senior Staff
15018,Ramalingam,Prenel,9999-01-01,Senior Staff
15019,Qingxiang,Shokrollahi,9999-01-01,Senior Engineer
15029,Giordano,Koshino,9999-01-01,Senior Staff
15030,Rasikan,Nourani,9999-01-01,Senior Staff
15036,Ziva,Delgrande,9999-01-01,Senior Engineer
15049,Khun,Waymire,9999-01-01,Senior Staff
15052,Flemming,Kranzdorf,9999-01-01,Senior Engineer
15055,Shrikanth,Sherertz,9999-01-01,Staff
15066,Tomokazu,Oaver,9999-01-01,Engineer
15069,Manton,Siksek,9999-01-01,Technique Leader
15071,Ayonca,Couchot,9999-01-01,Staff
15075,Radoslaw,Rijsenbrij,9999-01-01,Senior Engineer
15077,Toshiki,Taubenfeld,9999-01-01,Senior Engineer
15082,Guadalupe,Zirintsis,9999-01-01,Technique Leader
15087,Chirstian,Ushiama,9999-01-01,Engineer
15089,Giri,Coney,9999-01-01,Engineer
15092,Remmert,Bahi,9999-01-01,Senior Staff
15105,Sudhanshu,Itzigehl,9999-01-01,Staff
15114,Pantung,Honglei,9999-01-01,Engineer
15134,Arun,Luiz,9999-01-01,Senior Staff
15145,Haldon,Servieres,9999-01-01,Senior Engineer
15151,Urs,Pouyioutas,9999-01-01,Senior Staff
15176,Charlene,Sankaranarayanan,9999-01-01,Senior Staff
15193,Neelam,Schach,9999-01-01,Senior Engineer
15196,Souichi,Duclos,9999-01-01,Senior Engineer
15202,Pranay,Irland,9999-01-01,Engineer
15208,Sudharsan,Shokrollahi,9999-01-01,Staff
15218,Shuky,Conry,9999-01-01,Senior Staff
15228,Mona,Salvesen,9999-01-01,Senior Staff
15230,Keiichiro,Suessmith,9999-01-01,Engineer
15234,Jouko,Zhiwei,9999-01-01,Senior Engineer
15237,Reinhard,Sadowsky,9999-01-01,Senior Engineer
15243,Mountaz,Famili,9999-01-01,Staff
15248,Edwin,Baar,9999-01-01,Senior Staff
15253,Ayonca,Pardalos,9999-01-01,Engineer
15269,Eric,Reghbati,9999-01-01,Engineer
15271,Shiv,Bernardeschi,9999-01-01,Senior Staff
15292,Miyeon,Lammel,9999-01-01,Senior Staff
15324,Ziya,Lunn,9999-01-01,Engineer
15329,Fan,Openshaw,9999-01-01,Engineer
15330,Jaroslava,Chinal,9999-01-01,Senior Staff
15337,Masaru,Radivojevic,9999-01-01,Engineer
15343,Chaosheng,Luce,9999-01-01,Senior Engineer
15354,Chikara,Nyrup,9999-01-01,Staff
15365,Mikhail,Schiettecatte,9999-01-01,Senior Engineer
15369,Premal,Penttonen,9999-01-01,Staff
15370,Chuanyi,Nilsson,9999-01-01,Senior Engineer
15372,Nahum,Broder,9999-01-01,Senior Staff
15375,Shuho,Manders,9999-01-01,Staff
15377,Shugo,Aumann,9999-01-01,Senior Engineer
15382,Alassane,Siegrist,9999-01-01,Senior Staff
15392,Pradeep,Markovitch,9999-01-01,Assistant Engineer
15408,Maik,Penttonen,9999-01-01,Staff
15410,Wilmer,Kushner,9999-01-01,Senior Staff
15412,Huai,Thiria,9999-01-01,Engineer
15438,Constantijn,Munoz,9999-01-01,Senior Staff
15452,Kazuhira,Weedman,9999-01-01,Engineer
15454,Hongzue,Cesareni,9999-01-01,Staff
15470,Weiwu,Huhdanpaa,9999-01-01,Engineer
15474,Gilbert,Plumb,9999-01-01,Senior Staff
15479,Zhenbing,Soicher,9999-01-01,Engineer
15480,Kwok,Trogemann,9999-01-01,Senior Engineer
15504,Kasturi,Alpin,9999-01-01,Engineer
15505,Collette,Mikschl,9999-01-01,Senior Engineer
15510,Inderjeet,Sethi,9999-01-01,Senior Engineer
15511,George,Kowalchuk,9999-01-01,Senior Staff
15518,Uno,Valtorta,9999-01-01,Engineer
15525,Masadi,Cherinka,9999-01-01,Senior Engineer
15534,Guozhong,Grabner,9999-01-01,Staff
15543,Mingdong,Staelin,9999-01-01,Senior Engineer
15548,Sanjai,Caine,9999-01-01,Senior Engineer
15563,Constantino,Zykh,9999-01-01,Staff
15565,TRUE,Muchinsky,9999-01-01,Senior Staff
15566,Baoqiu,Azuma,9999-01-01,Senior Staff
15600,Mack,Perna,9999-01-01,Engineer
15601,Carrsten,Anily,9999-01-01,Senior Staff
15651,Huan,Iwayama,9999-01-01,Assistant Engineer
15656,Mohammad,Schaaf,9999-01-01,Senior Staff
15682,Hiroyasu,Przulj,9999-01-01,Engineer
15687,Dekang,Ambroszkiewicz,9999-01-01,Senior Staff
15703,Chenye,Hanratty,9999-01-01,Engineer
15708,Reuven,Kushnir,9999-01-01,Staff
15714,Troy,Bala,9999-01-01,Engineer
15715,Insup,Ibel,9999-01-01,Staff
15726,Zhilian,Parascandalo,9999-01-01,Staff
15739,Poorav,Bahr,9999-01-01,Engineer
15740,Stepehn,Pocchiola,9999-01-01,Senior Staff
15750,Arumugam,Bresenham,9999-01-01,Senior Engineer
15765,Tonny,Taubenfeld,9999-01-01,Engineer
15767,Baocai,Broomell,9999-01-01,Assistant Engineer
15769,Pranay,Oskamp,9999-01-01,Staff
15788,Taegyun,Deyuan,9999-01-01,Senior Engineer
15799,Manton,Gelosh,9999-01-01,Staff
15809,Mingsen,Antonisse,9999-01-01,Staff
15819,Magdalena,Rajcani,9999-01-01,Staff
15821,Aleksander,Antonakopoulos,9999-01-01,Assistant Engineer
15846,Bowen,Litecky,9999-01-01,Technique Leader
15861,Gio,Anido,9999-01-01,Senior Staff
15866,Angel,Seiwald,9999-01-01,Senior Engineer
15869,Guoxiang,Bala,9999-01-01,Senior Engineer
15876,Munehiro,Vakili,9999-01-01,Senior Engineer
15877,Yannik,Kroll,9999-01-01,Engineer
15880,Miquel,Dechter,9999-01-01,Technique Leader
15889,Sasan,Azumi,9999-01-01,Senior Engineer
15892,Lunjin,Pettis,9999-01-01,Engineer
15901,Marsja,Fargier,9999-01-01,Engineer
15902,Kazuhide,Stille,9999-01-01,Senior Staff
15905,DeForest,Petersohn,9999-01-01,Engineer
15911,Shaibal,Viele,9999-01-01,Engineer
15934,Kensyu,Shinomoto,9999-01-01,Assistant Engineer
15938,Garnik,Covnot,9999-01-01,Staff
15942,Murthy,Rosca,9999-01-01,Engineer
15943,Yakkov,Demke,9999-01-01,Senior Engineer
15945,Hauke,Larfeldt,9999-01-01,Engineer
15948,Karoline,Versino,9999-01-01,Engineer
15955,Yuguang,Dratva,9999-01-01,Senior Engineer
15971,Arumugam,Aloia,9999-01-01,Senior Engineer
15977,King,Ballarin,9999-01-01,Senior Staff
15978,Kaijung,Wielonsky,9999-01-01,Engineer
15993,Yoshimitsu,Peir,9999-01-01,Senior Engineer
16000,Marek,Demos,9999-01-01,Engineer
16018,Boutros,Papadias,9999-01-01,Engineer
16019,Chaoyi,Heystek,9999-01-01,Engineer
16025,Doowon,Luce,9999-01-01,Engineer
16028,JiYoung,Takkinen,9999-01-01,Senior Engineer
16033,Wayne,Spelt,9999-01-01,Senior Staff
16052,Maria,Rodham,9999-01-01,Engineer
16066,Marsha,Penn,9999-01-01,Senior Staff
16068,Leandro,Zongker,9999-01-01,Senior Staff
16076,Marko,Ebeling,9999-01-01,Engineer
16077,Kannan,Heemskerk,9999-01-01,Assistant Engineer
16086,Mohammad,Denos,9999-01-01,Assistant Engineer
16094,Berto,Rosar,9999-01-01,Senior Engineer
16099,Mohan,Ferretti,9999-01-01,Senior Staff
16126,Tse,Crabtree,9999-01-01,Staff
16130,Kerryn,Belinskaya,9999-01-01,Engineer
16134,Annemarie,Chaudhuri,9999-01-01,Senior Engineer
16138,Leucio,Krzyzanowski,9999-01-01,Senior Staff
16154,Monique,Docker,9999-01-01,Technique Leader
16185,Marin,Winter,9999-01-01,Technique Leader
16192,Leandro,Sigstam,9999-01-01,Senior Engineer
16201,Krassimir,Olano,9999-01-01,Technique Leader
16227,Hitomi,Vural,9999-01-01,Senior Engineer
16229,Ronnie,Lanzelotte,9999-01-01,Senior Staff
16230,Ung,Babu,9999-01-01,Senior Staff
16233,Sushant,Baba,9999-01-01,Senior Staff
16234,Jacopo,Basart,9999-01-01,Staff
16246,Makato,Masaki,9999-01-01,Engineer
16252,Carrsten,Mattern,9999-01-01,Senior Engineer
16266,Mikhail,Sethi,9999-01-01,Senior Staff
16272,Shuho,Zeleznik,9999-01-01,Assistant Engineer
16274,Sadun,Navazio,9999-01-01,Staff
16324,Billie,Bazzichi,9999-01-01,Staff
16337,Hironoby,Schaad,9999-01-01,Senior Engineer
16341,Boutros,Fendler,9999-01-01,Senior Staff
16355,Nikolaos,Luca,9999-01-01,Senior Staff
16364,Yifei,Gini,9999-01-01,Senior Staff
16365,Janalee,Mellouli,9999-01-01,Staff
16377,Duri,Stanger,9999-01-01,Engineer
16380,Zhilian,Chleq,9999-01-01,Staff
16382,Chaoyi,Talmon,9999-01-01,Senior Engineer
16383,Lidong,Czap,9999-01-01,Senior Engineer
16388,Subhankar,Georgatos,9999-01-01,Senior Staff
16397,Shimshon,Cusworth,9999-01-01,Senior Staff
16398,Limsoon,Krzyzanowski,9999-01-01,Senior Staff
16399,Apostol,Collette,9999-01-01,Senior Staff
16404,Rafols,Rabehasaina,9999-01-01,Engineer
16412,Moss,Tokunaga,9999-01-01,Technique Leader
16425,Idoia,Beerel,9999-01-01,Senior Engineer
16438,Abdulla,Demeyer,9999-01-01,Engineer
16446,Jouko,Chinin,9999-01-01,Senior Staff
16447,Zhiguo,Savasere,9999-01-01,Engineer
16448,Tsvetan,Zwicker,9999-01-01,Engineer
16453,Goncalo,Basart,9999-01-01,Senior Staff
16471,Bogdan,Birta,9999-01-01,Staff
16479,Jixiang,Eiter,9999-01-01,Staff
16486,Sanjay,Perin,9999-01-01,Staff
16487,Arunas,Yemenis,9999-01-01,Senior Staff
16490,Muzhong,Thiria,9999-01-01,Senior Staff
16491,Emdad,Radwan,9999-01-01,Staff
16504,Mong,Cromarty,9999-01-01,Senior Engineer
16510,Mototsugu,Vecchio,9999-01-01,Staff
16537,Weidon,Seiwald,9999-01-01,Senior Engineer
16539,Gretta,Fetvedt,9999-01-01,Engineer
16546,Sangeeta,Lanphier,9999-01-01,Senior Engineer
16551,Sadegh,Ranon,9999-01-01,Senior Engineer
16556,Mostafa,Hiltgen,9999-01-01,Senior Engineer
16567,Hein,Senzako,9999-01-01,Senior Staff
16570,Uta,Matzen,9999-01-01,Engineer
16580,Masaru,Valiente,9999-01-01,Senior Engineer
16607,Vishwani,Honglei,9999-01-01,Senior Staff
16619,Arvind,Boguraev,9999-01-01,Engineer
16657,Yongdong,Heyers,9999-01-01,Engineer
16658,Florian,Soicher,9999-01-01,Senior Staff
16672,Georgi,Peris,9999-01-01,Staff
16674,Duke,Takanami,9999-01-01,Technique Leader
16679,Domenick,Cummings,9999-01-01,Engineer
16683,Hatem,Ghandeharizadeh,9999-01-01,Senior Engineer
16716,Ramachenga,Zumaque,9999-01-01,Engineer
16719,Sasan,Benantar,9999-01-01,Staff
16723,Mohd,Randt,9999-01-01,Staff
16729,Kirk,Broomell,9999-01-01,Senior Staff
16731,Domenico,Versino,9999-01-01,Engineer
16759,Vojin,Masaki,9999-01-01,Senior Engineer
16799,Shigeichiro,Bamford,9999-01-01,Engineer
16801,Gila,Strooper,9999-01-01,Senior Engineer
16803,Ziva,Rohrbach,9999-01-01,Assistant Engineer
16806,Sreekrishna,Dayana,9999-01-01,Senior Staff
16808,Kiyokazu,Katiyar,9999-01-01,Senior Staff
16851,Leon,Stasinski,9999-01-01,Senior Staff
16852,Yefim,Fontet,9999-01-01,Engineer
16862,JiYoung,Eppinger,9999-01-01,Engineer
16864,Candido,Gecsel,9999-01-01,Assistant Engineer
16869,Yakkov,Huttel,9999-01-01,Senior Staff
16871,Munir,Stiles,9999-01-01,Engineer
16875,Nikolaos,Radhakrishnan,9999-01-01,Engineer
16880,Honesty,Bresenham,9999-01-01,Technique Leader
16897,Charlene,Ebeling,9999-01-01,Technique Leader
16910,Kazunori,Botman,9999-01-01,Senior Engineer
16919,Tesuya,Yurov,9999-01-01,Engineer
16921,Evgueni,Yeung,9999-01-01,Senior Staff
16954,Akhilish,Apsitis,9999-01-01,Senior Staff
16955,Sangeeta,Marrakchi,9999-01-01,Senior Staff
16969,Sanjit,Braccini,9999-01-01,Engineer
16986,Hirochika,Gecseg,9999-01-01,Senior Engineer
16988,Xiong,Peron,9999-01-01,Senior Staff
16993,Hongzue,Dahlbom,9999-01-01,Senior Staff
16999,Bezalel,Sadowsky,9999-01-01,Senior Staff
17012,Valdiodio,Petereit,9999-01-01,Senior Engineer
17018,Berhard,Tasistro,9999-01-01,Engineer
17024,Ewing,Siepmann,9999-01-01,Engineer
17041,Nishit,Montemayor,9999-01-01,Staff
17046,Fay,Kornyak,9999-01-01,Senior Engineer
17048,Christoph,Murthy,9999-01-01,Engineer
17055,Marin,Wixon,9999-01-01,Senior Engineer
17063,Anoosh,Thiran,9999-01-01,Staff
17066,Heping,Ruther,9999-01-01,Engineer
17068,Bodh,Gopalakrishnan,9999-01-01,Assistant Engineer
17072,Richara,Bala,9999-01-01,Staff
17076,Gudjon,Hitomi,9999-01-01,Senior Engineer
17078,Gill,Hinsberger,9999-01-01,Senior Staff
17081,Weiru,Murtafg,9999-01-01,Engineer
17089,Rafail,Erman,9999-01-01,Staff
17098,Xuedong,Gelosh,9999-01-01,Senior Engineer
17101,Sandeepan,Compeau,9999-01-01,Senior Engineer
17102,Radhika,Garnick,9999-01-01,Staff
17103,Takahiro,Feldmann,9999-01-01,Engineer
17120,Yifei,Polupanov,9999-01-01,Staff
17125,Akhilish,Zweizig,9999-01-01,Assistant Engineer
17126,Matk,Schapire,9999-01-01,Staff
17143,Ziyad,Munke,9999-01-01,Senior Engineer
17146,Aemilian,Barbanera,9999-01-01,Staff
17158,Danai,Vecchio,9999-01-01,Senior Engineer
17159,Quingbo,Mitchem,9999-01-01,Senior Engineer
17160,Shay,Montemayor,9999-01-01,Senior Engineer
17163,Yurii,Papsdorf,9999-01-01,Senior Engineer
17199,Vasilis,Guardalben,9999-01-01,Staff
17215,Junichi,Langford,9999-01-01,Senior Engineer
17220,Lorien,Panwar,9999-01-01,Engineer
17222,Leen,Muchinsky,9999-01-01,Engineer
17235,Ronnie,Rissanen,9999-01-01,Senior Engineer
17236,Matk,Merro,9999-01-01,Engineer
17245,Neven,Milicia,9999-01-01,Staff
17260,Abdulah,Famili,9999-01-01,Engineer
17277,Arnd,Hopewell,9999-01-01,Senior Engineer
17280,Xuejia,Merle,9999-01-01,Engineer
17285,Mario,Weiland,9999-01-01,Senior Staff
17294,Shrikanth,Pietrzykowski,9999-01-01,Engineer
17326,Arumugam,Ramsay,9999-01-01,Senior Engineer
17327,Yongmin,Gihr,9999-01-01,Senior Staff
17329,Shaunak,Tyugu,9999-01-01,Senior Engineer
17336,Shigenori,Chaudhuri,9999-01-01,Senior Engineer
17339,Fan,Mullainathan,9999-01-01,Assistant Engineer
17340,Yurii,Brookman,9999-01-01,Staff
17352,Muneo,Katiyar,9999-01-01,Senior Staff
17355,Mingzeng,Weisert,9999-01-01,Senior Engineer
17384,Youngkon,Nooteboom,9999-01-01,Staff
17387,Shir,Serra,9999-01-01,Staff
17396,Valeri,Henders,9999-01-01,Senior Engineer
17397,Kenroku,Hardjono,9999-01-01,Senior Engineer
17412,Leni,Vilarrasa,9999-01-01,Staff
17436,Chirstian,Munawer,9999-01-01,Senior Staff
17448,Makato,Belinskaya,9999-01-01,Engineer
17468,Abdelghani,Irland,9999-01-01,Senior Staff
17470,Genevieve,Lichtner,9999-01-01,Senior Engineer
17472,Murthy,Verhoeff,9999-01-01,Staff
17487,Gully,Staudhammer,9999-01-01,Assistant Engineer
17489,Karlis,Vigier,9999-01-01,Senior Staff
17500,Jinya,Bratsberg,9999-01-01,Technique Leader
17505,Gunilla,Moffat,9999-01-01,Senior Engineer
17512,Frederique,Hofmeyr,9999-01-01,Engineer
17520,Shahab,Keohane,9999-01-01,Senior Engineer
17539,Cathie,Uhrik,9999-01-01,Senior Engineer
17544,Kien,Marletta,9999-01-01,Senior Engineer
17552,Pradeep,Neiman,9999-01-01,Senior Staff
17556,Makato,Tsukuda,9999-01-01,Staff
17559,Annemarie,Papastamatiou,9999-01-01,Senior Engineer
17573,Berthier,Deverell,9999-01-01,Senior Staff
17576,Behnaam,Krybus,9999-01-01,Senior Engineer
17582,Kauko,Spieker,9999-01-01,Senior Engineer
17584,Emdad,Coorg,9999-01-01,Senior Staff
17586,Lein,Halevi,9999-01-01,Senior Staff
17629,Mostafa,Winter,9999-01-01,Senior Staff
17647,Vasilis,Swab,9999-01-01,Staff
17657,Thanasis,Zucker,9999-01-01,Engineer
17674,Adib,Braccini,9999-01-01,Engineer
17677,Mingdong,Ramalingam,9999-01-01,Engineer
17683,Bernt,Henders,9999-01-01,Senior Staff
17696,Feiyu,Kusalik,9999-01-01,Engineer
17699,Radhia,Heping,9999-01-01,Engineer
17704,Vatsa,Broomell,9999-01-01,Staff
17705,Toshimo,Mellouli,9999-01-01,Technique Leader
17711,Owen,Katiyar,9999-01-01,Engineer
17716,Josyula,Vitiello,9999-01-01,Senior Engineer
17728,Tsuneo,Lienhardt,9999-01-01,Staff
17742,Tru,Cappelletti,9999-01-01,Senior Staff
17745,Hatem,Schreiter,9999-01-01,Engineer
17778,Chirstian,Matzov,9999-01-01,Senior Staff
17791,Matt,Stifter,9999-01-01,Senior Staff
17798,Guangming,Suessmith,9999-01-01,Senior Staff
17807,Jianhua,Glowinski,9999-01-01,Senior Engineer
17815,Shuji,Wissmann,9999-01-01,Engineer
17816,Toshimo,Kenevan,9999-01-01,Senior Engineer
17834,Zhilian,Fiutem,9999-01-01,Engineer
17840,Tonny,Sherertz,9999-01-01,Senior Engineer
17841,Hilary,Ramaiah,9999-01-01,Senior Engineer
17849,Mandell,Varker,9999-01-01,Staff
17869,Xiaocheng,Prochazka,9999-01-01,Assistant Engineer
17871,Ebbe,Hedayat,9999-01-01,Engineer
17874,Rutger,Minakawa,9999-01-01,Senior Staff
17891,Isaac,Luiz,9999-01-01,Engineer
17900,Sakthirel,Belinskaya,9999-01-01,Engineer
17907,Kotesh,Bernini,9999-01-01,Senior Staff
17916,Sukumar,Morrin,9999-01-01,Engineer
17925,Adamantios,Baezner,9999-01-01,Senior Engineer
17973,Sanjit,Beidas,9999-01-01,Senior Engineer
17986,Oguz,Angelopoulos,9999-01-01,Staff
17995,Oldrich,Vickson,9999-01-01,Senior Staff
18006,Vidya,Hanabata,9999-01-01,Senior Staff
18013,Jiong,Shanbhogue,9999-01-01,Engineer
18016,Somnath,Kaminger,9999-01-01,Senior Staff
18018,Sasan,Schrooten,9999-01-01,Senior Staff
18020,Adhemar,Pelz,9999-01-01,Senior Staff
18030,Jasminko,Brookner,9999-01-01,Senior Engineer
18065,Chriss,Wroclawski,9999-01-01,Senior Staff
18075,Lein,Goodrum,9999-01-01,Senior Engineer
18080,Satyanarayana,Rosar,9999-01-01,Engineer
18099,Kazuhiko,Fendler,9999-01-01,Technique Leader
18108,Sanjai,Genin,9999-01-01,Staff
18123,Kristinn,Hitomi,9999-01-01,Staff
18130,Claudi,Cairo,9999-01-01,Senior Staff
18134,Ult,Pesch,9999-01-01,Senior Engineer
18138,Moni,Baezner,9999-01-01,Staff
18155,Dayanand,Danlos,9999-01-01,Engineer
18181,Gregory,Beerel,9999-01-01,Senior Staff
18208,Demin,Irland,9999-01-01,Senior Staff
18210,Mabo,Radhakrishnan,9999-01-01,Engineer
18212,Constantino,Journel,9999-01-01,Senior Staff
18223,Gully,Mitchem,9999-01-01,Senior Staff
18237,Limsoon,Tramer,9999-01-01,Engineer
18242,Shichao,Demian,9999-01-01,Senior Engineer
18251,Alair,Panangaden,9999-01-01,Senior Staff
18261,Shridhar,Baak,9999-01-01,Senior Engineer
18274,Yefim,Karnin,9999-01-01,Staff
18297,Guther,Nastansky,9999-01-01,Senior Staff
18310,Ioana,Dalton,9999-01-01,Senior Engineer
18316,Hongzue,Msuda,9999-01-01,Senior Engineer
18322,Tonia,Lueh,9999-01-01,Assistant Engineer
18323,Oddvar,Tiemann,9999-01-01,Senior Engineer
18333,Munehiro,Plesums,9999-01-01,Engineer
18375,Gian,Debuse,9999-01-01,Senior Staff
18376,Wayne,Stranks,9999-01-01,Engineer
18382,Remko,Mattern,9999-01-01,Engineer
18393,Wuxu,Aseltine,9999-01-01,Engineer
18401,Vidya,Itzfeldt,9999-01-01,Staff
18402,Bernice,Ritzmann,9999-01-01,Senior Staff
18427,Kiyomitsu,Qiwen,9999-01-01,Senior Staff
18438,Chiradeep,Iacovou,9999-01-01,Assistant Engineer
18443,Florina,Swick,9999-01-01,Senior Staff
18448,Rosine,Bazelow,9999-01-01,Senior Engineer
18450,Takahito,Hoppenstand,9999-01-01,Staff
18454,Eric,Anido,9999-01-01,Staff
18459,Shuzo,Kavanagh,9999-01-01,Senior Staff
18468,Kirk,Cunliffe,9999-01-01,Senior Engineer
18478,Mitsuyuki,Stranks,9999-01-01,Senior Engineer
18503,Mechthild,Marletta,9999-01-01,Senior Engineer
18511,Pascal,Marzano,9999-01-01,Senior Engineer
18532,Joydip,Onuegbe,9999-01-01,Staff
18542,Tiina,Anido,9999-01-01,Engineer
18547,Gladys,Sankaranarayanan,9999-01-01,Engineer
18571,Xinglin,Flowers,9999-01-01,Engineer
18573,Zongyan,Baca,9999-01-01,Staff
18580,Mabo,Bamford,9999-01-01,Assistant Engineer
18581,Mitsuyuki,Ranai,9999-01-01,Staff
18663,Rafols,Sridhar,9999-01-01,Senior Engineer
18664,Itzchak,Akaboshi,9999-01-01,Senior Staff
18666,Hitofumi,Baja,9999-01-01,Staff
18671,Shan,Nastansky,9999-01-01,Senior Engineer
18673,Ohad,Orlowski,9999-01-01,Engineer
18679,Roded,Lambe,9999-01-01,Senior Staff
18701,Mori,Ratnakar,9999-01-01,Staff
18706,Debaprosad,Schicker,9999-01-01,Senior Staff
18725,Cullen,Marchegay,9999-01-01,Senior Staff
18728,Tzvetan,Luft,9999-01-01,Engineer
18770,Fei,Yurek,9999-01-01,Engineer
18771,Domenick,Haraldson,9999-01-01,Senior Staff
18775,Shay,Akazan,9999-01-01,Senior Engineer
18784,Pohua,Hempstead,9999-01-01,Senior Staff
18786,Guozhong,Veevers,9999-01-01,Senior Engineer
18789,Reinhold,Domenig,9999-01-01,Senior Staff
18790,Florina,Rahier,9999-01-01,Senior Engineer
18799,Kshitij,Lunn,9999-01-01,Staff
18806,Akhilish,Petereit,9999-01-01,Senior Staff
18809,Laurentiu,Munoz,9999-01-01,Senior Staff
18811,Cheong,Oxenboll,9999-01-01,Staff
18817,Kristin,Xiaoshan,9999-01-01,Staff
18833,Roded,Majewski,9999-01-01,Engineer
18835,Uwe,Lieblein,9999-01-01,Engineer
18866,Fumiyo,Hettesheimer,9999-01-01,Assistant Engineer
18888,Sajjan,Stassinopoulos,9999-01-01,Engineer
18890,Pasqua,Litecky,9999-01-01,Senior Staff
18919,Remco,Stille,9999-01-01,Engineer
18921,Maren,Radwan,9999-01-01,Engineer
18927,Muneo,Msuda,9999-01-01,Senior Engineer
18933,Barun,Panienski,9999-01-01,Assistant Engineer
18943,Anneli,Rando,9999-01-01,Senior Staff
18946,Gio,Warwick,9999-01-01,Senior Engineer
18955,Ziya,Flexer,9999-01-01,Senior Engineer
18979,Girolamo,Fujisawa,9999-01-01,Senior Engineer
18980,Weiye,Kawashimo,9999-01-01,Senior Engineer
18986,Pintsang,Babu,9999-01-01,Senior Staff
18989,Goh,Quittner,9999-01-01,Staff
18994,Leszek,Mitsuhashi,9999-01-01,Senior Staff
19006,Martina,Hempstead,9999-01-01,Senior Engineer
19012,Gal,Panangaden,9999-01-01,Senior Staff
19014,Jiafu,Danecki,9999-01-01,Senior Staff
19027,Ferdinand,Nanard,9999-01-01,Senior Engineer
19029,Khosrow,Jiang,9999-01-01,Engineer
19031,Rosella,Pollock,9999-01-01,Senior Staff
19035,Fuqing,Bellone,9999-01-01,Senior Engineer
19036,Sampalli,Vesna,9999-01-01,Staff
19037,Lucien,Bernardeschi,9999-01-01,Senior Engineer
19042,Rosita,Levergood,9999-01-01,Senior Engineer
19048,Nikolaus,Radhakrishnan,9999-01-01,Staff
19049,Breannda,Picht,9999-01-01,Senior Staff
19051,Marek,Cappello,9999-01-01,Technique Leader
19076,Hein,Ferretti,9999-01-01,Senior Staff
19089,Badri,Ellozy,9999-01-01,Senior Engineer
19109,Jenwei,Denis,9999-01-01,Staff
19114,Jayson,Pietracaprina,9999-01-01,Staff
19120,Giri,Qiwen,9999-01-01,Engineer
19129,Bowen,Jiafu,9999-01-01,Technique Leader
19134,Seongbin,Bakhtari,9999-01-01,Senior Staff
19147,Chaitali,Bennis,9999-01-01,Senior Staff
19151,Jeanne,Peral,9999-01-01,Senior Staff
19154,Inderjeet,Denna,9999-01-01,Senior Staff
19160,Tetsurou,Jervis,9999-01-01,Senior Staff
19162,Chinho,Fadgyas,9999-01-01,Technique Leader
19192,Yinlin,Schusler,9999-01-01,Senior Engineer
19201,Arto,Sommen,9999-01-01,Staff
19205,Moto,Sinitsyn,9999-01-01,Staff
19206,Wanqing,Pellegrinelli,9999-01-01,Engineer
19209,Berhard,Encarnacion,9999-01-01,Staff
19244,Guenter,Vitiello,9999-01-01,Staff
19249,Saniya,Iivonen,9999-01-01,Senior Engineer
19259,Anoosh,Pelc,9999-01-01,Engineer
19268,Adit,Papastamatiou,9999-01-01,Senior Engineer
19294,IEEE,Schoegge,9999-01-01,Technique Leader
19310,Bouchung,Guerreiro,9999-01-01,Senior Engineer
19318,Xianlong,Halevi,9999-01-01,Senior Staff
19328,Yannik,Smeets,9999-01-01,Engineer
19329,Alair,Marletta,9999-01-01,Senior Engineer
19332,Changho,Khamsi,9999-01-01,Engineer
19333,Sanjeeva,Schrooten,9999-01-01,Senior Engineer
19335,Susanta,Khalid,9999-01-01,Senior Staff
19353,Mayumi,Schaar,9999-01-01,Senior Engineer
19356,Masato,Prenel,9999-01-01,Senior Staff
19381,Xiahua,Holburn,9999-01-01,Senior Staff
19393,Boaz,Back,9999-01-01,Senior Staff
19394,Charmane,Bahl,9999-01-01,Staff
19397,Arnd,Diderrich,9999-01-01,Staff
19406,Sakthirel,Lindenbaum,9999-01-01,Senior Engineer
19419,Palash,Bernardeschi,9999-01-01,Senior Staff
19422,Florian,Budinsky,9999-01-01,Engineer
19425,Xuejia,Pettey,9999-01-01,Senior Engineer
19453,Baoqiu,Buescher,9999-01-01,Senior Staff
19454,Taisook,Hutter,9999-01-01,Senior Staff
19467,Mitchel,Ecklund,9999-01-01,Staff
19487,Huiqun,Cannane,9999-01-01,Senior Engineer
19488,Maris,Perly,9999-01-01,Senior Engineer
19493,Caolyn,Tramer,9999-01-01,Engineer
19501,Kokou,Baranowski,9999-01-01,Senior Staff
19503,Jaana,Papsdorf,9999-01-01,Senior Engineer
19511,Jamaludin,Fujisaki,9999-01-01,Senior Staff
19515,Keiichiro,Gurbaxani,9999-01-01,Engineer
19518,Genta,Vieri,9999-01-01,Staff
19543,Chaitali,Perl,9999-01-01,Senior Engineer
19546,Kwan,Penz,9999-01-01,Engineer
19565,Zito,Riesenhuber,9999-01-01,Assistant Engineer
19580,Stein,Tagansky,9999-01-01,Senior Staff
19583,Edwin,Veccia,9999-01-01,Senior Staff
19586,Hirochika,Minakawa,9999-01-01,Senior Engineer
19602,Sandeepan,Olivero,9999-01-01,Senior Engineer
19612,Chenxi,Erdmenger,9999-01-01,Senior Staff
19616,Niranjan,Uchoa,9999-01-01,Engineer
19617,Mircea,Landherr,9999-01-01,Assistant Engineer
19621,Radhakrishnan,Albarhamtoshy,9999-01-01,Senior Engineer
19624,Younwoo,Wolniewicz,9999-01-01,Staff
19629,Stepehn,Matzke,9999-01-01,Senior Staff
19633,Tayeb,Nourani,9999-01-01,Engineer
19634,Phuoc,Etalle,9999-01-01,Senior Staff
19637,Dipayan,Papastamatiou,9999-01-01,Senior Engineer
19639,Sibyl,Terlouw,9999-01-01,Senior Staff
19640,Tonny,Francisci,9999-01-01,Engineer
19644,Jackson,Isaac,9999-01-01,Senior Engineer
19653,Gay,Crooks,9999-01-01,Technique Leader
19661,Sangeeta,Speckmann,9999-01-01,Senior Staff
19663,Sverrir,Navazio,9999-01-01,Senior Staff
19665,Khalid,Zielinski,9999-01-01,Technique Leader
19667,Munenori,Matzel,9999-01-01,Staff
19669,Shem,Honiden,9999-01-01,Senior Staff
19674,Mart,Varley,9999-01-01,Staff
19675,Isamu,Herath,9999-01-01,Senior Staff
19678,Xiping,Plotkin,9999-01-01,Engineer
19708,Ortrud,Biros,9999-01-01,Staff
19709,Xiaopeng,Asmuth,9999-01-01,Senior Engineer
19712,Kristine,Litzler,9999-01-01,Staff
19720,Kwangyoen,Maksimenko,9999-01-01,Senior Engineer
19723,Xuejun,Magalhaes,9999-01-01,Senior Staff
19724,Visit,Hasham,9999-01-01,Staff
19728,Candido,Ramsey,9999-01-01,Staff
19737,Harngdar,Cools,9999-01-01,Engineer
19738,Giri,Sury,9999-01-01,Staff
19744,Aleksander,Skafidas,9999-01-01,Senior Engineer
19758,Rildo,Birdsall,9999-01-01,Senior Engineer
19766,Saeed,Munke,9999-01-01,Staff
19771,Aral,Katalagarianos,9999-01-01,Staff
19777,Halsur,Ferretti,9999-01-01,Staff
19791,Kankanahalli,Azulay,9999-01-01,Senior Engineer
19804,Tamiya,Benzmuller,9999-01-01,Staff
19814,Subhrajyoti,Rosaz,9999-01-01,Staff
19826,Fox,Christ,9999-01-01,Senior Staff
19828,Dannz,Maliniak,9999-01-01,Engineer
19839,Tadahiro,Hempstead,9999-01-01,Engineer
19841,Adil,Straney,9999-01-01,Staff
19843,Mohamadou,Peir,9999-01-01,Staff
19849,Weicheng,Serre,9999-01-01,Staff
19874,Xuejia,Kuzuoka,9999-01-01,Senior Staff
19882,Thanasis,Demri,9999-01-01,Staff
19901,Tsvetan,Stasinski,9999-01-01,Senior Staff
19904,Mototsugu,Rosenbaum,9999-01-01,Engineer
19933,Taizo,Bharadwaj,9999-01-01,Staff
19940,Reinhard,Einsfeld,9999-01-01,Staff
19943,Shimshon,Schoegge,9999-01-01,Technique Leader
19946,Owen,Levasseur,9999-01-01,Staff
19950,Jaroslava,Kusakari,9999-01-01,Engineer
19955,IEEE,Conry,9999-01-01,Senior Staff
19975,Mabry,Geffroy,9999-01-01,Senior Engineer
19982,Khatoun,Baba,9999-01-01,Engineer
19984,Zhonghui,Taubenfeld,9999-01-01,Senior Engineer
19996,Berni,Chinen,9999-01-01,Senior Engineer
20006,Geoff,Birnbaum,9999-01-01,Senior Engineer
20013,Jaewoo,Lanphier,9999-01-01,Engineer
20022,Felicidad,Bellone,9999-01-01,Engineer
20024,Martine,Kambil,9999-01-01,Engineer
20037,Tse,VanScheik,9999-01-01,Engineer
20039,Udo,Harbusch,9999-01-01,Senior Staff
20042,Margareta,Munck,9999-01-01,Senior Staff
20043,Chikara,Adachi,9999-01-01,Engineer
20055,Hairong,Swiss,9999-01-01,Senior Staff
20059,Pranay,Panwar,9999-01-01,Technique Leader
20060,Chrisa,Attimonelli,9999-01-01,Senior Engineer
20063,Guttorm,Carrere,9999-01-01,Staff
20065,Mana,Onuegbe,9999-01-01,Staff
20068,Masali,Rouquie,9999-01-01,Senior Engineer
20069,Guenter,Huhdanpaa,9999-01-01,Staff
20075,Mikhail,Oberman,9999-01-01,Senior Engineer
20091,Janalee,Bach,9999-01-01,Staff
20117,Yoshimitsu,Hanabata,9999-01-01,Engineer
20119,Josyula,Shigei,9999-01-01,Technique Leader
20121,Oldrich,Bazelow,9999-01-01,Staff
20148,Ibibia,Polupanov,9999-01-01,Senior Staff
20159,Isamu,Valiente,9999-01-01,Technique Leader
20169,Gil,Zuberek,9999-01-01,Senior Engineer
20170,Emdad,Himler,9999-01-01,Senior Staff
20171,Kazuhira,Murtha,9999-01-01,Engineer
20181,Thodoros,Wegerle,9999-01-01,Staff
20186,Jianhua,Narahari,9999-01-01,Senior Engineer
20189,Mark,Nanard,9999-01-01,Engineer
20218,Ioana,Gihr,9999-01-01,Senior Engineer
20222,Baziley,Rettelbach,9999-01-01,Senior Staff
20245,Halsur,Fujisawa,9999-01-01,Senior Engineer
20251,Cristinel,Unno,9999-01-01,Engineer
20259,Yannik,Bratten,9999-01-01,Senior Engineer
20265,Amalendu,Willoner,9999-01-01,Senior Engineer
20266,Ekawit,Kakkad,9999-01-01,Senior Staff
20284,Monique,Parascandalo,9999-01-01,Senior Engineer
20305,Gou,Birnbaum,9999-01-01,Senior Staff
20316,Kellie,Krybus,9999-01-01,Staff
20325,Katsuyuki,England,9999-01-01,Staff
20334,Miquel,Frijda,9999-01-01,Technique Leader
20336,Magy,Wolniewicz,9999-01-01,Engineer
20339,Masami,Jumpertz,9999-01-01,Senior Engineer
20346,Jeong,Antonakopoulos,9999-01-01,Senior Engineer
20358,Arve,Peir,9999-01-01,Senior Engineer
20367,Bernt,Takanami,9999-01-01,Senior Engineer
20368,Denis,Samarati,9999-01-01,Senior Staff
20392,Terresa,Sidje,9999-01-01,Senior Engineer
20402,Szabolcs,Shrader,9999-01-01,Senior Engineer
20403,Rildo,Reinhard,9999-01-01,Engineer
20407,Pranas,Genther,9999-01-01,Senior Engineer
20408,Debatosh,Smailagic,9999-01-01,Senior Engineer
20425,TRUE,Schapiro,9999-01-01,Staff
20435,Oguz,Homond,9999-01-01,Staff
20436,Rasiah,Kavraki,9999-01-01,Senior Staff
20450,Abdelwaheb,Binkley,9999-01-01,Senior Engineer
20454,Nidapan,Gunderson,9999-01-01,Senior Engineer
20456,Sigeru,Highland,9999-01-01,Engineer
20489,Boguslaw,Garrabrants,9999-01-01,Senior Engineer
20490,Soenke,Douceur,9999-01-01,Senior Staff
20494,Lucien,Pagter,9999-01-01,Staff
20498,Suvo,Gini,9999-01-01,Senior Engineer
20528,Dines,Bednarek,9999-01-01,Senior Staff
20530,Nevio,Katiyar,9999-01-01,Engineer
20534,Rosita,Kalloufi,9999-01-01,Senior Staff
20545,Woody,Chaudhury,9999-01-01,Staff
20548,Edwin,Bugrara,9999-01-01,Staff
20550,Koichi,Kabayashi,9999-01-01,Technique Leader
20558,Toong,Panangaden,9999-01-01,Senior Staff
20585,Bernd,Butterworth,9999-01-01,Engineer
20586,Akeel,Clouatre,9999-01-01,Engineer
20602,Martins,Dratva,9999-01-01,Engineer
20606,Marjo,Speer,9999-01-01,Senior Staff
20621,Arumugam,Navazio,9999-01-01,Senior Staff
20624,Xiong,Nanard,9999-01-01,Assistant Engineer
20625,Uno,Cusworth,9999-01-01,Engineer
20626,Hercules,Varman,9999-01-01,Senior Engineer
20631,Masaki,Heiserman,9999-01-01,Technique Leader
20635,Fumino,Baja,9999-01-01,Engineer
20636,Hsiangchu,Collavizza,9999-01-01,Staff
20651,Alexius,Vickson,9999-01-01,Engineer
20666,Shushma,Linares,9999-01-01,Engineer
20674,Maria,Avouris,9999-01-01,Senior Staff
20693,Yefim,Flasterstein,9999-01-01,Senior Engineer
20708,Aemilian,Arlazarov,9999-01-01,Staff
20716,Nikolaos,Basart,9999-01-01,Staff
20728,Billie,Sessa,9999-01-01,Senior Staff
20751,Nitsan,Zyda,9999-01-01,Staff
20755,Jungsoon,Szilard,9999-01-01,Engineer
20757,Ingemar,Taubman,9999-01-01,Engineer
20765,Steve,Viele,9999-01-01,Staff
20766,Chenyi,Conry,9999-01-01,Senior Engineer
20793,Pranav,Luft,9999-01-01,Senior Engineer
20794,Shaz,Rathonyi,9999-01-01,Engineer
20813,Srinidhi,Sinicrope,9999-01-01,Senior Staff
20820,Otilia,DeMori,9999-01-01,Senior Engineer
20828,Brewster,Sewelson,9999-01-01,Staff
20836,Jingling,Alameldin,9999-01-01,Senior Staff
20857,Jinxi,Werthner,9999-01-01,Senior Staff
20860,Szabolcs,Michaels,9999-01-01,Senior Engineer
20881,Duangkaew,Hainaut,9999-01-01,Engineer
20903,Yagil,Kemmerer,9999-01-01,Senior Engineer
20923,Menkae,Miara,9999-01-01,Staff
20929,Along,Hebden,9999-01-01,Senior Engineer
20958,Ashish,Eiron,9999-01-01,Senior Engineer
20964,Clyde,Erez,9999-01-01,Staff
20965,Tadanori,Bahl,9999-01-01,Senior Engineer
20968,Nimmagadda,Rijsenbrij,9999-01-01,Technique Leader
20974,Hisao,Yavatkar,9999-01-01,Staff
20979,Pradeep,Kumaresan,9999-01-01,Senior Staff
20987,Domenick,Rabejac,9999-01-01,Staff
21007,Christfried,Junet,9999-01-01,Senior Staff
21011,Demin,Zedlitz,9999-01-01,Engineer
21019,Oksana,Brodie,9999-01-01,Staff
21037,Kensei,Casley,9999-01-01,Senior Staff
21044,Mack,Rajala,9999-01-01,Senior Engineer
21054,Saeko,Sichman,9999-01-01,Engineer
21078,Shaw,Bolotov,9999-01-01,Engineer
21092,Chikara,Montresor,9999-01-01,Senior Engineer
21109,Lech,Chenoweth,9999-01-01,Senior Engineer
21110,Shaowei,Solares,9999-01-01,Staff
21127,Ziyad,Coorg,9999-01-01,Senior Engineer
21133,Carrsten,Brizzi,9999-01-01,Senior Staff
21138,Niteen,Haraldson,9999-01-01,Staff
21143,Mayumi,Hennings,9999-01-01,Senior Staff
21157,Jouko,Demos,9999-01-01,Engineer
21161,Irena,Moffat,9999-01-01,Senior Staff
21165,Mingdong,Pfau,9999-01-01,Engineer
21171,Emdad,Bressoud,9999-01-01,Staff
21192,Sajjad,Krohm,9999-01-01,Senior Engineer
21206,Krisda,Walstra,9999-01-01,Assistant Engineer
21210,Yechiam,Gelosh,9999-01-01,Technique Leader
21214,Weiru,Angelov,9999-01-01,Engineer
21229,Vasilis,Collavizza,9999-01-01,Engineer
21239,Krister,Chinin,9999-01-01,Senior Staff
21251,Fatemeh,Riexinger,9999-01-01,Senior Engineer
21255,Jaewon,Baba,9999-01-01,Staff
21275,Waiman,Suppi,9999-01-01,Senior Staff
21288,Nechama,Wendorf,9999-01-01,Engineer
21312,Mani,Bahi,9999-01-01,Assistant Engineer
21321,Laurentiu,Raney,9999-01-01,Senior Engineer
21336,Satosi,Veccia,9999-01-01,Technique Leader
21347,Francesca,Ghalwash,9999-01-01,Senior Staff
21361,Shooichi,Lally,9999-01-01,Staff
21363,Katsuyuki,Theuretzbacher,9999-01-01,Senior Engineer
21373,Gonzalo,Awdeh,9999-01-01,Engineer
21391,Zijian,Pagter,9999-01-01,Senior Engineer
21396,Shaw,Manderick,9999-01-01,Senior Engineer
21402,Guadalupe,Gecsei,9999-01-01,Engineer
21409,Hongzhu,Yoshimura,9999-01-01,Staff
21413,Laurentiu,Sherertz,9999-01-01,Senior Staff
21421,Avishai,Yoshizawa,9999-01-01,Staff
21432,Kerhong,Weisert,9999-01-01,Staff
21444,Caolyn,Cronan,9999-01-01,Senior Engineer
21454,Zsolt,Pocchiola,9999-01-01,Senior Staff
21470,Kousuke,Botman,9999-01-01,Senior Staff
21479,Jeane,Kuszyk,9999-01-01,Senior Engineer
21505,Etsuo,Delaune,9999-01-01,Senior Engineer
21507,Mansur,Benzmuller,9999-01-01,Senior Staff
21512,Pohua,Gornas,9999-01-01,Engineer
21518,Minghong,Slaats,9999-01-01,Staff
21523,Eldridge,Lores,9999-01-01,Engineer
21527,DeForest,Yurov,9999-01-01,Senior Engineer
21542,Miomir,Sherertz,9999-01-01,Senior Staff
21547,Fatemeh,Crooks,9999-01-01,Senior Engineer
21548,Maren,Gimbel,9999-01-01,Senior Engineer
21555,Uinam,Biron,9999-01-01,Senior Engineer
21566,Angel,Demos,9999-01-01,Senior Staff
21580,Debatosh,Morton,9999-01-01,Engineer
21583,Elliott,Fasbender,9999-01-01,Senior Staff
21585,Shalesh,Gelosh,9999-01-01,Engineer
21588,Licheng,Masamoto,9999-01-01,Staff
21609,Sibyl,Pappas,9999-01-01,Senior Staff
21612,Martial,Bardell,9999-01-01,Staff
21615,Shirish,Morrey,9999-01-01,Technique Leader
21636,Munir,Erde,9999-01-01,Senior Staff
21639,Caolyn,Domenig,9999-01-01,Engineer
21642,Shaz,Erman,9999-01-01,Senior Engineer
21643,Yuuichi,Maksimenko,9999-01-01,Engineer
21646,Gila,Guardalben,9999-01-01,Engineer
21648,Mayuko,Fandrianto,9999-01-01,Senior Staff
21660,Kwan,Casperson,9999-01-01,Senior Engineer
21663,Eberhardt,Serra,9999-01-01,Technique Leader
21666,Remzi,Kroon,9999-01-01,Engineer
21674,Kannan,Naumovich,9999-01-01,Technique Leader
21675,Vishu,Genin,9999-01-01,Engineer
21677,Zhensheng,Kavvadias,9999-01-01,Staff
21683,Jiang,Velasco,9999-01-01,Staff
21686,Kinh,Jansch,9999-01-01,Assistant Engineer
21692,Reinhard,Hitomi,9999-01-01,Senior Engineer
21693,Palash,Schurmann,9999-01-01,Staff
21697,Billur,Luke,9999-01-01,Staff
21704,Xiaobin,Chorvat,9999-01-01,Assistant Engineer
21705,Aleksandar,Luon,9999-01-01,Staff
21708,Angel,Lichtner,9999-01-01,Senior Engineer
21713,Guther,Boreale,9999-01-01,Staff
21741,Muneo,Raoux,9999-01-01,Senior Engineer
21751,Uinam,Savasere,9999-01-01,Technique Leader
21754,Kenroku,Jonsson,9999-01-01,Engineer
21758,Susumu,Picht,9999-01-01,Senior Staff
21767,Supot,Lieblein,9999-01-01,Senior Staff
21783,Domenick,Qiwen,9999-01-01,Senior Engineer
21808,Arra,Bharadwaj,9999-01-01,Senior Staff
21820,Sanjay,Khasidashvili,9999-01-01,Senior Staff
21832,Suzette,Vecchio,9999-01-01,Senior Staff
21835,Mang,Luck,9999-01-01,Senior Engineer
21848,Atreyi,Zhang,9999-01-01,Engineer
21851,Falguni,Budinsky,9999-01-01,Staff
21859,Padma,Swen,9999-01-01,Engineer
21877,Brigham,Biran,9999-01-01,Engineer
21897,Sampalli,Kavanagh,9999-01-01,Staff
21908,Fen,Parfitt,9999-01-01,Assistant Engineer
21920,Naftali,Schneeberger,9999-01-01,Senior Engineer
21926,Boguslaw,Aloisi,9999-01-01,Engineer
21980,Gen,Miyakawa,9999-01-01,Senior Staff
21984,Martine,Lemarechal,9999-01-01,Staff
21987,Dipankar,Fontet,9999-01-01,Staff
21994,Lech,Babb,9999-01-01,Senior Staff
22008,Karlis,Ferretti,9999-01-01,Senior Staff
22012,DeForest,Armand,9999-01-01,Engineer
22023,Mart,Vidya,9999-01-01,Staff
22024,Weidon,Flexer,9999-01-01,Senior Engineer
22030,Lokesh,Hockney,9999-01-01,Senior Staff
22054,Ottavia,Benveniste,9999-01-01,Senior Staff
22066,Nakhoon,Roison,9999-01-01,Senior Engineer
22072,Kasturi,Pettit,9999-01-01,Senior Engineer
22081,Constantine,Baar,9999-01-01,Senior Engineer
22095,Breannda,Schlumberger,9999-01-01,Senior Staff
22100,Vishwani,Spataro,9999-01-01,Senior Staff
22111,Rasiah,Felcyn,9999-01-01,Staff
22121,Saeed,Pfau,9999-01-01,Staff
22133,Annemarie,Bernardeschi,9999-01-01,Senior Staff
22135,Guiseppe,Nyrup,9999-01-01,Staff
22136,Naftali,Thiran,9999-01-01,Staff
22140,Susanne,Reghbati,9999-01-01,Staff
22146,Volkmar,Suermann,9999-01-01,Technique Leader
22150,Kristina,Zweizig,9999-01-01,Senior Staff
22165,Alenka,Emiris,9999-01-01,Staff
22179,Rosine,Garnick,9999-01-01,Senior Staff
22180,Iara,Luef,9999-01-01,Engineer
22190,Berry,Perna,9999-01-01,Technique Leader
22210,Christoph,Pouyioutas,9999-01-01,Staff
22216,Thodoros,Cooley,9999-01-01,Assistant Engineer
22224,Brendon,Rohrbach,9999-01-01,Staff
22226,Bangqing,Vigier,9999-01-01,Staff
22234,Arno,Narwekar,9999-01-01,Engineer
22255,Kristian,Merel,9999-01-01,Engineer
22263,Xiahua,Claffy,9999-01-01,Senior Staff
22265,Yonghong,Claffy,9999-01-01,Senior Engineer
22269,Berto,Reeken,9999-01-01,Senior Staff
22271,Sampalli,Kushnir,9999-01-01,Engineer
22282,Shaz,Streit,9999-01-01,Senior Staff
22292,Ekawit,Bernardinello,9999-01-01,Senior Staff
22303,Garnik,Lortz,9999-01-01,Senior Engineer
22309,Lena,Liedekerke,9999-01-01,Engineer
22325,Susanta,Hebden,9999-01-01,Staff
22326,Mani,Skafidas,9999-01-01,Senior Staff
22332,Rosine,Hebden,9999-01-01,Staff
22337,Leszek,Picci,9999-01-01,Staff
22367,Terresa,Barinka,9999-01-01,Senior Engineer
22370,Aloys,Oxenboll,9999-01-01,Staff
22372,Mitchel,Bugrara,9999-01-01,Senior Engineer
22374,Soenke,Klassen,9999-01-01,Senior Staff
22375,Snehasis,Kulisch,9999-01-01,Technique Leader
22381,Uma,Openshaw,9999-01-01,Senior Staff
22405,Gritta,Parveen,9999-01-01,Senior Staff
22416,Feiyu,Syrotiuk,9999-01-01,Senior Staff
22424,Krister,Engelmann,9999-01-01,Assistant Engineer
22429,Franziska,Terekhov,9999-01-01,Senior Engineer
22437,Xiaoqiu,Orsini,9999-01-01,Senior Engineer
22440,Odinaldo,Restivo,9999-01-01,Staff
22443,Mari,Baja,9999-01-01,Technique Leader
22480,Boaz,Mikschl,9999-01-01,Senior Staff
22482,Perla,Parascandalo,9999-01-01,Senior Engineer
22496,Yongqiao,Yavatkar,9999-01-01,Senior Engineer
22509,Zejun,Shumilov,9999-01-01,Engineer
22511,Sadun,Isard,9999-01-01,Engineer
22520,Mokhtar,Ranka,9999-01-01,Engineer
22536,Sukumar,Andreotta,9999-01-01,Senior Engineer
22549,Reinhard,Michaels,9999-01-01,Staff
22557,Abdulla,Luon,9999-01-01,Senior Staff
22593,Danae,Jeansoulin,9999-01-01,Staff
22596,Slavian,Wegerle,9999-01-01,Engineer
22601,Shigenori,Staelin,9999-01-01,Staff
22609,Zvonko,Baalen,9999-01-01,Staff
22617,Uli,Tibblin,9999-01-01,Senior Engineer
22620,Terresa,Dusink,9999-01-01,Staff
22623,Tommaso,Champarnaud,9999-01-01,Engineer
22625,Weicheng,Pleszkun,9999-01-01,Senior Engineer
22649,Reuven,Driscoll,9999-01-01,Senior Engineer
22663,Bokyung,Fargier,9999-01-01,Engineer
22682,Kristina,Ananiadou,9999-01-01,Senior Engineer
22691,Morris,Bottner,9999-01-01,Senior Staff
22702,Faiza,Reeken,9999-01-01,Senior Engineer
22716,Sreekrishna,Waymire,9999-01-01,Engineer
22720,Olivera,Gornas,9999-01-01,Senior Staff
22726,Steve,Shanbhogue,9999-01-01,Senior Staff
22728,Makato,Codenie,9999-01-01,Staff
22730,Premal,Basart,9999-01-01,Senior Staff
22735,Paddy,Diderrich,9999-01-01,Senior Engineer
22744,Berna,Spelt,9999-01-01,Senior Engineer
22749,Snehasis,Famili,9999-01-01,Senior Engineer
22753,Yoshinari,Khalil,9999-01-01,Senior Engineer
22755,Marla,Albarhamtoshy,9999-01-01,Senior Staff
22758,Mabry,Rijckaert,9999-01-01,Senior Staff
22766,Yishay,Jumpertz,9999-01-01,Senior Engineer
22772,Sandeepan,McClurg,9999-01-01,Staff
22776,Ekawit,Whitcomb,9999-01-01,Staff
22783,Takahiro,Beerel,9999-01-01,Senior Staff
22786,Moss,Usdin,9999-01-01,Senior Staff
22788,Prasadram,Plumb,9999-01-01,Staff
22794,Adib,Schiper,9999-01-01,Senior Staff
22809,Ziyad,Krupka,9999-01-01,Engineer
22812,Weiru,Kemmerer,9999-01-01,Senior Staff
22833,Alassane,Plessier,9999-01-01,Assistant Engineer
22838,Brendon,Markovitch,9999-01-01,Senior Engineer
22854,Trygve,Koblitz,9999-01-01,Staff
22855,Shalesh,Thimonier,9999-01-01,Technique Leader
22861,Susumu,Baja,9999-01-01,Engineer
22863,Petter,Denna,9999-01-01,Staff
22873,Ebbe,Ashish,9999-01-01,Staff
22886,Gudjon,Templeman,9999-01-01,Senior Engineer
22889,Edwin,Klassen,9999-01-01,Engineer
22894,Muzhong,Casley,9999-01-01,Senior Staff
22897,Weiru,Heering,9999-01-01,Senior Engineer
22904,Irene,Azulay,9999-01-01,Engineer
22908,Eran,Bratsberg,9999-01-01,Staff
22910,Shawna,Cummings,9999-01-01,Staff
22917,Adas,Pfau,9999-01-01,Engineer
22919,Georg,Skogmar,9999-01-01,Engineer
22923,Kristof,Laventhal,9999-01-01,Senior Engineer
22924,Ziyad,Leslie,9999-01-01,Technique Leader
22928,Sanjeeva,Angot,9999-01-01,Senior Engineer
22934,Parviz,Plumb,9999-01-01,Senior Staff
22935,Toshimo,Foong,9999-01-01,Senior Engineer
22940,Shih,Isaac,9999-01-01,Engineer
22947,Herbert,Schmiedel,9999-01-01,Senior Engineer
22953,Adhemar,Bashian,9999-01-01,Senior Staff
22961,Hirochika,Masamoto,9999-01-01,Engineer
22962,Nikolaos,Peek,9999-01-01,Staff
22987,Jeanna,Pehl,9999-01-01,Senior Engineer
22995,Ger,Stanfel,9999-01-01,Senior Engineer
23000,Arfst,Murillo,9999-01-01,Staff
23001,Akhilish,Irland,9999-01-01,Senior Engineer
23007,Hyuckchul,Spell,9999-01-01,Engineer
23011,Suzette,Ferretti,9999-01-01,Engineer
23023,Premsyl,Lenart,9999-01-01,Engineer
23026,Junichi,Lortz,9999-01-01,Engineer
23034,Josyula,Rosca,9999-01-01,Engineer
23049,Zhenbing,Gurbaxani,9999-01-01,Engineer
23052,Ayonca,Salinas,9999-01-01,Staff
23053,Radhakrishnan,Riefers,9999-01-01,Staff
23066,Shuho,Deville,9999-01-01,Technique Leader
23068,Eldridge,Brlek,9999-01-01,Engineer
23086,Nathan,Lemarechal,9999-01-01,Engineer
23087,Nectarios,Bernini,9999-01-01,Staff
23092,Aris,Brookman,9999-01-01,Senior Staff
23095,Muneo,Woycyznski,9999-01-01,Senior Engineer
23104,Tadanori,Anido,9999-01-01,Engineer
23119,Yaghout,Byoun,9999-01-01,Senior Staff
23136,Narain,Skogmar,9999-01-01,Engineer
23138,Pascal,Kaelbling,9999-01-01,Assistant Engineer
23151,Ortrun,Lunt,9999-01-01,Engineer
23157,Siddarth,Llado,9999-01-01,Senior Engineer
23159,Atilio,Esposito,9999-01-01,Senior Staff
23172,Kazuhide,Birjandi,9999-01-01,Staff
23195,Mark,Ertl,9999-01-01,Senior Staff
23196,Sahrah,Cheshire,9999-01-01,Staff
23197,Marjo,Ducloy,9999-01-01,Technique Leader
23204,Adib,Lieblein,9999-01-01,Senior Staff
23220,Christoper,Back,9999-01-01,Senior Engineer
23224,Nikolaos,Engelmann,9999-01-01,Staff
23225,Xuejia,Burnard,9999-01-01,Staff
23246,Muneo,Bhattacharjee,9999-01-01,Senior Staff
23252,Dzung,Simkin,9999-01-01,Engineer
23269,Aamer,Szmurlo,9999-01-01,Senior Engineer
23278,Hein,Morrey,9999-01-01,Engineer
23290,Parviz,Papsdorf,9999-01-01,Staff
23300,Froduald,Schauser,9999-01-01,Senior Staff
23314,Krassimir,Demizu,9999-01-01,Senior Staff
23323,Siamak,Alvarado,9999-01-01,Engineer
23330,Aloke,Cooley,9999-01-01,Engineer
23342,Xinglin,Berendt,9999-01-01,Staff
23347,Kwun,Rosaz,9999-01-01,Engineer
23362,Youjian,Yurek,9999-01-01,Staff
23363,Jacqueline,Zeleznik,9999-01-01,Staff
23369,Khalil,Zykh,9999-01-01,Staff
23370,Morris,Bodoff,9999-01-01,Staff
23374,Samphel,Gecsei,9999-01-01,Senior Staff
23398,Georgy,Marwedel,9999-01-01,Technique Leader
23404,Anneli,Gini,9999-01-01,Senior Engineer
23406,Masadi,Masada,9999-01-01,Senior Staff
23420,Rosli,Gronowski,9999-01-01,Engineer
23421,Hironoby,Denti,9999-01-01,Staff
23428,Luerbio,Pews,9999-01-01,Senior Staff
23441,Sarita,Staudhammer,9999-01-01,Senior Engineer
23442,Vesna,Rindone,9999-01-01,Engineer
23448,Gil,Unno,9999-01-01,Senior Engineer
23454,Heejo,Felcyn,9999-01-01,Senior Staff
23455,Aemilian,Sethi,9999-01-01,Senior Staff
23466,Chikara,Anandan,9999-01-01,Senior Engineer
23470,Neven,Hutton,9999-01-01,Engineer
23480,Dannz,Busillo,9999-01-01,Staff
23506,Shiv,Luck,9999-01-01,Staff
23511,Amalendu,Gecseg,9999-01-01,Engineer
23521,Goh,Pappas,9999-01-01,Senior Staff
23527,Shiv,Borstler,9999-01-01,Technique Leader
23532,Duke,Bardell,9999-01-01,Staff
23533,Shimshon,Heemskerk,9999-01-01,Engineer
23536,Nagui,Vural,9999-01-01,Senior Engineer
23538,Bernardo,Pargaonkar,9999-01-01,Technique Leader
23554,Toshiki,Bail,9999-01-01,Engineer
23561,Jingling,Zizka,9999-01-01,Assistant Engineer
23573,Hercules,Steinauer,9999-01-01,Senior Engineer
23581,Houman,Narlikar,9999-01-01,Senior Staff
23589,Ziya,Perko,9999-01-01,Engineer
23592,Marek,Templeman,9999-01-01,Senior Staff
23620,Clyde,Reeker,9999-01-01,Staff
23626,Bogdan,Vilarrasa,9999-01-01,Senior Staff
23633,Jinpo,Nyrup,9999-01-01,Senior Staff
23640,Leucio,Mamelak,9999-01-01,Engineer
23642,Kwangjo,Pusterhofer,9999-01-01,Engineer
23643,Mariangiola,Ozeri,9999-01-01,Senior Staff
23648,Jinxi,Luiz,9999-01-01,Senior Staff
23659,Gina,Verhoeff,9999-01-01,Engineer
23660,JoAnna,Portugali,9999-01-01,Engineer
23663,Chaosheng,Kitai,9999-01-01,Technique Leader
23676,Sham,Openshaw,9999-01-01,Staff
23677,Rafael,Sevcikova,9999-01-01,Staff
23691,Satoru,Stille,9999-01-01,Assistant Engineer
23692,Aris,Merey,9999-01-01,Engineer
23695,Babette,Genin,9999-01-01,Senior Staff
23703,Prodip,Thimonier,9999-01-01,Staff
23707,Yoshimitsu,Ananiadou,9999-01-01,Technique Leader
23749,Emdad,Ponthieu,9999-01-01,Engineer
23753,Karsten,Isaac,9999-01-01,Senior Engineer
23757,Yaghout,Ozery,9999-01-01,Staff
23761,Jouni,Menhardt,9999-01-01,Staff
23764,Hsiangchu,Cyne,9999-01-01,Staff
23777,Juichirou,Kilgore,9999-01-01,Senior Engineer
23784,Aiman,Merli,9999-01-01,Technique Leader
23791,Boguslaw,Pavlopoulou,9999-01-01,Senior Staff
23797,Torsten,Usery,9999-01-01,Senior Staff
23817,Duri,Coorg,9999-01-01,Staff
23822,Faiza,Rosar,9999-01-01,Engineer
23824,Maris,Porotnikoff,9999-01-01,Engineer
23828,Yonghong,Ecklund,9999-01-01,Senior Staff
23835,Yoshinari,Hennings,9999-01-01,Staff
23840,Thanasis,Polupanov,9999-01-01,Assistant Engineer
23842,Genevieve,Birdsall,9999-01-01,Senior Engineer
23857,Kristen,Frijda,9999-01-01,Senior Engineer
23860,Malu,Kumaresan,9999-01-01,Senior Staff
23868,Trygve,Reistad,9999-01-01,Staff
23869,Raimond,Stiles,9999-01-01,Engineer
23872,Cedric,Ranst,9999-01-01,Senior Engineer
23875,Waiman,Encarnacion,9999-01-01,Senior Staff
23877,Tesuro,Motley,9999-01-01,Senior Staff
23880,Hairong,Angelopoulos,9999-01-01,Senior Engineer
23883,Dayanand,Ozery,9999-01-01,Technique Leader
23907,Isamu,Dahlbom,9999-01-01,Staff
23910,Shahab,Tempesti,9999-01-01,Staff
23924,Shakhar,Solovay,9999-01-01,Senior Engineer
23930,Sreenivas,Frezza,9999-01-01,Senior Engineer
23932,Lubomir,Harbusch,9999-01-01,Senior Engineer
23938,Nahum,Facello,9999-01-01,Senior Engineer
23940,Jingling,Haldar,9999-01-01,Engineer
23946,Carrsten,Streit,9999-01-01,Staff
23952,Valdiodio,Oehlmann,9999-01-01,Senior Staff
23963,Goo,Soloway,9999-01-01,Engineer
23969,Elgin,Sullins,9999-01-01,Assistant Engineer
23977,Jouko,Boissier,9999-01-01,Staff
23993,Gian,Ghalwash,9999-01-01,Engineer
23996,Debaprosad,Hasham,9999-01-01,Technique Leader
24001,Sachio,Lorys,9999-01-01,Staff
24003,Ronnie,Linares,9999-01-01,Engineer
24012,Kauko,Hiltgen,9999-01-01,Senior Staff
24029,Heekeun,Maksimenko,9999-01-01,Senior Staff
24034,Murthy,Validov,9999-01-01,Senior Engineer
24041,Macha,Bednarek,9999-01-01,Technique Leader
24045,Moto,Szmurlo,9999-01-01,Senior Staff
24056,Gladys,Shrader,9999-01-01,Staff
24059,Kendra,Swab,9999-01-01,Engineer
24072,Tianruo,Piveteau,9999-01-01,Engineer
24077,Kerhong,Zedlitz,9999-01-01,Senior Staff
24108,Shaz,Kushnir,9999-01-01,Engineer
24110,Lucien,Baar,9999-01-01,Staff
24112,Atreyi,Ginneken,9999-01-01,Senior Engineer
24118,Elliott,Monarch,9999-01-01,Staff
24120,Luerbio,Badr,9999-01-01,Technique Leader
24121,Franziska,Bale,9999-01-01,Senior Engineer
24126,Candida,Wallrath,9999-01-01,Senior Engineer
24132,Otilia,Puoti,9999-01-01,Engineer
24133,Prodip,Ramalingam,9999-01-01,Senior Staff
24136,Isamu,Henders,9999-01-01,Senior Engineer
24140,Basem,Thombley,9999-01-01,Engineer
24153,Lidong,Anger,9999-01-01,Senior Staff
24154,Khaled,Hashii,9999-01-01,Senior Staff
24156,Bangqing,Willoner,9999-01-01,Engineer
24166,Niranjan,Chinal,9999-01-01,Senior Staff
24178,Jouko,Sherertz,9999-01-01,Engineer
24182,Teunis,Antonisse,9999-01-01,Senior Engineer
24183,Muneo,Rousseau,9999-01-01,Senior Staff
24196,Radhika,Boyle,9999-01-01,Engineer
24199,Iara,Bach,9999-01-01,Senior Engineer
24207,Frazer,Rodham,9999-01-01,Engineer
24209,Hilary,Msuda,9999-01-01,Senior Engineer
24215,Feipei,Iivonen,9999-01-01,Staff
24224,Vasilis,Kinley,9999-01-01,Engineer
24225,Shugo,Eiter,9999-01-01,Senior Staff
24251,Moto,Mondadori,9999-01-01,Senior Staff
24256,Salvador,Clemencon,9999-01-01,Engineer
24260,Atilio,Brookman,9999-01-01,Engineer
24269,Prodip,Peron,9999-01-01,Engineer
24284,Huan,Tchuente,9999-01-01,Senior Engineer
24316,Feiyu,Cincotta,9999-01-01,Senior Engineer
24334,Zhilian,Brookman,9999-01-01,Senior Staff
24363,Bowen,Biran,9999-01-01,Engineer
24383,Aksel,Erev,9999-01-01,Senior Engineer
24388,Zhilian,Milicic,9999-01-01,Staff
24389,Kenroku,Shimshoni,9999-01-01,Senior Engineer
24397,Shaibal,Shimshoni,9999-01-01,Staff
24409,Eckart,Puoti,9999-01-01,Staff
24423,Seshu,Feinberg,9999-01-01,Engineer
24428,Moie,Lunn,9999-01-01,Senior Staff
24429,Murthy,Anger,9999-01-01,Staff
24432,Jackson,Vakili,9999-01-01,Staff
24457,Alain,Merkl,9999-01-01,Senior Engineer
24459,Masako,Puoti,9999-01-01,Engineer
24460,Yinghua,Lanphier,9999-01-01,Senior Staff
24472,Behnaam,Oehlmann,9999-01-01,Senior Engineer
24486,Kerhong,Quaggetto,9999-01-01,Senior Staff
24497,Jackson,Rando,9999-01-01,Engineer
24503,Anyuan,Kusakari,9999-01-01,Engineer
24508,Uzi,Penn,9999-01-01,Engineer
24522,Shunichi,Hopewell,9999-01-01,Staff
24525,Ronnie,Gelosh,9999-01-01,Engineer
24526,Ayonca,Sudbeck,9999-01-01,Technique Leader
24533,Shigenori,Erman,9999-01-01,Senior Engineer
24534,Berni,Morton,9999-01-01,Engineer
24556,Ziva,Boyle,9999-01-01,Senior Staff
24559,Armond,Zeleznik,9999-01-01,Engineer
24572,Hirochika,Setlzner,9999-01-01,Senior Staff
24581,Jouni,Roccetti,9999-01-01,Staff
24588,Huiqun,Kranzdorf,9999-01-01,Staff
24596,Ayonca,Stranks,9999-01-01,Staff
24613,Hitofumi,Stifter,9999-01-01,Senior Staff
24617,Ramachenga,Cullers,9999-01-01,Senior Engineer
24646,Patricia,Takkinen,9999-01-01,Senior Staff
24657,Berna,Silva,9999-01-01,Senior Engineer
24666,Leif,Birsak,9999-01-01,Senior Staff
24680,Garnet,Takkinen,9999-01-01,Senior Engineer
24682,Nigel,Ginesta,9999-01-01,Staff
24690,Eldridge,Ghazalie,9999-01-01,Senior Staff
24696,Ohad,Munoz,9999-01-01,Senior Engineer
24701,Raimond,Zeleznik,9999-01-01,Staff
24705,Luisa,Jervis,9999-01-01,Staff
24720,Owen,Zirintsis,9999-01-01,Engineer
24725,Yechezkel,Openshaw,9999-01-01,Senior Staff
24727,Akeno,Gecseg,9999-01-01,Assistant Engineer
24728,Margo,Trumbly,9999-01-01,Senior Engineer
24746,Tianruo,Tsukuda,9999-01-01,Staff
24748,Tua,Perng,9999-01-01,Staff
24752,Fan,Mersereau,9999-01-01,Technique Leader
24767,Kiyokazu,Pagter,9999-01-01,Senior Staff
24775,Ziyad,Spelt,9999-01-01,Staff
24781,Yefim,Xiaoshan,9999-01-01,Staff
24790,Kiyokazu,Chachaty,9999-01-01,Senior Staff
24793,Kristen,Brizzi,9999-01-01,Staff
24823,Garnet,Walstra,9999-01-01,Technique Leader
24829,Dietrich,Wiegley,9999-01-01,Engineer
24846,Suvo,Iwayama,9999-01-01,Engineer
24855,Dung,Lund,9999-01-01,Staff
24862,Susumu,Muntz,9999-01-01,Senior Staff
24872,Oguz,Decaestecker,9999-01-01,Staff
24879,Subhash,Schaap,9999-01-01,Technique Leader
24881,Shin,Sadowsky,9999-01-01,Engineer
24888,Murthy,Felder,9999-01-01,Senior Staff
24891,Sham,Danner,9999-01-01,Senior Staff
24896,Gen,McConalogue,9999-01-01,Engineer
24909,Constantine,Garrabrants,9999-01-01,Staff
24915,Morris,Liedekerke,9999-01-01,Senior Engineer
24925,Gennady,Thebaut,9999-01-01,Engineer
24932,Charmane,Erbe,9999-01-01,Staff
24934,Carrsten,Bruckman,9999-01-01,Engineer
24937,Syozo,Carrera,9999-01-01,Engineer
24939,Shuho,Angot,9999-01-01,Senior Engineer
24951,Fayez,Kirkerud,9999-01-01,Senior Staff
24954,Foong,Swick,9999-01-01,Engineer
24963,Cathie,Redmiles,9999-01-01,Senior Engineer
24976,Khun,Vakili,9999-01-01,Senior Staff
24985,Martins,Bottner,9999-01-01,Senior Staff
25003,Dietrich,Benzmuller,9999-01-01,Staff
25004,Youpyo,Schurmann,9999-01-01,Senior Engineer
25007,Dipankar,Showalter,9999-01-01,Senior Engineer
25019,Lech,Kadhim,9999-01-01,Senior Engineer
25020,Kazuhiro,Lores,9999-01-01,Senior Staff
25022,Zengping,Hiroyama,9999-01-01,Staff
25037,Adib,Magliocco,9999-01-01,Senior Engineer
25046,Mart,Cyre,9999-01-01,Engineer
25050,Jahangir,Fraisse,9999-01-01,Senior Engineer
25070,Morris,Fortenbacher,9999-01-01,Engineer
25084,Alenka,Jullig,9999-01-01,Senior Engineer
25085,Tran,Usery,9999-01-01,Senior Staff
25108,Wanqing,Eterovic,9999-01-01,Senior Engineer
25112,Muneo,Haraldson,9999-01-01,Senior Staff
25117,Masamitsu,Cichocki,9999-01-01,Staff
25138,Guadalupe,Marrakchi,9999-01-01,Engineer
25139,Aloke,Jiang,9999-01-01,Engineer
25145,Serge,Ashish,9999-01-01,Senior Engineer
25154,Eldridge,Eugenio,9999-01-01,Senior Staff
25167,Flemming,Delaune,9999-01-01,Senior Engineer
25210,Arumugam,Kumaresan,9999-01-01,Engineer
25220,Shuho,Mullainathan,9999-01-01,Senior Engineer
25222,Weicheng,Ananiadou,9999-01-01,Staff
25225,Abdelaziz,Vrecion,9999-01-01,Engineer
25244,Ayonca,Rosay,9999-01-01,Engineer
25254,Matt,Peek,9999-01-01,Assistant Engineer
25255,Heng,Erdi,9999-01-01,Staff
25269,Kazuhiko,Hainaut,9999-01-01,Staff
25282,Gladys,Papadias,9999-01-01,Senior Engineer
25299,Remzi,Binding,9999-01-01,Engineer
25302,Susanna,Minakawa,9999-01-01,Technique Leader
25308,Abdelaziz,Mayerwieser,9999-01-01,Senior Engineer
25327,Mohamadou,Miculan,9999-01-01,Senior Engineer
25335,Etsuo,Itzfeldt,9999-01-01,Technique Leader
25339,Brewster,Bale,9999-01-01,Engineer
25350,Boriana,Sommer,9999-01-01,Senior Staff
25352,Moie,Ranta,9999-01-01,Senior Engineer
25362,Falguni,Ponthieu,9999-01-01,Senior Engineer
25363,Ipke,Moehrke,9999-01-01,Senior Staff
25370,Jagoda,Puoti,9999-01-01,Staff
25371,Goh,Ishibashi,9999-01-01,Staff
25376,Nathan,Panienski,9999-01-01,Technique Leader
25379,Eric,Mullainathan,9999-01-01,Senior Engineer
25391,Hatsukazu,Billawala,9999-01-01,Assistant Engineer
25393,Claudi,Frijda,9999-01-01,Staff
25401,Arunachalam,Francisci,9999-01-01,Senior Engineer
25406,Dung,Improta,9999-01-01,Senior Staff
25412,Berna,Rotem,9999-01-01,Senior Engineer
25462,Vasilii,Rohrbach,9999-01-01,Senior Engineer
25475,Flemming,Fujisaki,9999-01-01,Senior Engineer
25479,Paddy,Tchuente,9999-01-01,Engineer
25491,Annemarie,Rosis,9999-01-01,Engineer
25495,Stein,Lakshmanan,9999-01-01,Senior Engineer
25497,Mitsuyuki,Varman,9999-01-01,Technique Leader
25504,Pramod,Servi,9999-01-01,Staff
25514,Sushant,Homond,9999-01-01,Staff
25520,Sajjad,Rubsam,9999-01-01,Senior Engineer
25521,Chanjung,Raney,9999-01-01,Engineer
25537,Akeel,Ibel,9999-01-01,Staff
25541,Mohua,Danley,9999-01-01,Senior Engineer
25546,Charmane,Engelmann,9999-01-01,Senior Engineer
25547,Krassimir,Ranum,9999-01-01,Technique Leader
25550,Shaz,Haddadi,9999-01-01,Senior Engineer
25562,Bernardo,Menhardt,9999-01-01,Staff
25573,Trygve,Bahi,9999-01-01,Staff
25599,Masoud,Pillow,9999-01-01,Senior Staff
25600,Jinpo,McClurg,9999-01-01,Senior Staff
25603,Kwangsub,Desikan,9999-01-01,Staff
25615,Aria,Strehl,9999-01-01,Senior Staff
25632,Arunachalam,Ramamoorthy,9999-01-01,Engineer
25633,Haldon,Azumi,9999-01-01,Senior Staff
25643,Adin,Peak,9999-01-01,Staff
25644,Kwangho,Straney,9999-01-01,Staff
25656,Eben,Narwekar,9999-01-01,Assistant Engineer
25670,Youssef,Chvatal,9999-01-01,Engineer
25673,Ottavia,Azulay,9999-01-01,Engineer
25685,Shalesh,Sommer,9999-01-01,Staff
25692,Lein,Unno,9999-01-01,Staff
25717,Froduald,Speek,9999-01-01,Staff
25730,Shao,Monarch,9999-01-01,Staff
25732,Shounak,Ducloy,9999-01-01,Senior Engineer
25738,Yuchang,McClure,9999-01-01,Senior Staff
25755,Aria,Setiz,9999-01-01,Senior Engineer
25761,Hugo,Lundstrom,9999-01-01,Staff
25765,Demin,Suermann,9999-01-01,Senior Engineer
25771,Sibyl,Passino,9999-01-01,Senior Engineer
25772,Greger,Marrevee,9999-01-01,Senior Staff
25777,Leucio,Famili,9999-01-01,Engineer
25790,Suebskul,Plump,9999-01-01,Engineer
25794,Ymte,Prenel,9999-01-01,Senior Engineer
25795,Claudi,Erie,9999-01-01,Senior Staff
25797,Morrie,Nooteboom,9999-01-01,Engineer
25801,Genta,Trogemann,9999-01-01,Senior Staff
25804,Krisda,Vesna,9999-01-01,Staff
25811,Fen,Ranze,9999-01-01,Senior Engineer
25828,Selwyn,Perly,9999-01-01,Senior Staff
25835,Maria,Poehlman,9999-01-01,Senior Staff
25839,Ewing,Simkin,9999-01-01,Staff
25841,Shahab,Ernst,9999-01-01,Senior Staff
25858,Tzu,Hitomi,9999-01-01,Engineer
25859,Subhrajyoti,Vasanthakumar,9999-01-01,Senior Engineer
25862,Khaled,Tasistro,9999-01-01,Engineer
25866,Tadanori,Nannarelli,9999-01-01,Technique Leader
25867,Mamdouh,Ernst,9999-01-01,Senior Staff
25873,Yakichi,Codenie,9999-01-01,Senior Engineer
25880,Zhanqiu,Pintelas,9999-01-01,Engineer
25882,Aleksander,Pellegrinelli,9999-01-01,Senior Staff
25885,Takanari,Zockler,9999-01-01,Staff
25918,Yoshimitsu,Iisaka,9999-01-01,Senior Engineer
25935,Berhard,Parascandalo,9999-01-01,Senior Staff
25937,Angus,Bodoff,9999-01-01,Senior Engineer
25939,Shen,Setiz,9999-01-01,Staff
25952,Zito,Kalloufi,9999-01-01,Engineer
25963,Jiakeng,Fandrianto,9999-01-01,Staff
25972,Demos,Escriba,9999-01-01,Technique Leader
25979,Monique,Yemenis,9999-01-01,Senior Engineer
25980,Otilia,Vanwelkenhuysen,9999-01-01,Senior Staff
25990,Suzette,Kroll,9999-01-01,Senior Staff
25992,Divier,Bugrara,9999-01-01,Staff
25993,Kazuhiro,Luft,9999-01-01,Staff
26005,Ohad,Vidya,9999-01-01,Senior Engineer
26012,Eric,Marwedel,9999-01-01,Engineer
26020,Deborah,Moffat,9999-01-01,Staff
26027,Conal,Hellwagner,9999-01-01,Engineer
26037,Radhika,Gadepally,9999-01-01,Engineer
26043,Ortrun,Zielinski,9999-01-01,Staff
26053,Heekeun,Szmurlo,9999-01-01,Senior Staff
26086,Turgut,Beutelspacher,9999-01-01,Senior Staff
26088,Theron,Woycyznski,9999-01-01,Senior Staff
26102,Mechthild,Eldridge,9999-01-01,Senior Engineer
26106,Fumiya,Halevi,9999-01-01,Staff
26110,Lorien,Veevers,9999-01-01,Staff
26111,Tru,Spataro,9999-01-01,Staff
26112,Zhiguo,Sadowski,9999-01-01,Senior Engineer
26113,Larisa,Brandsma,9999-01-01,Staff
26119,Akeno,Vesna,9999-01-01,Senior Engineer
26121,Ipke,Krichel,9999-01-01,Senior Engineer
26126,Gal,Candan,9999-01-01,Engineer
26144,Kamakshi,Khasidashvili,9999-01-01,Senior Engineer
26153,Reuven,Bernini,9999-01-01,Engineer
26162,Yechiam,Grospietsch,9999-01-01,Senior Engineer
26172,Sedat,Bahr,9999-01-01,Staff
26185,Pramod,Dulin,9999-01-01,Senior Staff
26188,Karlis,Hartvigsen,9999-01-01,Senior Staff
26221,Ashish,Straney,9999-01-01,Staff
26232,Rosli,Slutz,9999-01-01,Engineer
26252,Haldun,Flowers,9999-01-01,Senior Staff
26254,Yuichiro,Rousseau,9999-01-01,Engineer
26256,Faiza,Michaels,9999-01-01,Senior Staff
26264,Sachio,Speckmann,9999-01-01,Senior Staff
26272,Zorica,Marakhovsky,9999-01-01,Engineer
26283,Abdulla,Feldmann,9999-01-01,Senior Engineer
26285,Divine,Lupu,9999-01-01,Engineer
26289,Baoqiu,Michaels,9999-01-01,Engineer
26300,Marin,Gomatam,9999-01-01,Engineer
26313,Guoxiang,Perri,9999-01-01,Senior Engineer
26315,Adil,Schnabel,9999-01-01,Senior Staff
26317,Valdiodio,Weedman,9999-01-01,Staff
26344,Duke,Sabnani,9999-01-01,Staff
26359,Jagoda,Covnot,9999-01-01,Senior Engineer
26369,Kiyotoshi,Sewelson,9999-01-01,Engineer
26378,Huiqun,Streng,9999-01-01,Senior Engineer
26379,Falguni,Hutton,9999-01-01,Senior Engineer
26384,Macha,Picci,9999-01-01,Senior Staff
26385,Brigham,Peral,9999-01-01,Engineer
26391,Baoqiu,Kermarrec,9999-01-01,Senior Staff
26396,Jinxi,Bresenham,9999-01-01,Engineer
26402,Nathan,Pietracaprina,9999-01-01,Senior Engineer
26429,Dipayan,Brizzi,9999-01-01,Engineer
26441,Tesuya,Halloran,9999-01-01,Senior Engineer
26446,Somnath,Kitsuregawa,9999-01-01,Senior Staff
26470,Toshimi,Danley,9999-01-01,Engineer
26474,Angel,Peng,9999-01-01,Engineer
26483,Shunichi,Manders,9999-01-01,Technique Leader
26486,Taegyun,Simkin,9999-01-01,Engineer
26488,Zdislav,Perly,9999-01-01,Senior Staff
26504,Chiranjit,Segond,9999-01-01,Staff
26508,Divier,Sambasivam,9999-01-01,Engineer
26543,Zhonghua,Koyama,9999-01-01,Technique Leader
26598,Falguni,Birsak,9999-01-01,Senior Staff
26599,Katsuo,Armand,9999-01-01,Senior Engineer
26623,Berni,Barbanera,9999-01-01,Senior Staff
26639,Guadalupe,Weiland,9999-01-01,Staff
26661,Kazunori,Borstler,9999-01-01,Senior Staff
26667,Moon,Schrift,9999-01-01,Senior Engineer
26668,Berhard,Bahk,9999-01-01,Staff
26682,Yucai,Baezner,9999-01-01,Senior Staff
26683,Kayoko,Covnot,9999-01-01,Senior Engineer
26692,Taisook,Cools,9999-01-01,Engineer
26709,Narain,Marchegay,9999-01-01,Senior Staff
26714,Sadun,Pelc,9999-01-01,Senior Engineer
26715,Dhritiman,Baby,9999-01-01,Engineer
26733,Kauko,Yetto,9999-01-01,Engineer
26747,Macha,McDermid,9999-01-01,Technique Leader
26750,Baziley,Denis,9999-01-01,Staff
26752,Deniz,Zockler,9999-01-01,Senior Engineer
26769,Jinxi,Conti,9999-01-01,Senior Staff
26770,Ibibia,Ghelli,9999-01-01,Senior Engineer
26808,Jeanne,DuCasse,9999-01-01,Senior Staff
26811,Prodip,Farrow,9999-01-01,Senior Staff
26828,Maha,Haddadi,9999-01-01,Senior Engineer
26831,Yucel,Pagter,9999-01-01,Engineer
26833,Hirochika,Gustavson,9999-01-01,Senior Staff
26846,Ewing,Chinal,9999-01-01,Senior Engineer
26856,Kazuhiko,Cooke,9999-01-01,Engineer
26869,Jasminko,Vecchio,9999-01-01,Senior Engineer
26871,Marco,Perry,9999-01-01,Technique Leader
26875,Toshiko,Thombley,9999-01-01,Senior Engineer
26892,Brigham,Luan,9999-01-01,Engineer
26896,Salvador,Argence,9999-01-01,Senior Staff
26902,Reinhold,Welham,9999-01-01,Senior Staff
26903,Xumin,Tischendorf,9999-01-01,Engineer
26905,Fatemeh,Markovitch,9999-01-01,Staff
26906,Conor,Koyama,9999-01-01,Senior Staff
26911,Ramya,Bottner,9999-01-01,Senior Engineer
26955,Elvis,Tanemo,9999-01-01,Senior Engineer
26958,Juichirou,Raoux,9999-01-01,Senior Engineer
26960,Zhenbing,Delgrossi,9999-01-01,Senior Engineer
26976,Muzhong,Sommen,9999-01-01,Senior Staff
26990,Ranga,Gihr,9999-01-01,Senior Staff
26995,Sumali,Gyimothy,9999-01-01,Senior Staff
26999,Snehasis,Worfolk,9999-01-01,Senior Engineer
27008,Turgut,Gluchowski,9999-01-01,Senior Engineer
27023,Jinpo,Falster,9999-01-01,Engineer
27024,Zijian,Bennis,9999-01-01,Staff
27039,Henk,Sullins,9999-01-01,Senior Staff
27044,Chuanyi,Zaiane,9999-01-01,Senior Engineer
27045,Teruyuki,Merks,9999-01-01,Engineer
27047,Torsten,Hartvigsen,9999-01-01,Senior Engineer
27055,Yaghout,Dulay,9999-01-01,Senior Staff
27056,Leen,Hiyoshi,9999-01-01,Staff
27065,Roded,Eugenio,9999-01-01,Senior Engineer
27096,Rayond,Tyugu,9999-01-01,Assistant Engineer
27107,Lansing,Murtha,9999-01-01,Senior Engineer
27112,Yechezkel,Anily,9999-01-01,Senior Engineer
27117,Shirish,Eugenio,9999-01-01,Engineer
27118,Anestis,Azadmanesh,9999-01-01,Senior Engineer
27130,Kazuhira,Rathonyi,9999-01-01,Senior Engineer
27193,Dulce,Nivat,9999-01-01,Technique Leader
27202,Takanari,Rouquie,9999-01-01,Senior Engineer
27203,Conal,Aloia,9999-01-01,Senior Engineer
27221,Syozo,Rosar,9999-01-01,Senior Staff
27223,Noritoshi,Delgrossi,9999-01-01,Staff
27236,Kotesh,Wegerle,9999-01-01,Staff
27241,Mayuri,Erez,9999-01-01,Senior Staff
27249,Martins,Kushnir,9999-01-01,Senior Staff
27254,Trygve,Sewelson,9999-01-01,Senior Engineer
27255,Yannis,Kropf,9999-01-01,Staff
27272,Kwan,Genin,9999-01-01,Staff
27273,Alassane,Jeong,9999-01-01,Technique Leader
27281,Leaf,Bahi,9999-01-01,Engineer
27295,Marc,Orlowska,9999-01-01,Senior Engineer
27298,Stepehn,Loncour,9999-01-01,Senior Engineer
27311,Gil,Schnabel,9999-01-01,Engineer
27319,Adin,Bashian,9999-01-01,Senior Staff
27325,Kauko,Baer,9999-01-01,Engineer
27330,Cedric,Lowrie,9999-01-01,Engineer
27332,Charmane,Merey,9999-01-01,Senior Engineer
27337,Mads,Undy,9999-01-01,Engineer
27357,Tsvetan,Schmiedel,9999-01-01,Senior Engineer
27365,Mang,Morris,9999-01-01,Senior Staff
27367,Mokhtar,Junet,9999-01-01,Senior Engineer
27368,Dipayan,Keustermans,9999-01-01,Senior Staff
27369,Cedric,Chinen,9999-01-01,Staff
27373,Jiafu,Varman,9999-01-01,Senior Engineer
27374,Sham,Brattka,9999-01-01,Staff
27377,Mara,Gils,9999-01-01,Senior Engineer
27381,Eirik,Ambroszkiewicz,9999-01-01,Engineer
27396,Brendon,Zykh,9999-01-01,Senior Engineer
27403,Mamdouh,Hiroyama,9999-01-01,Assistant Engineer
27412,Shigeaki,Boguraev,9999-01-01,Staff
27413,Phuoc,Aamodt,9999-01-01,Senior Staff
27416,Subir,Ratnaker,9999-01-01,Staff
27429,Nahid,Plotkin,9999-01-01,Senior Engineer
27441,Kitty,Demian,9999-01-01,Staff
27446,Heon,Levergood,9999-01-01,Staff
27460,Chikara,Munck,9999-01-01,Senior Staff
27463,Masaki,McDermid,9999-01-01,Senior Staff
27492,Guoxiang,Provine,9999-01-01,Senior Engineer
27496,Marke,Angelov,9999-01-01,Technique Leader
27511,Jiann,Perelgut,9999-01-01,Engineer
27528,Martijn,Baranowski,9999-01-01,Technique Leader
27540,Hein,Yeung,9999-01-01,Engineer
27548,Slavian,Riexinger,9999-01-01,Staff
27557,Teunis,Oxman,9999-01-01,Staff
27566,Annemarie,Kobuchi,9999-01-01,Staff
27580,Mona,Haumacher,9999-01-01,Senior Staff
27604,Yuguang,Sudbeck,9999-01-01,Senior Engineer
27619,Ronghao,Poulakidas,9999-01-01,Senior Staff
27626,Vishu,Flanders,9999-01-01,Engineer
27628,Stafford,Blokdijk,9999-01-01,Engineer
27642,Muneo,Zockler,9999-01-01,Engineer
27652,Jacqueline,Matteis,9999-01-01,Staff
27654,Sajjan,Morris,9999-01-01,Engineer
27670,Yolla,Merey,9999-01-01,Engineer
27671,JiYoung,Flasterstein,9999-01-01,Senior Staff
27677,Mohammed,Peak,9999-01-01,Engineer
27687,Ronghao,Baumann,9999-01-01,Senior Engineer
27703,Mahmut,Douceur,9999-01-01,Engineer
27711,Leaf,Goodrum,9999-01-01,Engineer
27730,Uinam,Perng,9999-01-01,Engineer
27732,Girolamo,Facello,9999-01-01,Senior Engineer
27739,Youssef,Piancastelli,9999-01-01,Staff
27749,Katsuyuki,Biros,9999-01-01,Senior Staff
27756,Stevo,Suwa,9999-01-01,Senior Staff
27759,Subhada,Spelt,9999-01-01,Senior Engineer
27765,Shushma,Litvinov,9999-01-01,Senior Engineer
27772,Shahaf,Salvesen,9999-01-01,Staff
27780,Siamak,Simkin,9999-01-01,Senior Staff
27781,Qiwen,Wielonsky,9999-01-01,Staff
27786,Lijia,Taubman,9999-01-01,Senior Staff
27787,Xinglin,Bondorf,9999-01-01,Senior Engineer
27797,Kazuhisa,Botman,9999-01-01,Senior Staff
27801,Naraig,Danecki,9999-01-01,Staff
27837,Branimir,Chachaty,9999-01-01,Senior Engineer
27843,Bedir,Speek,9999-01-01,Senior Engineer
27848,Tooru,Bednarek,9999-01-01,Senior Engineer
27854,Yurii,Unni,9999-01-01,Senior Staff
27856,Lokesh,Holburn,9999-01-01,Senior Engineer
27880,Yinlin,Poujol,9999-01-01,Senior Engineer
27883,Woody,Nilsson,9999-01-01,Staff
27884,Kristina,Zucker,9999-01-01,Engineer
27888,Berna,Birta,9999-01-01,Senior Staff
27899,Kristen,Hebert,9999-01-01,Staff
27905,Monique,Barinka,9999-01-01,Engineer
27910,Gil,Haumacher,9999-01-01,Engineer
27914,Valter,Businaro,9999-01-01,Senior Staff
27926,Mats,Huttel,9999-01-01,Senior Staff
27939,Seongbae,Axelband,9999-01-01,Engineer
27953,Katsuyuki,Eiter,9999-01-01,Senior Staff
27958,Uno,Hasham,9999-01-01,Engineer
27959,Moheb,Dusink,9999-01-01,Engineer
27961,Wojceich,Murtafg,9999-01-01,Senior Engineer
27968,Harngdar,England,9999-01-01,Staff
27975,Remmert,Rehfuss,9999-01-01,Senior Engineer
27978,Sedat,Unni,9999-01-01,Engineer
27988,Armond,Etalle,9999-01-01,Staff
27995,Yunming,Serre,9999-01-01,Staff
28008,Shugo,Luit,9999-01-01,Senior Staff
28027,Kagan,Wallrath,9999-01-01,Senior Staff
28074,Shmuel,Syrotiuk,9999-01-01,Staff
28076,Suzette,Pelc,9999-01-01,Staff
28079,Rimon,Salvesen,9999-01-01,Senior Engineer
28082,Michaela,Sudbeck,9999-01-01,Engineer
28104,Dmitry,Marsiglia,9999-01-01,Staff
28127,Minghong,Veevers,9999-01-01,Senior Staff
28139,Theron,Merkl,9999-01-01,Senior Engineer
28143,Adin,Teitelbaum,9999-01-01,Senior Staff
28146,Niteen,Azadmanesh,9999-01-01,Engineer
28149,Sandeepan,Gulik,9999-01-01,Engineer
28161,Kwan,Nicolson,9999-01-01,Senior Staff
28165,Sanjit,Lorch,9999-01-01,Technique Leader
28171,Filipe,Setlzner,9999-01-01,Senior Engineer
28207,Sakthirel,Ebeling,9999-01-01,Engineer
28208,Tristan,Lienhardt,9999-01-01,Engineer
28209,Gadiel,Millington,9999-01-01,Staff
28240,Reuven,Lorcy,9999-01-01,Senior Staff
28242,Thodoros,Vasanthakumar,9999-01-01,Senior Staff
28281,Adhemar,Oxenboll,9999-01-01,Staff
28283,Quingbo,Dulay,9999-01-01,Engineer
28288,Martijn,Niizuma,9999-01-01,Senior Staff
28298,Holgard,Ritcey,9999-01-01,Staff
28306,Wilmer,Papsdorf,9999-01-01,Senior Engineer
28315,Hideo,Servi,9999-01-01,Engineer
28318,Teunis,Whitcomb,9999-01-01,Staff
28321,Heather,Oehlmann,9999-01-01,Senior Staff
28322,Premal,Millington,9999-01-01,Staff
28327,Pascal,Welham,9999-01-01,Senior Engineer
28330,Weidon,Hagimont,9999-01-01,Senior Staff
28344,Fan,Barriga,9999-01-01,Senior Staff
28345,Tamiya,Seghrouchni,9999-01-01,Staff
28350,Theron,Heusch,9999-01-01,Staff
28354,Geoffrey,Prochazka,9999-01-01,Senior Engineer
28358,Constantino,Salinas,9999-01-01,Senior Staff
28359,Kshitij,Stellhorn,9999-01-01,Staff
28366,Abdelwaheb,Falster,9999-01-01,Senior Engineer
28373,Steen,Bhattacharjee,9999-01-01,Staff
28382,Mihalis,Zuberek,9999-01-01,Senior Engineer
28383,Gladys,Chimia,9999-01-01,Staff
28385,Filipp,Conia,9999-01-01,Staff
28386,Snehasis,Spelt,9999-01-01,Senior Engineer
28391,Elvia,Brlek,9999-01-01,Senior Staff
28394,Gaetan,Emiris,9999-01-01,Senior Staff
28404,Francesca,Schicker,9999-01-01,Senior Staff
28411,Weicheng,Yavatkar,9999-01-01,Staff
28413,Nadjib,Brodie,9999-01-01,Senior Staff
28414,Juichirou,Azadmanesh,9999-01-01,Senior Staff
28418,Sachio,Suermann,9999-01-01,Senior Engineer
28422,Eckart,Cmelik,9999-01-01,Engineer
28432,Manton,Validov,9999-01-01,Staff
28440,Cordelia,Tomescu,9999-01-01,Senior Staff
28444,Harjit,Henseler,9999-01-01,Senior Engineer
28447,Anneke,Ghelli,9999-01-01,Technique Leader
28478,Chiradeep,Simmen,9999-01-01,Senior Engineer
28487,Ziva,Alblas,9999-01-01,Staff
28490,Marsal,Jervis,9999-01-01,Engineer
28501,Nagui,Viele,9999-01-01,Staff
28504,Boalin,Peng,9999-01-01,Senior Engineer
28510,Subhankar,Desikan,9999-01-01,Technique Leader
28511,Shugo,Pero,9999-01-01,Technique Leader
28525,Dannz,Highland,9999-01-01,Engineer
28528,Sariel,Veccia,9999-01-01,Senior Staff
28529,Mabo,Griswold,9999-01-01,Senior Engineer
28542,Ferdinand,Guardalben,9999-01-01,Senior Engineer
28555,Kankanahalli,Wendorf,9999-01-01,Senior Staff
28565,Rosalie,Bain,9999-01-01,Senior Staff
28596,Perla,Porotnikoff,9999-01-01,Staff
28600,Mingzeng,Whitcomb,9999-01-01,Staff
28613,Giao,Stemann,9999-01-01,Senior Engineer
28619,Pragnesh,Majewski,9999-01-01,Staff
28627,Serge,Plumb,9999-01-01,Senior Staff
28628,Zhonghui,Zyda,9999-01-01,Senior Staff
28631,Dmitry,Marletta,9999-01-01,Senior Engineer
28632,Arne,Boreale,9999-01-01,Senior Engineer
28653,Pranay,Flanders,9999-01-01,Senior Staff
28673,Carrsten,Zultner,9999-01-01,Engineer
28677,Terresa,Gunderson,9999-01-01,Senior Staff
28687,Ulf,Ghazalie,9999-01-01,Senior Staff
28689,Jessie,Lores,9999-01-01,Senior Staff
28703,Tremaine,Remmele,9999-01-01,Staff
28714,Arco,Poehlman,9999-01-01,Assistant Engineer
28715,Bikash,Fordan,9999-01-01,Senior Engineer
28716,Kristian,Hertweck,9999-01-01,Senior Staff
28726,Marie,Veldwijk,9999-01-01,Engineer
28734,Arvind,Heydon,9999-01-01,Senior Staff
28739,Elliott,Wixon,9999-01-01,Senior Staff
28746,Steve,Maquelin,9999-01-01,Senior Staff
28750,Guangming,Speckmann,9999-01-01,Senior Staff
28753,Leaf,Lichtner,9999-01-01,Staff
28755,Xiahua,Cmelik,9999-01-01,Senior Staff
28757,Branimir,Poupard,9999-01-01,Staff
28770,Abdelghani,Farris,9999-01-01,Engineer
28773,Tomokazu,Polupanov,9999-01-01,Senior Engineer
28779,Fayez,Bottner,9999-01-01,Senior Staff
28782,Marl,Yemenis,9999-01-01,Engineer
28794,Kyoichi,Peron,9999-01-01,Engineer
28811,Cristinel,Vrecion,9999-01-01,Engineer
28818,Hongzhu,Panienski,9999-01-01,Senior Engineer
28827,Hugh,Heydon,9999-01-01,Senior Engineer
28855,Shan,Heering,9999-01-01,Senior Engineer
28867,Shahar,Awdeh,9999-01-01,Senior Engineer
28873,Toshimo,Attimonelli,9999-01-01,Senior Engineer
28881,Masaki,Rosin,9999-01-01,Senior Staff
28890,Lijie,Puoti,9999-01-01,Senior Engineer
28891,Susanna,Krohn,9999-01-01,Senior Engineer
28922,Xiadong,Willoner,9999-01-01,Engineer
28933,Alain,Bernick,9999-01-01,Senior Staff
28958,Angel,Wossner,9999-01-01,Staff
28962,Wuxu,Gini,9999-01-01,Technique Leader
28966,Shakhar,Zirintsis,9999-01-01,Engineer
28968,Shalesh,Gerteisen,9999-01-01,Engineer
28969,Ute,Sinitsyn,9999-01-01,Engineer
28972,Jianhao,Radivojevic,9999-01-01,Senior Staff
28976,Kazuhiko,Aingworth,9999-01-01,Senior Engineer
28981,Dipayan,Bernardinello,9999-01-01,Staff
28983,Mohammed,Luca,9999-01-01,Senior Staff
28993,Domenick,Rijckaert,9999-01-01,Engineer
28997,Persi,Ramsay,9999-01-01,Staff
29017,Mats,Pews,9999-01-01,Staff
29024,Qunsheng,Itzigehl,9999-01-01,Senior Engineer
29026,Parto,Byoun,9999-01-01,Senior Engineer
29030,Nikolaus,Heiserman,9999-01-01,Engineer
29032,Mizuhito,Rassart,9999-01-01,Engineer
29052,Doowon,Azulay,9999-01-01,Engineer
29059,Arumugam,Legleitner,9999-01-01,Engineer
29063,Mary,Seuren,9999-01-01,Senior Engineer
29071,Jaideep,Hennings,9999-01-01,Senior Staff
29077,Candida,Tagansky,9999-01-01,Assistant Engineer
29080,Panayotis,Shumilov,9999-01-01,Staff
29101,Jouni,Salverda,9999-01-01,Senior Engineer
29105,Snehasis,Marsiglia,9999-01-01,Staff
29120,Parto,Bergere,9999-01-01,Staff
29126,Visit,Suessmith,9999-01-01,Senior Engineer
29133,Rafael,Peck,9999-01-01,Senior Staff
29156,Youngkon,Cyne,9999-01-01,Engineer
29178,Hairong,Foong,9999-01-01,Engineer
29182,Arumugam,Aamodt,9999-01-01,Senior Staff
29190,Mahendra,Sudbeck,9999-01-01,Staff
29191,Ayakannu,Krogh,9999-01-01,Engineer
29194,Sarita,Peris,9999-01-01,Senior Engineer
29199,Chaoyi,Mondadori,9999-01-01,Senior Staff
29202,Rajmohan,Roohalamini,9999-01-01,Senior Engineer
29208,Radoslaw,Schusler,9999-01-01,Technique Leader
29214,Stepehn,Schach,9999-01-01,Senior Staff
29222,Remzi,Trachtenberg,9999-01-01,Staff
29228,Leszek,Guerreiro,9999-01-01,Senior Staff
29237,Gennadi,Beznosov,9999-01-01,Senior Engineer
29243,Sibyl,Koyama,9999-01-01,Engineer
29250,Radoslaw,Besancenot,9999-01-01,Staff
29256,Mountaz,Schiettecatte,9999-01-01,Senior Engineer
29284,Aloys,Hofman,9999-01-01,Senior Engineer
29317,Navin,Conia,9999-01-01,Engineer
29329,Takushi,Sooriamurthi,9999-01-01,Senior Engineer
29342,Moti,Muniz,9999-01-01,Senior Staff
29361,LiMin,McDermid,9999-01-01,Engineer
29366,Domenico,Ohori,9999-01-01,Senior Staff
29372,Parke,Chinin,9999-01-01,Engineer
29387,Roddy,Saoudi,9999-01-01,Senior Engineer
29389,Takushi,Swist,9999-01-01,Senior Staff
29390,Mang,Crooks,9999-01-01,Senior Engineer
29419,Kendra,Scharstein,9999-01-01,Senior Engineer
29425,Mingdong,Muntz,9999-01-01,Engineer
29436,Godehard,Schnelling,9999-01-01,Senior Engineer
29442,Horward,Piazza,9999-01-01,Engineer
29465,Kshitij,Ramsay,9999-01-01,Staff
29468,Ramya,Bojadziev,9999-01-01,Staff
29469,Rafael,Cmelik,9999-01-01,Engineer
29485,Ortrun,Shobatake,9999-01-01,Staff
29486,Jouni,Gerteisen,9999-01-01,Senior Engineer
29488,Niclas,Eastman,9999-01-01,Technique Leader
29495,Mizuhito,Morrey,9999-01-01,Senior Staff
29507,Adel,Panwar,9999-01-01,Engineer
29511,Sadegh,Taubman,9999-01-01,Engineer
29513,Genki,Cusworth,9999-01-01,Senior Engineer
29515,Kish,Karcich,9999-01-01,Engineer
29519,Theirry,Bahr,9999-01-01,Senior Engineer
29520,Shunichi,Ozery,9999-01-01,Senior Engineer
29524,Murthy,Engberts,9999-01-01,Senior Staff
29527,Adamantios,Oaver,9999-01-01,Senior Staff
29559,Shin,Edelhoff,9999-01-01,Engineer
29573,Kwangsub,Linnainmaa,9999-01-01,Senior Staff
29580,Rafail,Peyn,9999-01-01,Engineer
29583,Subhada,Waymire,9999-01-01,Senior Staff
29594,Yolla,Ermel,9999-01-01,Staff
29596,Geoff,Lueh,9999-01-01,Senior Staff
29597,Yoshinari,Codenie,9999-01-01,Engineer
29603,Kristina,Khamsi,9999-01-01,Staff
29623,Heekeun,Stille,9999-01-01,Engineer
29651,Divier,Knightly,9999-01-01,Staff
29652,Khatoun,Chleq,9999-01-01,Staff
29659,Adel,Pokrovskii,9999-01-01,Senior Staff
29690,Eran,Fioravanti,9999-01-01,Senior Staff
29715,Dinah,Valette,9999-01-01,Engineer
29719,Sumant,Takkinen,9999-01-01,Senior Staff
29722,Aron,Flanders,9999-01-01,Engineer
29729,Alassane,Bernatsky,9999-01-01,Staff
29739,Danil,Comyn,9999-01-01,Senior Engineer
29759,Arif,Thimonier,9999-01-01,Staff
29760,Jinya,Paludetto,9999-01-01,Senior Staff
29777,Dharmaraja,Muntz,9999-01-01,Staff
29788,Radhia,Kaminger,9999-01-01,Engineer
29795,Kristine,Sessa,9999-01-01,Senior Staff
29797,Selwyn,Krzyzanowski,9999-01-01,Technique Leader
29802,Herb,Paciorek,9999-01-01,Engineer
29810,Arne,Madeira,9999-01-01,Engineer
29811,Erzsebet,Kohling,9999-01-01,Technique Leader
29812,Yefim,Gimarc,9999-01-01,Engineer
29816,Kiyomitsu,Munck,9999-01-01,Senior Engineer
29817,Florian,Sadowski,9999-01-01,Engineer
29825,Jeong,Kenevan,9999-01-01,Senior Engineer
29829,Pranjal,Pepe,9999-01-01,Senior Engineer
29856,Yuichiro,Pardalos,9999-01-01,Senior Engineer
29871,Xiaobin,Pocchiola,9999-01-01,Senior Engineer
29877,Mingsen,Kitai,9999-01-01,Staff
29902,Kasturi,Asser,9999-01-01,Senior Staff
29917,Sahrah,Roohalamini,9999-01-01,Engineer
29919,Goa,Kugler,9999-01-01,Engineer
29946,Shooichi,McClure,9999-01-01,Staff
29948,Elzbieta,Kruskal,9999-01-01,Engineer
29950,Laurentiu,Vasanthakumar,9999-01-01,Assistant Engineer
29952,Jianhao,Kusakari,9999-01-01,Engineer
29955,Dannz,Bondorf,9999-01-01,Staff
29969,Lena,McAffer,9999-01-01,Senior Engineer
29983,Lucian,Christ,9999-01-01,Engineer
29985,Marin,Roisin,9999-01-01,Senior Engineer
29991,Aral,Rosenbaum,9999-01-01,Senior Staff
29996,Gennady,Pfau,9999-01-01,Engineer
30000,Matt,Avouris,9999-01-01,Engineer
30001,Izaskun,Morton,9999-01-01,Staff
30008,Tsutomu,Kalafatis,9999-01-01,Engineer
30039,Ronghao,Antonisse,9999-01-01,Engineer
30062,Phuoc,Ertl,9999-01-01,Engineer
30075,Bojan,Zedlitz,9999-01-01,Senior Staff
30078,Greger,Thummel,9999-01-01,Senior Staff
30083,Wanqing,Burnard,9999-01-01,Engineer
30084,Jiafu,Cronin,9999-01-01,Senior Engineer
30092,Kristof,Pusterhofer,9999-01-01,Senior Engineer
30101,Berni,Olano,9999-01-01,Technique Leader
30103,Murthy,Gini,9999-01-01,Staff
30106,Zeljko,Yamaashi,9999-01-01,Engineer
30123,Rosita,Baba,9999-01-01,Technique Leader
30136,Unal,Baranowski,9999-01-01,Senior Staff
30143,Indrajit,Huttel,9999-01-01,Senior Staff
30148,Lakshmi,Linnainmaa,9999-01-01,Staff
30167,Sorina,Tiemann,9999-01-01,Senior Engineer
30179,Shirish,Krzyzanowski,9999-01-01,Staff
30189,Krisda,Koblick,9999-01-01,Technique Leader
30206,Toong,Mandelberg,9999-01-01,Senior Staff
30209,Yannis,Aloisi,9999-01-01,Staff
30226,Shiv,Reghbati,9999-01-01,Engineer
30241,Kensyu,Thiran,9999-01-01,Senior Engineer
30269,Dharmaraja,Valtorta,9999-01-01,Senior Staff
30274,Hironoby,Chiola,9999-01-01,Engineer
30275,Miquel,Malabarba,9999-01-01,Senior Engineer
30276,Kazuhiko,Matheson,9999-01-01,Senior Engineer
30285,Parke,Cyre,9999-01-01,Senior Engineer
30302,Amstein,Sankaranarayanan,9999-01-01,Staff
30309,Jayesh,Azevdeo,9999-01-01,Staff
30310,Mototsugu,Senzako,9999-01-01,Engineer
30313,Srinidhi,Candan,9999-01-01,Senior Engineer
30330,Caolyn,Nitsch,9999-01-01,Senior Staff
30331,Lene,Vuskovic,9999-01-01,Senior Engineer
30334,Yongqiao,Atchley,9999-01-01,Staff
30351,Djenana,Blokdijk,9999-01-01,Senior Staff
30364,Miquel,Byoun,9999-01-01,Engineer
30372,Xiadong,Maccarone,9999-01-01,Staff
30373,Jayesh,Vasanthakumar,9999-01-01,Senior Staff
30374,Xiaocheng,Reinhart,9999-01-01,Engineer
30380,Jianhao,Templeman,9999-01-01,Engineer
30396,Vishv,Hmelo,9999-01-01,Senior Engineer
30407,Toshiki,Coors,9999-01-01,Senior Staff
30408,Masasuke,Crelier,9999-01-01,Engineer
30410,Feiyu,Menyhert,9999-01-01,Staff
30418,Adit,Perl,9999-01-01,Staff
30424,Hsiangchu,Jenevein,9999-01-01,Engineer
30425,Rimli,Akazan,9999-01-01,Staff
30434,Shay,Sury,9999-01-01,Technique Leader
30454,Pradeep,Plessier,9999-01-01,Senior Engineer
30466,Sumant,Giaccio,9999-01-01,Staff
30470,Siamak,Jayawardene,9999-01-01,Engineer
30479,Shigenori,Kampfer,9999-01-01,Engineer
30497,Youjian,Pettis,9999-01-01,Senior Staff
30509,Keiichiro,Comellas,9999-01-01,Senior Staff
30525,Snehasis,Matzen,9999-01-01,Senior Staff
30537,Bluma,Gini,9999-01-01,Senior Engineer
30546,Janalee,Oehlmann,9999-01-01,Senior Staff
30557,Goncalo,Manders,9999-01-01,Staff
30569,Haldon,Gajiwala,9999-01-01,Senior Engineer
30571,Ziva,Bonifati,9999-01-01,Engineer
30573,Marie,Rijckaert,9999-01-01,Technique Leader
30577,JoAnna,Rosaz,9999-01-01,Engineer
30588,Chandrasekaran,Tokunaga,9999-01-01,Staff
30589,Chirstian,Reistad,9999-01-01,Engineer
30601,Gilbert,Cyne,9999-01-01,Staff
30606,Chuanyi,Shrader,9999-01-01,Senior Engineer
30622,Naftali,Perko,9999-01-01,Senior Engineer
30624,Gou,Rosiles,9999-01-01,Staff
30633,Arra,Ranta,9999-01-01,Senior Engineer
30634,Patricio,Farrel,9999-01-01,Senior Engineer
30644,Marlo,Hegner,9999-01-01,Assistant Engineer
30648,Macha,Chartres,9999-01-01,Senior Engineer
30655,Xuedong,Anandan,9999-01-01,Senior Staff
30656,Gritta,Ranst,9999-01-01,Engineer
30663,Gurbir,Sigstam,9999-01-01,Senior Staff
30666,Guadalupe,Clemencon,9999-01-01,Senior Engineer
30670,Lillian,Zizka,9999-01-01,Staff
30673,Berry,Ozeki,9999-01-01,Senior Staff
30679,Shushma,Gargeya,9999-01-01,Senior Staff
30689,Jeong,Potthoff,9999-01-01,Senior Staff
30702,Vincent,Shumilov,9999-01-01,Assistant Engineer
30705,Satoru,Teitelbaum,9999-01-01,Staff
30727,Toshimitsu,Sury,9999-01-01,Staff
30730,Willard,Pelc,9999-01-01,Senior Staff
30744,Khatoun,Fadgyas,9999-01-01,Staff
30761,Hisao,Iisaka,9999-01-01,Engineer
30769,Berry,Frolund,9999-01-01,Senior Staff
30791,Xiong,Ariola,9999-01-01,Technique Leader
30802,Keung,Bernini,9999-01-01,Senior Engineer
30819,Sachio,Asrin,9999-01-01,Engineer
30824,Subbu,Bellone,9999-01-01,Staff
30828,Duke,Baumann,9999-01-01,Senior Engineer
30831,Arno,Kermarrec,9999-01-01,Senior Staff
30833,Chaoyi,Cichocki,9999-01-01,Engineer
30834,Van,Erdi,9999-01-01,Senior Staff
30846,Nidapan,Montresor,9999-01-01,Senior Engineer
30851,Ortrun,Castellani,9999-01-01,Senior Staff
30856,Chaosheng,Lampe,9999-01-01,Senior Engineer
30899,Dannz,Keirsey,9999-01-01,Staff
30923,Chandrasekaran,Ellozy,9999-01-01,Staff
30936,Rosalyn,Attimonelli,9999-01-01,Senior Engineer
30948,Xinan,Lunt,9999-01-01,Senior Engineer
30951,Alagu,Matzen,9999-01-01,Senior Engineer
30968,Ingemar,Karlin,9999-01-01,Staff
30998,Zhongwei,Ebeling,9999-01-01,Engineer
30999,Yuuichi,Lorys,9999-01-01,Senior Staff
31005,Ulises,Gustavson,9999-01-01,Senior Engineer
31019,Arve,Junot,9999-01-01,Senior Engineer
31024,Xiadong,Ciolek,9999-01-01,Staff
31036,Vivian,Orlowski,9999-01-01,Engineer
31058,Abdulah,Frezza,9999-01-01,Senior Engineer
31066,Sadun,Papsdorf,9999-01-01,Senior Staff
31070,Tru,Solares,9999-01-01,Staff
31085,Venkatesan,Merks,9999-01-01,Engineer
31089,Kshitij,Cannane,9999-01-01,Senior Staff
31104,King,Gihr,9999-01-01,Senior Staff
31106,Oscal,Kulisch,9999-01-01,Senior Staff
31119,Yishay,Menhardt,9999-01-01,Senior Engineer
31122,Remko,Ghemri,9999-01-01,Senior Engineer
31127,Mizuhito,Puppo,9999-01-01,Senior Staff
31128,Serif,Frolund,9999-01-01,Assistant Engineer
31131,Conal,Zolotykh,9999-01-01,Staff
31132,Barna,Ghalwash,9999-01-01,Senior Staff
31146,Shaibal,Asmuth,9999-01-01,Staff
31167,Constantijn,Reinhard,9999-01-01,Senior Engineer
31171,Sashi,Przulj,9999-01-01,Staff
31189,Shounak,Erdmenger,9999-01-01,Staff
31196,Barry,Emmart,9999-01-01,Senior Engineer
31213,Koldo,Lamparter,9999-01-01,Senior Staff
31220,Radoslaw,Lund,9999-01-01,Senior Staff
31224,Uta,Apsitis,9999-01-01,Senior Staff
31227,Aluzio,McConalogue,9999-01-01,Engineer
31244,Masasuke,Rohrbach,9999-01-01,Staff
31253,Troy,Pepe,9999-01-01,Senior Engineer
31257,Nectarios,Cherinka,9999-01-01,Senior Engineer
31263,Yurij,Pena,9999-01-01,Senior Engineer
31286,Marsha,Magliocco,9999-01-01,Engineer
31290,Masoud,Coullard,9999-01-01,Assistant Engineer
31292,Elgin,Terlouw,9999-01-01,Engineer
31305,Nadjib,Luiz,9999-01-01,Engineer
31318,Lorien,Bednarek,9999-01-01,Staff
31326,Tesuya,Conta,9999-01-01,Senior Engineer
31333,Kerhong,Jenevein,9999-01-01,Technique Leader
31340,Gennady,Marrakchi,9999-01-01,Senior Engineer
31343,Heon,Denos,9999-01-01,Senior Staff
31344,Saddek,Gerteisen,9999-01-01,Senior Staff
31348,Ravishankar,Randi,9999-01-01,Senior Staff
31362,Bikash,Straney,9999-01-01,Engineer
31363,Hidde,Merli,9999-01-01,Senior Staff
31367,Paloma,Antonakopoulos,9999-01-01,Engineer
31371,Feixiong,Hartvigsen,9999-01-01,Senior Engineer
31373,Nevin,Wuwongse,9999-01-01,Engineer
31380,Sastry,Coullard,9999-01-01,Engineer
31385,Barry,Daescu,9999-01-01,Senior Staff
31390,Fei,Liedekerke,9999-01-01,Staff
31394,Martial,Lieberherr,9999-01-01,Staff
31395,Jayesh,Wursthorn,9999-01-01,Staff
31401,Hein,Sigstam,9999-01-01,Senior Staff
31402,Stabislas,Cools,9999-01-01,Senior Engineer
31404,Gererd,Narlikar,9999-01-01,Assistant Engineer
31410,Mountaz,Iwayama,9999-01-01,Engineer
31423,Otilia,Ranta,9999-01-01,Engineer
31426,Guozhong,Polajnar,9999-01-01,Engineer
31429,Matk,Bernini,9999-01-01,Senior Staff
31435,Sedat,Conia,9999-01-01,Senior Engineer
31456,Tamiya,Rajcani,9999-01-01,Technique Leader
31493,Zhiwei,Gargeya,9999-01-01,Staff
31495,Akhilish,Coombs,9999-01-01,Technique Leader
31501,Martial,Penn,9999-01-01,Senior Engineer
31533,Trygve,Albarhamtoshy,9999-01-01,Senior Staff
31537,Mohd,Schahn,9999-01-01,Technique Leader
31543,Srinidhi,Siksek,9999-01-01,Engineer
31546,Isamu,Silva,9999-01-01,Engineer
31557,Denny,Kalafatis,9999-01-01,Staff
31558,Shuzo,Hmelo,9999-01-01,Senior Staff
31563,Pradeep,Kushner,9999-01-01,Senior Staff
31571,Jagoda,Reutenauer,9999-01-01,Technique Leader
31587,Heather,Henseler,9999-01-01,Engineer
31593,Kamakshi,Merey,9999-01-01,Senior Engineer
31594,Abdelkader,Birta,9999-01-01,Senior Staff
31630,Fabrizio,Businaro,9999-01-01,Engineer
31631,Tuval,Kavvadias,9999-01-01,Senior Staff
31634,Mohua,Rubsam,9999-01-01,Engineer
31641,Aram,Syrzycki,9999-01-01,Senior Engineer
31650,Neven,Savasere,9999-01-01,Senior Staff
31658,Byong,Aloia,9999-01-01,Senior Engineer
31667,Hairong,Spataro,9999-01-01,Senior Engineer
31671,Mingdong,Trystram,9999-01-01,Senior Staff
31674,Jixiang,Bernini,9999-01-01,Senior Staff
31697,Malu,Msuda,9999-01-01,Engineer
31700,Weiyi,Ranft,9999-01-01,Staff
31702,Florian,Isard,9999-01-01,Staff
31704,Alagu,Randt,9999-01-01,Senior Engineer
31709,Jinpo,Boissier,9999-01-01,Senior Engineer
31719,JoAnne,Caine,9999-01-01,Senior Staff
31738,Edwin,Unno,9999-01-01,Senior Engineer
31740,Goo,Domenig,9999-01-01,Staff
31741,Valeri,Kenevan,9999-01-01,Staff
31745,Sergi,Rodham,9999-01-01,Senior Engineer
31750,Fabrizio,DuBourdieux,9999-01-01,Staff
31763,Tetsurou,Fadgyas,9999-01-01,Senior Engineer
31765,Ipke,Tasistro,9999-01-01,Engineer
31770,Weiyi,Couchot,9999-01-01,Staff
31777,Pragnesh,Kumaresan,9999-01-01,Engineer
31783,Ugo,Thambidurai,9999-01-01,Engineer
31791,Saddek,Debuse,9999-01-01,Senior Staff
31796,Leen,Vakili,9999-01-01,Engineer
31802,Murthy,Huhdanpaa,9999-01-01,Senior Engineer
31810,Jasminko,Gill,9999-01-01,Engineer
31811,Zine,Raney,9999-01-01,Staff
31824,Remko,Pezzoli,9999-01-01,Senior Staff
31849,Chaitali,Sabnani,9999-01-01,Engineer
31858,Geoffrey,Benantar,9999-01-01,Staff
31864,Zhenbing,Bahl,9999-01-01,Senior Engineer
31865,Ramzi,Schade,9999-01-01,Engineer
31868,Dhritiman,Jervis,9999-01-01,Engineer
31872,Sanjay,Georgakopoulos,9999-01-01,Staff
31877,Masoud,Ossenbruggen,9999-01-01,Engineer
31890,Dekang,Shiratori,9999-01-01,Staff
31910,Koldo,Vingron,9999-01-01,Staff
31915,Kazuhide,Speckmann,9999-01-01,Senior Engineer
31929,Chanjung,Penn,9999-01-01,Technique Leader
31931,Alenka,Leppanen,9999-01-01,Senior Staff
31932,Sajjan,Bernardinello,9999-01-01,Senior Engineer
31933,Arun,Huhdanpaa,9999-01-01,Engineer
31952,Giap,Christianini,9999-01-01,Staff
31956,Ziyad,Gecsei,9999-01-01,Senior Staff
31970,Taegyun,Zaumen,9999-01-01,Engineer
31999,Stabislas,Siksek,9999-01-01,Senior Staff
32001,Mari,Attimonelli,9999-01-01,Senior Staff
32026,Lansing,Skrikant,9999-01-01,Staff
32027,Mong,Sidhu,9999-01-01,Senior Staff
32032,Harjit,Kermarrec,9999-01-01,Senior Staff
32037,Bader,Ozeri,9999-01-01,Engineer
32053,Arunachalam,Tiemann,9999-01-01,Assistant Engineer
32054,Kersti,Bahk,9999-01-01,Senior Engineer
32056,Parviz,Lieblein,9999-01-01,Senior Staff
32064,Mandell,Gammage,9999-01-01,Senior Staff
32089,Jianhua,Bardell,9999-01-01,Engineer
32118,Serenella,Litvinov,9999-01-01,Engineer
32138,Anyuan,Facello,9999-01-01,Senior Staff
32147,Shahaf,Basart,9999-01-01,Senior Engineer
32150,Chenxi,Narwekar,9999-01-01,Senior Staff
32151,Martine,Pileggi,9999-01-01,Senior Staff
32158,Fun,Ranta,9999-01-01,Senior Engineer
32167,Christophe,Sury,9999-01-01,Senior Staff
32168,Yaghout,Swick,9999-01-01,Technique Leader
32171,Zhaofang,Setia,9999-01-01,Senior Engineer
32174,Mohua,Kaltofen,9999-01-01,Assistant Engineer
32180,Abdelaziz,Hofman,9999-01-01,Senior Staff
32193,Margareta,Szmurlo,9999-01-01,Senior Staff
32197,Claude,Highland,9999-01-01,Senior Staff
32200,Nalini,Sadowsky,9999-01-01,Assistant Engineer
32203,Stamatina,Gulak,9999-01-01,Senior Staff
32204,Garnet,Leppanen,9999-01-01,Staff
32213,Tzvetan,Bashian,9999-01-01,Senior Staff
32221,Pranas,Snedden,9999-01-01,Senior Staff
32233,Kenroku,Benveniste,9999-01-01,Engineer
32237,Yucai,Range,9999-01-01,Staff
32239,Xumin,Cummings,9999-01-01,Senior Staff
32244,Mitsuyuki,Mitsuhashi,9999-01-01,Engineer
32246,Georg,Onuegbe,9999-01-01,Staff
32251,Inderjeet,Tsukuda,9999-01-01,Staff
32252,Marke,Bratten,9999-01-01,Senior Engineer
32261,Bernt,Dehkordi,9999-01-01,Senior Engineer
32269,Kannan,Cangellaris,9999-01-01,Senior Staff
32296,Baruch,Peris,9999-01-01,Senior Engineer
32297,Chandrasekaran,Loncour,9999-01-01,Senior Engineer
32303,Bodh,Merli,9999-01-01,Senior Staff
32340,Maria,Tiemann,9999-01-01,Senior Engineer
32349,Hairong,DiGiano,9999-01-01,Senior Staff
32368,Ebru,Ravishankar,9999-01-01,Staff
32372,Randy,Nitsch,9999-01-01,Staff
32405,Vitaly,Haumacher,9999-01-01,Senior Engineer
32430,Yongdong,Hellwagner,9999-01-01,Senior Engineer
32433,Remzi,Hoppenstand,9999-01-01,Senior Staff
32442,Leucio,Remmele,9999-01-01,Senior Engineer
32444,Ioana,Ventosa,9999-01-01,Senior Staff
32445,Kristian,Angelopoulos,9999-01-01,Senior Engineer
32449,Gal,Sabnani,9999-01-01,Senior Engineer
32455,Lokesh,Brlek,9999-01-01,Engineer
32458,Conal,Uehara,9999-01-01,Senior Staff
32465,Yucel,Dymetman,9999-01-01,Senior Engineer
32467,Berna,Dulay,9999-01-01,Senior Engineer
32468,Rafols,Masamoto,9999-01-01,Senior Staff
32481,Dipankar,Nanard,9999-01-01,Senior Staff
32483,Gay,Tsukune,9999-01-01,Senior Staff
32487,Neven,Hambrick,9999-01-01,Senior Staff
32488,Jeanne,Merks,9999-01-01,Engineer
32499,Jouko,Hellwagner,9999-01-01,Senior Engineer
32505,Sailaja,Gustavson,9999-01-01,Senior Staff
32531,Heng,Zirintsis,9999-01-01,Engineer
32540,Chrisa,Jervis,9999-01-01,Engineer
32559,Ingemar,Thombley,9999-01-01,Engineer
32563,Gritta,Larfeldt,9999-01-01,Engineer
32564,Hatem,Miake,9999-01-01,Senior Staff
32578,Billie,Chleq,9999-01-01,Staff
32580,Kirk,Facello,9999-01-01,Senior Engineer
32587,Sugwoo,Ballarin,9999-01-01,Engineer
32596,Naftaly,Gelosh,9999-01-01,Engineer
32615,Geoffrey,Sadowski,9999-01-01,Staff
32626,Ulf,Ambroszkiewicz,9999-01-01,Senior Engineer
32641,Tua,Tetzlaff,9999-01-01,Engineer
32642,Danel,Garigliano,9999-01-01,Assistant Engineer
32653,Renny,Wielonsky,9999-01-01,Staff
32656,Boriana,Lemarechal,9999-01-01,Staff
32686,Ioana,Gien,9999-01-01,Senior Staff
32689,Gladys,Heusch,9999-01-01,Staff
32703,DeForest,Klyachko,9999-01-01,Staff
32724,Alselm,Janocha,9999-01-01,Senior Staff
32730,Charlene,Montresor,9999-01-01,Senior Engineer
32731,Honesty,Morrey,9999-01-01,Senior Engineer
32734,Kazuhira,Lagarias,9999-01-01,Staff
32737,Haldon,Vuskovic,9999-01-01,Senior Staff
32740,Ishfaq,DuBourdieux,9999-01-01,Senior Engineer
32765,Yurij,Mitchem,9999-01-01,Senior Engineer
32776,Charlene,Bodoff,9999-01-01,Senior Staff
32796,Duke,Picaronny,9999-01-01,Engineer
32797,Martial,Ginesta,9999-01-01,Senior Engineer
32830,Oscar,Luke,9999-01-01,Technique Leader
32835,Wanqing,Thambidurai,9999-01-01,Senior Engineer
32849,Adib,Kornyak,9999-01-01,Senior Engineer
32858,Tesuro,Fioravanti,9999-01-01,Staff
32864,Anyuan,Stifter,9999-01-01,Staff
32871,DeForest,Rullman,9999-01-01,Staff
32891,Vasilis,Ozeki,9999-01-01,Senior Engineer
32892,Sudharsan,Pfau,9999-01-01,Technique Leader
32901,Theirry,Hinsberger,9999-01-01,Engineer
32903,Maja,Terlouw,9999-01-01,Engineer
32919,Lenore,Schaad,9999-01-01,Staff
32925,Xiaoqiu,Zwicker,9999-01-01,Senior Staff
32928,Shigeu,Kalloufi,9999-01-01,Staff
32931,Almudena,DasSarma,9999-01-01,Staff
32938,Qunsheng,Perna,9999-01-01,Senior Engineer
32951,Tianruo,Hockney,9999-01-01,Engineer
32955,Basim,Dredge,9999-01-01,Senior Engineer
32959,Ebru,Broomell,9999-01-01,Senior Staff
32972,Ebbe,Matzov,9999-01-01,Senior Staff
32979,Xumin,Swift,9999-01-01,Senior Staff
32992,Tayeb,Yamaashi,9999-01-01,Senior Engineer
33000,Kazunori,Gustavson,9999-01-01,Senior Staff
33006,Saniya,Einsfeld,9999-01-01,Staff
33008,Keiichiro,Birnbaum,9999-01-01,Senior Staff
33009,Tsutomu,Chinin,9999-01-01,Senior Staff
33018,Christophe,Baer,9999-01-01,Assistant Engineer
33028,Salvador,Tzvieli,9999-01-01,Senior Engineer
33076,Geoff,Ranon,9999-01-01,Senior Engineer
33079,Tomoyuki,Lampe,9999-01-01,Staff
33085,Kristinn,Jullig,9999-01-01,Senior Engineer
33097,Kish,Fiebach,9999-01-01,Senior Engineer
33106,Wonhee,Chaudhuri,9999-01-01,Staff
33115,Padma,Peyn,9999-01-01,Senior Engineer
33125,Jaewon,Dulay,9999-01-01,Senior Staff
33126,Charmane,Marwedel,9999-01-01,Engineer
33137,Shietung,Ranon,9999-01-01,Staff
33139,Duangkaew,Leppanen,9999-01-01,Staff
33151,Koldo,Vecchio,9999-01-01,Engineer
33164,Marie,Levergood,9999-01-01,Senior Engineer
33170,Huiqun,Kroon,9999-01-01,Senior Staff
33183,Haldun,Veldwijk,9999-01-01,Engineer
33184,Kazuhiro,Kaelbling,9999-01-01,Staff
33186,Domenick,Hanratty,9999-01-01,Senior Engineer
33191,Almudena,Hopewell,9999-01-01,Senior Engineer
33196,Jungsoon,Gist,9999-01-01,Staff
33205,Matk,Egerstedt,9999-01-01,Senior Engineer
33211,Prodip,DuBourdieux,9999-01-01,Senior Engineer
33216,Zdislav,Thombley,9999-01-01,Senior Staff
33221,Makato,Demri,9999-01-01,Engineer
33225,Mani,Ranta,9999-01-01,Senior Staff
33226,Kenton,Hegner,9999-01-01,Assistant Engineer
33244,Genki,Hitomi,9999-01-01,Staff
33248,Lucian,Cronin,9999-01-01,Senior Engineer
33255,Alejandra,Straney,9999-01-01,Technique Leader
33257,Duri,Rotem,9999-01-01,Staff
33259,Djelloul,Pietrzykowski,9999-01-01,Staff
33270,Chanjung,Ebeling,9999-01-01,Staff
33279,Arne,Felder,9999-01-01,Staff
33288,Hinrich,Fetvedt,9999-01-01,Senior Engineer
33306,Tesuro,Spell,9999-01-01,Assistant Engineer
33309,Kien,Bodoff,9999-01-01,Senior Engineer
33313,Oguz,Staylopatis,9999-01-01,Engineer
33343,Chiradeep,Gunderson,9999-01-01,Senior Staff
33383,Alois,Luga,9999-01-01,Senior Engineer
33386,Sadok,Eiter,9999-01-01,Engineer
33399,Roded,Lorcy,9999-01-01,Staff
33402,Leni,Carrere,9999-01-01,Senior Engineer
33408,Shigeo,Denis,9999-01-01,Engineer
33423,Jinpo,Koblick,9999-01-01,Senior Staff
33427,Shalesh,Mitsuhashi,9999-01-01,Senior Engineer
33470,Nechama,Potthoff,9999-01-01,Senior Engineer
33472,Hsiangchu,Chvatal,9999-01-01,Engineer
33477,Shietung,Ventosa,9999-01-01,Senior Staff
33494,Limsoon,Gihr,9999-01-01,Engineer
33510,Shaibal,Christ,9999-01-01,Engineer
33512,Raimond,Biran,9999-01-01,Senior Engineer
33518,Perla,Birsak,9999-01-01,Senior Engineer
33530,Toney,Garigliano,9999-01-01,Engineer
33555,Wojceich,Kawashima,9999-01-01,Staff
33562,Shigenori,Zobel,9999-01-01,Senior Engineer
33563,Sastry,Akazan,9999-01-01,Staff
33574,Mabhin,McAffer,9999-01-01,Senior Engineer
33591,Sugwoo,Picaronny,9999-01-01,Senior Staff
33619,Brendon,Hardjono,9999-01-01,Engineer
33628,Macha,Ritcey,9999-01-01,Senior Engineer
33631,Tonny,Ozeri,9999-01-01,Senior Staff
33648,Giri,Denos,9999-01-01,Senior Engineer
33649,Danil,Peng,9999-01-01,Engineer
33652,Nimmagadda,Bridgland,9999-01-01,Engineer
33655,Zvonko,Lovengreen,9999-01-01,Technique Leader
33675,Wojceich,Lichtman,9999-01-01,Senior Engineer
33696,Danny,Famili,9999-01-01,Engineer
33698,Mohan,Dalton,9999-01-01,Senior Staff
33702,Selwyn,Nannarelli,9999-01-01,Staff
33727,Uno,Highland,9999-01-01,Senior Staff
33736,DeForest,Koyama,9999-01-01,Senior Engineer
33743,Bodh,Junet,9999-01-01,Senior Staff
33748,Bernt,Argence,9999-01-01,Engineer
33767,Dekang,Kenevan,9999-01-01,Engineer
33768,Karoline,Fontan,9999-01-01,Staff
33784,Alenka,Mandelberg,9999-01-01,Senior Staff
33787,Malu,Kriebel,9999-01-01,Engineer
33792,Ashish,Nitsche,9999-01-01,Technique Leader
33799,Kellie,Doering,9999-01-01,Senior Staff
33800,Peternela,Bottner,9999-01-01,Staff
33812,Patricio,Basawa,9999-01-01,Staff
33838,Adit,Ranai,9999-01-01,Staff
33852,Marek,Prochazka,9999-01-01,Senior Staff
33857,Hidefumi,Gulla,9999-01-01,Technique Leader
33871,Vivian,Erdmenger,9999-01-01,Senior Staff
33894,Harngdar,Bratten,9999-01-01,Senior Staff
33907,Jaihie,Kisuki,9999-01-01,Staff
33913,Niteen,Binkley,9999-01-01,Staff
33923,Chinhyun,Argence,9999-01-01,Senior Staff
33927,Bezalel,Haumacher,9999-01-01,Senior Engineer
33983,Tesuya,Denis,9999-01-01,Senior Engineer
33991,Zeydy,Makrucki,9999-01-01,Senior Staff
33996,Subbu,Olivero,9999-01-01,Senior Staff
33998,Apostol,Polupanov,9999-01-01,Engineer
34006,Perry,Cairo,9999-01-01,Senior Engineer
34013,Gad,Dolinsky,9999-01-01,Engineer
34025,Shridhar,Bridgland,9999-01-01,Senior Staff
34028,Heejo,Kieras,9999-01-01,Senior Engineer
34030,Nobuyoshi,Rodiger,9999-01-01,Staff
34032,Weiwu,Gopalakrishnan,9999-01-01,Assistant Engineer
34049,Tadanori,Brookner,9999-01-01,Staff
34050,Youjian,Angot,9999-01-01,Senior Staff
34051,Jordanka,Motley,9999-01-01,Senior Engineer
34052,Bojan,Decaestecker,9999-01-01,Senior Staff
34070,Sivanarayana,Champarnaud,9999-01-01,Engineer
34075,Chaosheng,Peternell,9999-01-01,Senior Staff
34082,Yechiam,Jakobus,9999-01-01,Engineer
34112,Nirmal,Kinley,9999-01-01,Engineer
34122,DeForest,Rossi,9999-01-01,Engineer
34129,Takanari,Kolinko,9999-01-01,Senior Engineer
34130,Mahendra,Perry,9999-01-01,Engineer
34143,Gay,Beilner,9999-01-01,Engineer
34150,Leen,Miculan,9999-01-01,Staff
34151,Guttorm,Reinhard,9999-01-01,Staff
34158,Mohammed,Syrotiuk,9999-01-01,Senior Staff
34166,Naftali,Rahimi,9999-01-01,Senior Engineer
34176,Waiman,Plessier,9999-01-01,Senior Engineer
34180,Ger,McClure,9999-01-01,Senior Engineer
34184,Shiv,Klassen,9999-01-01,Senior Engineer
34203,Pragnesh,Tramer,9999-01-01,Senior Staff
34207,Pohua,Bernardeschi,9999-01-01,Senior Engineer
34208,Rosine,Tsunoo,9999-01-01,Senior Engineer
34215,Otilia,Pietrzykowski,9999-01-01,Senior Staff
34231,Sachar,Emiris,9999-01-01,Engineer
34241,Remco,Ariola,9999-01-01,Senior Staff
34254,Moon,Marletta,9999-01-01,Senior Engineer
34257,Xiaoqiang,Roisin,9999-01-01,Senior Engineer
34258,Anestis,Talmor,9999-01-01,Senior Staff
34268,Soenke,Kitai,9999-01-01,Engineer
34277,Vatsa,Weedman,9999-01-01,Technique Leader
34304,Arvind,Gulik,9999-01-01,Staff
34329,Goo,Bernatsky,9999-01-01,Engineer
34333,Jaihie,Luef,9999-01-01,Senior Staff
34334,Stafford,Veevers,9999-01-01,Senior Engineer
34336,Honesty,Schurmann,9999-01-01,Engineer
34338,Hairong,Emden,9999-01-01,Senior Engineer
34354,Kristen,Acton,9999-01-01,Staff
34358,Jaihie,Dulin,9999-01-01,Engineer
34368,Wonhee,Ranon,9999-01-01,Senior Staff
34377,Hidde,Menhoudj,9999-01-01,Senior Engineer
34382,Kayoko,Ravishankar,9999-01-01,Senior Staff
34385,Maja,Walston,9999-01-01,Engineer
34401,Uno,Lanteri,9999-01-01,Senior Engineer
34406,Yefim,Mitsuhashi,9999-01-01,Staff
34417,Gio,Flexer,9999-01-01,Staff
34482,Jouko,Lortz,9999-01-01,Staff
34489,Yaghout,Krychniak,9999-01-01,Senior Staff
34522,Sibyl,Rijckaert,9999-01-01,Senior Engineer
34536,Danil,Narahari,9999-01-01,Senior Engineer
34538,Pranjal,Rossi,9999-01-01,Engineer
34550,Szabolcs,Borstler,9999-01-01,Senior Staff
34552,Souichi,Llado,9999-01-01,Staff
34564,Shao,Suomi,9999-01-01,Technique Leader
34578,Jahangir,Baaz,9999-01-01,Technique Leader
34584,Uzi,Chartres,9999-01-01,Senior Staff
34587,Duri,Perna,9999-01-01,Senior Engineer
34597,Jouko,Bolotov,9999-01-01,Staff
34599,Insup,Peltason,9999-01-01,Senior Engineer
34600,Godehard,Middleton,9999-01-01,Staff
34602,Garnet,Flasterstein,9999-01-01,Senior Engineer
34605,Arunachalam,Middleton,9999-01-01,Senior Engineer
34610,Xinan,Ranum,9999-01-01,Engineer
34626,Udi,McConalogue,9999-01-01,Senior Engineer
34630,Xiaoshan,Whittlesey,9999-01-01,Staff
34632,Licheng,Clouatre,9999-01-01,Senior Engineer
34641,Cathie,Jervis,9999-01-01,Senior Engineer
34647,Kerryn,Tiemann,9999-01-01,Senior Engineer
34651,Youngkon,Leaver,9999-01-01,Senior Staff
34661,Kiyokazu,Burnard,9999-01-01,Engineer
34670,Mihalis,Diderrich,9999-01-01,Engineer
34673,Unal,Pews,9999-01-01,Senior Staff
34690,Beshir,Litzkow,9999-01-01,Senior Engineer
34695,Margareta,Gadepally,9999-01-01,Senior Staff
34704,Jaques,Usery,9999-01-01,Engineer
34709,Anneli,Kragelund,9999-01-01,Senior Staff
34726,Shridhar,Emmart,9999-01-01,Staff
34730,Jiong,Terwilliger,9999-01-01,Senior Staff
34754,Maren,Llado,9999-01-01,Senior Staff
34759,Youngkon,Petersohn,9999-01-01,Engineer
34790,Uma,Krohn,9999-01-01,Senior Staff
34793,Monique,Huhdanpaa,9999-01-01,Engineer
34805,Marek,Siksek,9999-01-01,Engineer
34814,Rajmohan,Tsukune,9999-01-01,Senior Staff
34816,Chenyi,Schreiter,9999-01-01,Engineer
34827,Heng,Apsitis,9999-01-01,Staff
34839,Henk,Kermarrec,9999-01-01,Staff
34857,Weicheng,Birrer,9999-01-01,Senior Engineer
34873,Ingmar,Ruemmler,9999-01-01,Engineer
34882,Christophe,Suppi,9999-01-01,Senior Staff
34915,Christ,Tetzlaff,9999-01-01,Senior Staff
34928,Anwar,Flexer,9999-01-01,Senior Engineer
34938,Macha,Penz,9999-01-01,Engineer
34947,Mario,Perfilyeva,9999-01-01,Senior Staff
34958,Goetz,Oberman,9999-01-01,Senior Staff
34960,Vasilis,Luga,9999-01-01,Senior Staff
34961,Uno,Dolinsky,9999-01-01,Staff
34962,Adly,Rosay,9999-01-01,Engineer
34987,Rosella,Ariola,9999-01-01,Engineer
34996,Chinhyun,Butner,9999-01-01,Engineer
34999,Shim,Narwekar,9999-01-01,Engineer
35011,Charmane,Vernadat,9999-01-01,Senior Staff
35012,Noritoshi,Krybus,9999-01-01,Senior Staff
35016,Dinah,Awdeh,9999-01-01,Engineer
35031,Horward,Pearson,9999-01-01,Engineer
35042,Nahid,Servieres,9999-01-01,Staff
35045,Tooru,Hagimont,9999-01-01,Engineer
35046,Sachem,Luders,9999-01-01,Senior Staff
35059,Vitaly,Flasterstein,9999-01-01,Assistant Engineer
35070,Kirk,Masada,9999-01-01,Engineer
35072,Kagan,Sridhar,9999-01-01,Engineer
35085,Chandrasekaran,Goldhammer,9999-01-01,Senior Staff
35089,Paris,Lanzelotte,9999-01-01,Engineer
35093,Sverrir,Mateescu,9999-01-01,Senior Staff
35096,Gaetan,Olivero,9999-01-01,Engineer
35110,Reinhold,Speckmann,9999-01-01,Engineer
35123,Yechezkel,Schaaf,9999-01-01,Assistant Engineer
35138,Susuma,Boreale,9999-01-01,Engineer
35142,Conor,Uhrig,9999-01-01,Senior Engineer
35146,Kasturi,Cummings,9999-01-01,Engineer
35158,Anestis,Pramanik,9999-01-01,Engineer
35159,Mohammad,Demke,9999-01-01,Staff
35182,Uinam,Eldridge,9999-01-01,Senior Engineer
35216,Aleksander,Karnin,9999-01-01,Technique Leader
35226,Byong,Felcyn,9999-01-01,Engineer
35256,Wojceich,McDermid,9999-01-01,Senior Staff
35273,Zsolt,Mitsuhashi,9999-01-01,Senior Staff
35287,Yucel,Conta,9999-01-01,Senior Staff
35298,Houman,Esteva,9999-01-01,Engineer
35300,Chuanti,Chenoweth,9999-01-01,Senior Engineer
35329,Goetz,Lukaszewicz,9999-01-01,Staff
35331,Basim,Ghazalie,9999-01-01,Senior Engineer
35342,Elvis,Potthoff,9999-01-01,Senior Engineer
35352,Koldo,Kilgour,9999-01-01,Engineer
35363,Odoardo,England,9999-01-01,Staff
35365,Divier,Quadeer,9999-01-01,Senior Staff
35371,Arup,Chleq,9999-01-01,Senior Engineer
35394,Shmuel,Muchinsky,9999-01-01,Staff
35416,Heather,Wroclawski,9999-01-01,Senior Staff
35418,Mircea,Unni,9999-01-01,Staff
35423,Moss,Caine,9999-01-01,Senior Engineer
35425,Hinrich,Desikan,9999-01-01,Engineer
35429,Cathie,Ducloy,9999-01-01,Engineer
35440,Paloma,Xiaoshan,9999-01-01,Senior Engineer
35451,Jinya,Naudin,9999-01-01,Senior Staff
35470,Satoru,Ranai,9999-01-01,Senior Engineer
35476,Frederique,Heinisuo,9999-01-01,Senior Staff
35484,Jeane,Gire,9999-01-01,Engineer
35485,Margo,Tyugu,9999-01-01,Senior Engineer
35489,Jeanne,Godskesen,9999-01-01,Senior Staff
35495,Monique,Lichtner,9999-01-01,Technique Leader
35501,Gretta,Scharstein,9999-01-01,Engineer
35510,JoAnne,Merks,9999-01-01,Engineer
35550,Van,Hutton,9999-01-01,Senior Staff
35552,Sungwon,Cangellaris,9999-01-01,Senior Engineer
35554,Aran,Bahl,9999-01-01,Senior Staff
35557,Rosalyn,Cooman,9999-01-01,Senior Engineer
35558,Kshitij,Staudhammer,9999-01-01,Staff
35567,Sorina,Menhardt,9999-01-01,Engineer
35570,Baocai,Katzenelson,9999-01-01,Senior Engineer
35584,Gift,DasSarma,9999-01-01,Technique Leader
35589,Kyoichi,Trystram,9999-01-01,Engineer
35592,Arun,Chleq,9999-01-01,Senior Engineer
35610,Aruna,Kornyak,9999-01-01,Staff
35617,Guozhong,Yemenis,9999-01-01,Senior Engineer
35618,Arie,Auyong,9999-01-01,Assistant Engineer
35626,Yishay,Axelband,9999-01-01,Engineer
35635,Ekawit,Cangellaris,9999-01-01,Senior Staff
35640,Chriss,Lanphier,9999-01-01,Engineer
35644,Sreekrishna,Heusch,9999-01-01,Staff
35648,Dharmaraja,Schaaf,9999-01-01,Senior Staff
35659,Gro,Armand,9999-01-01,Staff
35666,Munehiko,Narwekar,9999-01-01,Senior Engineer
35681,Luise,Roisin,9999-01-01,Senior Engineer
35706,Gererd,Schwabacher,9999-01-01,Engineer
35736,Tonny,Pargas,9999-01-01,Engineer
35755,Xudong,Zultner,9999-01-01,Senior Engineer
35776,Martien,Fujisaki,9999-01-01,Senior Engineer
35780,Duro,Tyugu,9999-01-01,Staff
35788,Weiyi,Burnard,9999-01-01,Staff
35790,Barry,Ramsey,9999-01-01,Assistant Engineer
35797,Emran,Hiroyama,9999-01-01,Senior Engineer
35827,Kazuhisa,Azumi,9999-01-01,Senior Staff
35830,Magy,McFarlan,9999-01-01,Senior Engineer
35832,Elzbieta,Smeets,9999-01-01,Technique Leader
35860,Conrado,Zschoche,9999-01-01,Senior Engineer
35865,Claudi,Fujisaki,9999-01-01,Senior Engineer
35882,Sushant,Hambrick,9999-01-01,Engineer
35887,Heather,Wrigley,9999-01-01,Senior Engineer
35891,Bokyung,Birnbaum,9999-01-01,Engineer
35892,Ghassan,Olivero,9999-01-01,Staff
35902,Mayuko,Christ,9999-01-01,Engineer
35916,Wonhee,Talmon,9999-01-01,Senior Engineer
35919,Doowon,Jervis,9999-01-01,Senior Staff
35939,Hiroyasu,Demri,9999-01-01,Senior Staff
35960,Adam,Danlos,9999-01-01,Senior Staff
35979,Alenka,Stanfel,9999-01-01,Staff
35983,Shigehiro,Plavsic,9999-01-01,Staff
35991,Gurbir,Crelier,9999-01-01,Staff
35994,Ibibia,Conia,9999-01-01,Senior Engineer
36000,Weidon,Genin,9999-01-01,Senior Engineer
36002,Moto,Siepmann,9999-01-01,Staff
36009,Pranjal,Gonthier,9999-01-01,Senior Engineer
36023,Uma,Picaronny,9999-01-01,Senior Engineer
36032,Mikhail,Luck,9999-01-01,Staff
36042,Chaitali,Prochazka,9999-01-01,Staff
36043,Fai,Rubsam,9999-01-01,Staff
36048,Isaac,Marrakchi,9999-01-01,Senior Engineer
36055,Changho,Rubsam,9999-01-01,Staff
36073,Shirish,Gire,9999-01-01,Staff
36080,Sachar,Grabner,9999-01-01,Staff
36088,Conor,Gajiwala,9999-01-01,Staff
36109,Masaki,Farrag,9999-01-01,Senior Engineer
36131,Theron,Badache,9999-01-01,Engineer
36137,Fai,Famili,9999-01-01,Staff
36147,Richard,Syrotiuk,9999-01-01,Senior Staff
36159,Theron,Glinert,9999-01-01,Senior Engineer
36173,Rance,Takkinen,9999-01-01,Engineer
36174,Saeko,Escriba,9999-01-01,Assistant Engineer
36178,Bernt,Valette,9999-01-01,Senior Staff
36197,Adamantios,Eppinger,9999-01-01,Senior Staff
36205,Kwangjo,Falco,9999-01-01,Staff
36223,Fuqing,Cooley,9999-01-01,Engineer
36230,Khatoun,Borovoy,9999-01-01,Senior Staff
36235,Rajmohan,Rebaine,9999-01-01,Engineer
36246,Kaijung,Cummings,9999-01-01,Senior Engineer
36251,Kenroku,Seiwald,9999-01-01,Senior Staff
36266,Elvia,Fujisaki,9999-01-01,Staff
36272,Valeri,Alencar,9999-01-01,Engineer
36303,Amstein,Anandan,9999-01-01,Assistant Engineer
36309,Shawna,Badr,9999-01-01,Engineer
36311,Jahangir,Burnard,9999-01-01,Staff
36340,Xiaoqiu,Speek,9999-01-01,Engineer
36349,Aloys,Ladret,9999-01-01,Staff
36355,Aleksandar,Alblas,9999-01-01,Engineer
36368,Shaibal,Farris,9999-01-01,Engineer
36390,Randi,Potthoff,9999-01-01,Staff
36410,Navin,Steenbeek,9999-01-01,Staff
36412,Abdulah,Senzako,9999-01-01,Staff
36428,Izaskun,Verhaegen,9999-01-01,Staff
36441,Dekang,Pearson,9999-01-01,Engineer
36445,Sudharsan,Ellozy,9999-01-01,Senior Staff
36463,Chanjung,Burnard,9999-01-01,Staff
36491,Margareta,Luon,9999-01-01,Senior Engineer
36503,Somnath,Lundstrom,9999-01-01,Technique Leader
36516,Qiwen,Piazza,9999-01-01,Senior Engineer
36525,Dinkar,Aseltine,9999-01-01,Senior Engineer
36529,Toong,Bage,9999-01-01,Staff
36536,Alair,Miara,9999-01-01,Engineer
36537,Adin,Kawashima,9999-01-01,Engineer
36539,Gopalakrishnan,Farrar,9999-01-01,Senior Engineer
36542,Sibyl,Dredge,9999-01-01,Assistant Engineer
36555,Takahiro,Rothenberg,9999-01-01,Staff
36573,Xuedong,Lakshmanan,9999-01-01,Senior Engineer
36591,Heeju,Goodrum,9999-01-01,Senior Staff
36599,Genevieve,Munck,9999-01-01,Senior Engineer
36603,Heon,Unno,9999-01-01,Engineer
36617,Xiaobin,Sullins,9999-01-01,Senior Engineer
36622,Ashish,Rubsam,9999-01-01,Engineer
36625,Tetsushi,Unni,9999-01-01,Staff
36627,Mary,Quadeer,9999-01-01,Technique Leader
36640,Suebskul,Masand,9999-01-01,Engineer
36660,Uli,Potthoff,9999-01-01,Senior Staff
36688,Cristinel,Mateescu,9999-01-01,Senior Engineer
36692,Bedir,Guerreiro,9999-01-01,Technique Leader
36698,Aksel,Shackel,9999-01-01,Staff
36705,Zissis,Berztiss,9999-01-01,Senior Engineer
36709,Tsuneo,Hettesheimer,9999-01-01,Engineer
36718,Amabile,Walston,9999-01-01,Engineer
36722,Samphel,Zirintsis,9999-01-01,Technique Leader
36727,Zhaofang,Greibach,9999-01-01,Engineer
36738,Valeri,Haddadi,9999-01-01,Staff
36754,Fumiko,Negoita,9999-01-01,Engineer
36760,Fumiyo,Norsworthy,9999-01-01,Engineer
36761,Zeljko,Hinsberger,9999-01-01,Engineer
36777,Kristen,Rissland,9999-01-01,Engineer
36780,Annemarie,Schnabel,9999-01-01,Senior Engineer
36783,Gro,Bugrara,9999-01-01,Staff
36788,Kwee,Ulupinar,9999-01-01,Senior Engineer
36795,Nidapan,Einsfeld,9999-01-01,Staff
36799,Tetsushi,Murtagh,9999-01-01,Technique Leader
36810,Fox,Schach,9999-01-01,Senior Staff
36819,Tadahiro,Parveen,9999-01-01,Senior Staff
36843,Masali,Gopalakrishnan,9999-01-01,Assistant Engineer
36859,Lalit,Delgrande,9999-01-01,Engineer
36870,Jianhao,Luff,9999-01-01,Engineer
36871,Yechezkel,Gecsei,9999-01-01,Engineer
36874,Genki,Aloia,9999-01-01,Staff
36877,Shahaf,Ranst,9999-01-01,Senior Staff
36880,Dzung,Setlzner,9999-01-01,Staff
36895,Abdulla,Ozeri,9999-01-01,Engineer
36906,Anoosh,Kornyak,9999-01-01,Engineer
36916,Aleksandar,Danlos,9999-01-01,Staff
36917,Kolar,Karunanithi,9999-01-01,Engineer
36918,Howell,Shimshoni,9999-01-01,Engineer
36923,Parviz,Jeong,9999-01-01,Engineer
36930,Sadegh,Vasanthakumar,9999-01-01,Engineer
36942,Hairong,Coney,9999-01-01,Staff
36949,Xuejun,Schaad,9999-01-01,Staff
36951,Caolyn,Hoppenstand,9999-01-01,Senior Engineer
36953,Lihong,Butner,9999-01-01,Staff
36959,Morrie,Jenevein,9999-01-01,Staff
36961,Qiwen,Thorelli,9999-01-01,Engineer
36965,Yechiam,Munch,9999-01-01,Senior Engineer
36967,Shigehiro,Kuzuoka,9999-01-01,Staff
36968,Shin,Siprelle,9999-01-01,Staff
36986,Fabrizio,Lalonde,9999-01-01,Senior Engineer
36987,Brigham,Erde,9999-01-01,Staff
36999,Arunas,Range,9999-01-01,Senior Staff
37006,Steve,Staelin,9999-01-01,Senior Staff
37023,Shiv,Flasterstein,9999-01-01,Engineer
37039,Dinah,Diderrich,9999-01-01,Engineer
37048,Fai,Eldridge,9999-01-01,Engineer
37053,Tooru,Peron,9999-01-01,Engineer
37060,Somnath,Morrey,9999-01-01,Staff
37066,Moie,Himler,9999-01-01,Staff
37068,Xiaoqiang,Delgrande,9999-01-01,Senior Staff
37075,Kwangjo,Zockler,9999-01-01,Engineer
37076,Yechezkel,Lichtner,9999-01-01,Senior Engineer
37082,Munehiro,Zastre,9999-01-01,Senior Engineer
37087,Claudi,Angel,9999-01-01,Senior Staff
37100,Jaber,Waeselynck,9999-01-01,Senior Engineer
37101,Jaewon,Pappas,9999-01-01,Senior Staff
37103,Kazuhira,Pileggi,9999-01-01,Engineer
37117,Fumiko,Munoz,9999-01-01,Assistant Engineer
37120,Kasidit,Masada,9999-01-01,Engineer
37121,Salvador,Byoun,9999-01-01,Engineer
37131,Conor,Koblitz,9999-01-01,Engineer
37141,Zhigen,Meriste,9999-01-01,Senior Staff
37151,Leaf,Biros,9999-01-01,Senior Engineer
37164,Fuqing,Coney,9999-01-01,Assistant Engineer
37166,Xiaobin,Pfau,9999-01-01,Engineer
37171,Nathalie,Lorys,9999-01-01,Senior Engineer
37176,Panayotis,Daescu,9999-01-01,Engineer
37179,Khun,Eterovic,9999-01-01,Staff
37186,Maha,Feinberg,9999-01-01,Staff
37231,Vidya,Leonhardt,9999-01-01,Senior Staff
37236,Ranan,Luby,9999-01-01,Senior Staff
37245,Along,Gyimothy,9999-01-01,Staff
37259,Gen,Tanemo,9999-01-01,Senior Engineer
37260,Sham,Fontan,9999-01-01,Senior Staff
37263,Aris,Rotem,9999-01-01,Senior Staff
37265,Bokyung,Ellozy,9999-01-01,Engineer
37267,Itzchak,Falster,9999-01-01,Senior Staff
37270,Deborah,Bharadwaj,9999-01-01,Senior Engineer
37281,Gita,Fontan,9999-01-01,Staff
37296,Arno,Zaccaria,9999-01-01,Staff
37303,Rasikan,Piancastelli,9999-01-01,Staff
37305,Mitchel,Restivo,9999-01-01,Senior Staff
37306,Mingzeng,Braunschweig,9999-01-01,Senior Staff
37311,Lihong,Eickenmeyer,9999-01-01,Staff
37312,Arie,Gecsei,9999-01-01,Senior Staff
37318,Alejandro,Isard,9999-01-01,Senior Staff
37343,Geoff,Kleiser,9999-01-01,Senior Staff
37348,Zhiguo,Ratzlaff,9999-01-01,Senior Staff
37359,Sangeeta,Karnin,9999-01-01,Staff
37372,Dietrich,Peot,9999-01-01,Senior Staff
37383,Roddy,Chepyzhov,9999-01-01,Senior Staff
37388,Ziya,Ramamoorthy,9999-01-01,Senior Engineer
37406,Rildo,Cincotta,9999-01-01,Assistant Engineer
37407,Danae,Cochrane,9999-01-01,Engineer
37413,Jagoda,Gill,9999-01-01,Engineer
37424,Bogdan,Perri,9999-01-01,Senior Engineer
37432,Gino,Dichev,9999-01-01,Senior Staff
37438,Hinrich,Delgrossi,9999-01-01,Assistant Engineer
37442,Subhada,Lipner,9999-01-01,Staff
37452,Wanqing,Weiland,9999-01-01,Staff
37454,KayLiang,Bernardeschi,9999-01-01,Staff
37463,Lihong,Nittel,9999-01-01,Senior Staff
37466,Mabhin,Barinka,9999-01-01,Senior Engineer
37478,Kenton,Mahmud,9999-01-01,Engineer
37496,Danny,Tchuente,9999-01-01,Senior Staff
37501,Mona,Syang,9999-01-01,Staff
37504,Mack,Maquelin,9999-01-01,Senior Engineer
37507,Kamran,Quittner,9999-01-01,Staff
37516,Leon,Syrzycki,9999-01-01,Senior Staff
37518,Nahum,Rassart,9999-01-01,Senior Engineer
37546,Debaprosad,Menhardt,9999-01-01,Senior Engineer
37562,Bingning,Eugenio,9999-01-01,Staff
37577,Mansur,Narwekar,9999-01-01,Senior Staff
37600,Kerhong,Engelmann,9999-01-01,Senior Staff
37608,Kasturi,Linnainmaa,9999-01-01,Senior Engineer
37612,Etsuo,Sridhar,9999-01-01,Senior Engineer
37617,Joydip,Tagansky,9999-01-01,Senior Staff
37619,Xuedong,DuCasse,9999-01-01,Senior Staff
37620,Xinyu,Morton,9999-01-01,Senior Staff
37624,Jianhua,Bahi,9999-01-01,Technique Leader
37627,Jasminko,Ladret,9999-01-01,Senior Staff
37635,Barun,Sooriamurthi,9999-01-01,Assistant Engineer
37644,Martina,Zweizig,9999-01-01,Senior Staff
37648,Sreenivas,Luef,9999-01-01,Staff
37659,Florina,Armand,9999-01-01,Senior Engineer
37662,Xiadong,Schurmann,9999-01-01,Senior Staff
37664,Dines,Sundgren,9999-01-01,Assistant Engineer
37674,Vitali,Sinitsyn,9999-01-01,Senior Staff
37675,Chikara,Marshall,9999-01-01,Senior Engineer
37680,Shalesh,McDermid,9999-01-01,Staff
37712,Aris,Takkinen,9999-01-01,Staff
37716,Gill,Hutton,9999-01-01,Assistant Engineer
37717,Arunachalam,Lichtman,9999-01-01,Staff
37720,TRUE,Samarati,9999-01-01,Engineer
37724,Owen,Gronowski,9999-01-01,Staff
37735,Magy,Larfeldt,9999-01-01,Senior Engineer
37745,Sivanarayana,Kriebel,9999-01-01,Engineer
37751,Jacopo,DuBourdieux,9999-01-01,Staff
37768,Taizo,Carrere,9999-01-01,Engineer
37777,Gaurav,Vidal,9999-01-01,Senior Engineer
37791,Ebbe,Schaaf,9999-01-01,Senior Engineer
37792,Shem,Esteva,9999-01-01,Technique Leader
37807,Apostol,Douceur,9999-01-01,Senior Engineer
37813,Paddy,Kamble,9999-01-01,Staff
37814,Adel,Salvesen,9999-01-01,Staff
37822,Gou,Huhdanpaa,9999-01-01,Technique Leader
37832,Jaber,Choobineh,9999-01-01,Engineer
37840,Vidar,Georg,9999-01-01,Technique Leader
37850,Bikash,Underwood,9999-01-01,Engineer
37851,Lidong,Vecchi,9999-01-01,Engineer
37852,Christophe,Lunt,9999-01-01,Engineer
37862,Barun,Masaki,9999-01-01,Senior Staff
37864,Inderjeet,Chinin,9999-01-01,Engineer
37871,Bernice,Reghbati,9999-01-01,Engineer
37881,Sedat,Falster,9999-01-01,Staff
37882,Alexius,Mellouli,9999-01-01,Staff
37887,Limsoon,Molberg,9999-01-01,Senior Engineer
37891,Sumali,Munro,9999-01-01,Senior Engineer
37896,Kristinn,Hebert,9999-01-01,Engineer
37900,Maia,Thummel,9999-01-01,Staff
37910,Kwangyoen,Danley,9999-01-01,Engineer
37914,Yinlin,Rosch,9999-01-01,Technique Leader
37937,Xiahua,Pero,9999-01-01,Senior Staff
37948,Jayson,Zykh,9999-01-01,Staff
37970,Cathie,Woycyznski,9999-01-01,Senior Staff
37975,Garnet,Onuegbe,9999-01-01,Senior Engineer
37999,Niclas,Shumilov,9999-01-01,Senior Staff
38014,Nigel,Scallan,9999-01-01,Staff
38015,Sorina,Basart,9999-01-01,Senior Staff
38019,Charlene,Yoshimura,9999-01-01,Staff
38037,Georg,Angot,9999-01-01,Senior Engineer
38057,Nadjib,Velardi,9999-01-01,Staff
38076,Kiyotoshi,Flowers,9999-01-01,Staff
38084,Horward,Zongker,9999-01-01,Engineer
38114,Leen,Lukaszewicz,9999-01-01,Senior Engineer
38117,Stevo,Hiraishi,9999-01-01,Senior Staff
38123,Kien,Cummings,9999-01-01,Senior Staff
38146,Paddy,Plavsic,9999-01-01,Senior Staff
38156,Akeel,Honglei,9999-01-01,Staff
38157,Hideo,Soicher,9999-01-01,Staff
38191,Huei,Suomi,9999-01-01,Staff
38196,Munehiko,Khamsi,9999-01-01,Senior Engineer
38204,Jianwen,Azadmanesh,9999-01-01,Senior Staff
38207,Shigeu,Ciolek,9999-01-01,Senior Staff
38220,Maya,Terkki,9999-01-01,Staff
38226,Manu,Rodiger,9999-01-01,Senior Engineer
38243,Herbert,Barreiro,9999-01-01,Technique Leader
38244,Phillip,Madeira,9999-01-01,Staff
38252,Tadahiro,Benzaken,9999-01-01,Staff
38266,Gila,Conte,9999-01-01,Engineer
38267,Abdelghani,Armand,9999-01-01,Engineer
38268,Maris,Imataki,9999-01-01,Senior Engineer
38270,Nirmal,Hiyoshi,9999-01-01,Engineer
38279,Marsha,Farrar,9999-01-01,Staff
38305,Tomoyuki,Bauknecht,9999-01-01,Engineer
38307,Marlo,Jording,9999-01-01,Senior Staff
38309,Shaibal,Papadias,9999-01-01,Senior Staff
38320,Fox,Rabejac,9999-01-01,Engineer
38323,Kiyotoshi,Keirsey,9999-01-01,Senior Engineer
38328,Richard,Muhlberg,9999-01-01,Staff
38333,Chiranjit,Rosiles,9999-01-01,Assistant Engineer
38335,Masaru,Malabarba,9999-01-01,Technique Leader
38336,Chaoyi,Basart,9999-01-01,Senior Staff
38347,Tzu,Woycyznski,9999-01-01,Staff
38359,Huei,Chinin,9999-01-01,Staff
38388,Arnd,Nishimukai,9999-01-01,Senior Staff
38400,Jaber,Ponthieu,9999-01-01,Engineer
38431,Masanao,Ferretti,9999-01-01,Senior Staff
38432,Sreekrishna,Harllee,9999-01-01,Engineer
38442,Marco,Baalen,9999-01-01,Engineer
38447,Gladys,Ruemmler,9999-01-01,Engineer
38453,Rafael,Perfilyeva,9999-01-01,Senior Staff
38463,Leucio,Janocha,9999-01-01,Senior Staff
38472,Masadi,Winter,9999-01-01,Staff
38473,Lena,Onuegbe,9999-01-01,Engineer
38474,Hsiangchu,Wrigley,9999-01-01,Staff
38476,Godehard,Neimat,9999-01-01,Engineer
38480,Yuriy,Zaccaria,9999-01-01,Engineer
38485,Kiyomitsu,Kavanagh,9999-01-01,Engineer
38497,Anyuan,Hiltgen,9999-01-01,Senior Staff
38517,Ult,Farrow,9999-01-01,Technique Leader
38552,Yolla,Quittner,9999-01-01,Senior Staff
38553,Dinkar,Bage,9999-01-01,Staff
38566,Navin,Begiun,9999-01-01,Technique Leader
38570,Lobel,Ducloy,9999-01-01,Senior Staff
38581,Shan,Gornas,9999-01-01,Senior Engineer
38608,Florian,Journel,9999-01-01,Engineer
38618,Houman,Ibel,9999-01-01,Staff
38679,Zvonko,Bael,9999-01-01,Technique Leader
38696,Keiichiro,Leppanen,9999-01-01,Senior Staff
38697,Hercules,Warwick,9999-01-01,Senior Engineer
38700,Deniz,Figueira,9999-01-01,Technique Leader
38701,Kristian,Irland,9999-01-01,Engineer
38707,Constantine,Hitomi,9999-01-01,Senior Staff
38716,Toshimo,Perin,9999-01-01,Engineer
38720,Kwan,Khalil,9999-01-01,Engineer
38722,Noritoshi,Crooks,9999-01-01,Senior Staff
38740,Michaela,Matzat,9999-01-01,Staff
38747,Kenton,Guerreiro,9999-01-01,Staff
38760,Tristan,Schwartzbauer,9999-01-01,Staff
38774,Urs,Chelton,9999-01-01,Staff
38776,Foong,Erol,9999-01-01,Staff
38791,Bingning,Meszaros,9999-01-01,Engineer
38810,Pohua,Roccetti,9999-01-01,Staff
38815,Ebbe,Staylopatis,9999-01-01,Senior Staff
38824,Shounak,Rindone,9999-01-01,Senior Engineer
38840,Leaf,Lunn,9999-01-01,Senior Engineer
38842,Alper,Mukaidono,9999-01-01,Senior Engineer
38844,Marsal,Merle,9999-01-01,Staff
38847,Ugo,Waterhouse,9999-01-01,Engineer
38851,Deborah,Stassinopoulos,9999-01-01,Engineer
38852,Niranjan,Lorys,9999-01-01,Senior Staff
38878,Hauke,Champarnaud,9999-01-01,Senior Staff
38879,Tsz,Morton,9999-01-01,Senior Engineer
38884,Arne,Dratva,9999-01-01,Staff
38915,Divine,Hanratty,9999-01-01,Senior Staff
38916,Hein,Kroll,9999-01-01,Senior Engineer
38922,Xiaobin,Sewelson,9999-01-01,Senior Staff
38941,Yurij,Turnbull,9999-01-01,Senior Engineer
38942,Danco,Xiaoshan,9999-01-01,Staff
38951,Terresa,Rijckaert,9999-01-01,Senior Staff
38993,Gal,Aseltine,9999-01-01,Staff
39018,Irena,Harllee,9999-01-01,Senior Engineer
39035,Susumu,Kohling,9999-01-01,Engineer
39041,Shem,Fabrizio,9999-01-01,Senior Engineer
39043,Kersti,Ferretti,9999-01-01,Assistant Engineer
39048,Valery,Lanphier,9999-01-01,Staff
39055,Remko,Varman,9999-01-01,Engineer
39082,Ortrun,Encarnacion,9999-01-01,Senior Engineer
39087,Marin,Luders,9999-01-01,Engineer
39113,Janche,Aumann,9999-01-01,Engineer
39119,Tristan,Klyachko,9999-01-01,Engineer
39132,Uta,Massonet,9999-01-01,Staff
39134,Reinhard,Vidal,9999-01-01,Engineer
39140,Shai,Terkki,9999-01-01,Senior Staff
39143,Flemming,Salverda,9999-01-01,Staff
39151,Stamatina,Erbe,9999-01-01,Senior Staff
39155,Yoshimitsu,Masamoto,9999-01-01,Senior Engineer
39156,Gift,Pileggi,9999-01-01,Senior Staff
39166,Dante,Jenevein,9999-01-01,Senior Engineer
39186,Golgen,Atrawala,9999-01-01,Senior Staff
39188,Apostol,Bresenham,9999-01-01,Senior Engineer
39191,Flemming,Servieres,9999-01-01,Senior Staff
39194,Arun,Imataki,9999-01-01,Technique Leader
39207,Gritta,Stiles,9999-01-01,Engineer
39220,Dinah,Showalter,9999-01-01,Senior Engineer
39224,Moss,Chenney,9999-01-01,Engineer
39226,Samphel,Parfitt,9999-01-01,Senior Engineer
39237,Sugwoo,Fabrizio,9999-01-01,Engineer
39239,Karsten,Benner,9999-01-01,Senior Engineer
39243,Arco,Heiserman,9999-01-01,Staff
39262,Karoline,Vecchi,9999-01-01,Senior Engineer
39267,Valeri,Naudin,9999-01-01,Engineer
39276,Alejandro,Busillo,9999-01-01,Staff
39289,Behnaam,Caine,9999-01-01,Senior Staff
39304,Aram,Plesums,9999-01-01,Senior Engineer
39321,Arie,Wilfing,9999-01-01,Engineer
39323,Zita,Ratnaker,9999-01-01,Senior Engineer
39337,Shaowen,Miake,9999-01-01,Senior Engineer
39361,Gio,Cummings,9999-01-01,Senior Engineer
39366,Yuqun,Baar,9999-01-01,Engineer
39375,Yagil,Schurmann,9999-01-01,Senior Staff
39405,Toong,Millington,9999-01-01,Engineer
39409,Zhilian,Leslie,9999-01-01,Engineer
39426,Bluma,Tanemo,9999-01-01,Senior Engineer
39443,Weidon,Ratnaker,9999-01-01,Senior Staff
39444,Huican,Majewski,9999-01-01,Senior Staff
39462,Basil,Luit,9999-01-01,Senior Engineer
39474,Zorica,Kilgore,9999-01-01,Staff
39501,Jaana,Baalen,9999-01-01,Engineer
39506,Hatsukazu,Lubachevsky,9999-01-01,Senior Engineer
39523,Niclas,Snedden,9999-01-01,Engineer
39526,Sadok,Rouquie,9999-01-01,Senior Engineer
39533,Urs,Pettit,9999-01-01,Engineer
39534,Venkatesan,Trystram,9999-01-01,Engineer
39587,Irena,Hoppenstand,9999-01-01,Senior Engineer
39595,Vishv,Ramras,9999-01-01,Engineer
39603,Shugo,Pelc,9999-01-01,Senior Staff
39631,Jiafu,Simmel,9999-01-01,Senior Staff
39636,Muzhong,Deville,9999-01-01,Staff
39647,Aamer,Massonet,9999-01-01,Engineer
39648,Gad,Lanphier,9999-01-01,Senior Staff
39652,Kitty,Keirsey,9999-01-01,Senior Engineer
39656,Annemarie,Nannarelli,9999-01-01,Staff
39658,Cullen,Flexer,9999-01-01,Engineer
39674,JoAnna,Atrawala,9999-01-01,Engineer
39684,Kokou,Dratva,9999-01-01,Staff
39689,Ziya,Parveen,9999-01-01,Staff
39705,Kinh,Vidal,9999-01-01,Engineer
39712,Chirstian,Muchinsky,9999-01-01,Senior Staff
39719,Yagil,Unno,9999-01-01,Staff
39729,Fan,Awdeh,9999-01-01,Engineer
39730,Shirish,Mattern,9999-01-01,Engineer
39735,Morris,Ashish,9999-01-01,Engineer
39738,Arvin,Gerteisen,9999-01-01,Engineer
39743,Leucio,Piazza,9999-01-01,Senior Engineer
39747,Pohua,Montresor,9999-01-01,Engineer
39756,Dmitri,Litecky,9999-01-01,Staff
39759,Faiza,Varker,9999-01-01,Senior Staff
39780,Alain,Gyorkos,9999-01-01,Technique Leader
39784,Venkatesan,Ossenbruggen,9999-01-01,Senior Staff
39806,Shuzo,Rosenbaum,9999-01-01,Senior Staff
39812,Marit,Peres,9999-01-01,Assistant Engineer
39820,Willard,Range,9999-01-01,Senior Engineer
39821,Percy,Schwartzbauer,9999-01-01,Staff
39846,Shawna,Riesenhuber,9999-01-01,Staff
39852,Willard,Guenter,9999-01-01,Staff
39854,Sanjay,McClurg,9999-01-01,Senior Engineer
39868,Adas,Tomescu,9999-01-01,Senior Engineer
39873,Kankanahalli,Joslin,9999-01-01,Engineer
39875,Jaideep,Magliocco,9999-01-01,Staff
39876,Quingbo,Llado,9999-01-01,Senior Engineer
39880,Turgut,Karunanithi,9999-01-01,Senior Staff
39883,Moriyoshi,Luan,9999-01-01,Senior Engineer
39889,Pranav,Menhoudj,9999-01-01,Senior Staff
39890,Sanjai,Valiente,9999-01-01,Senior Staff
39900,Adas,Schach,9999-01-01,Technique Leader
39909,Nectarios,Ozeki,9999-01-01,Senior Staff
39917,Guoxiang,Besselaar,9999-01-01,Assistant Engineer
39930,Kitty,Paludetto,9999-01-01,Staff
39940,Kazuhisa,Hiraishi,9999-01-01,Senior Engineer
39941,Gino,Tanemo,9999-01-01,Technique Leader
39949,Ziya,Schlegelmilch,9999-01-01,Senior Engineer
39966,Utpal,Beidas,9999-01-01,Staff
39969,Mark,Conia,9999-01-01,Senior Staff
39970,Sachar,Sgarro,9999-01-01,Staff
39971,Odoardo,Antonisse,9999-01-01,Staff
39979,Serenella,Cardazo,9999-01-01,Staff
39981,Renee,Biran,9999-01-01,Senior Staff
39985,Sergi,Perez,9999-01-01,Engineer
39988,Anoosh,Spelt,9999-01-01,Technique Leader
39990,Jingling,Katalagarianos,9999-01-01,Engineer
39992,Mohit,Gadepally,9999-01-01,Senior Staff
39995,Marko,Deverell,9999-01-01,Senior Engineer
40000,Nishit,Asser,9999-01-01,Technique Leader
40008,Yucai,Nittel,9999-01-01,Senior Staff
40010,Mingdong,Ferriere,9999-01-01,Senior Engineer
40018,Yongmao,Beidas,9999-01-01,Senior Engineer
40021,Parto,Delgrande,9999-01-01,Engineer
40023,Ortrun,Asmuth,9999-01-01,Engineer
40028,Wuxu,Hofman,9999-01-01,Technique Leader
40029,Aruna,Braccini,9999-01-01,Staff
40035,Anyuan,Kleiser,9999-01-01,Senior Staff
40045,Hairong,Czap,9999-01-01,Senior Staff
40057,Ghassan,Kalloufi,9999-01-01,Staff
40072,Morrie,Cmelik,9999-01-01,Engineer
40106,Zdislav,Mukaidono,9999-01-01,Senior Staff
40113,Rosine,Wissmann,9999-01-01,Senior Staff
40118,Fen,Uludag,9999-01-01,Engineer
40127,Kauko,Callaway,9999-01-01,Staff
40131,Moti,Asser,9999-01-01,Senior Engineer
40134,Caolyn,Brlek,9999-01-01,Technique Leader
40147,Padma,Gaughan,9999-01-01,Senior Staff
40156,Dhritiman,Cooman,9999-01-01,Staff
40161,Premsyl,Guardalben,9999-01-01,Senior Engineer
40168,Miquel,Frezza,9999-01-01,Senior Staff
40169,Remco,Isaac,9999-01-01,Senior Staff
40185,Miyeon,Garnick,9999-01-01,Senior Engineer
40188,Mansur,Serot,9999-01-01,Staff
40205,Genevieve,Provine,9999-01-01,Engineer
40217,Padma,Shokrollahi,9999-01-01,Senior Staff
40225,Shakhar,Schieder,9999-01-01,Staff
40226,Hyuncheol,Benantar,9999-01-01,Staff
40244,Saniya,Janetzko,9999-01-01,Assistant Engineer
40245,Yucai,Bael,9999-01-01,Senior Staff
40250,Jamaludin,Birta,9999-01-01,Engineer
40272,Taizo,Gonthier,9999-01-01,Technique Leader
40313,Turgut,Staylopatis,9999-01-01,Engineer
40318,Shin,Vingron,9999-01-01,Senior Engineer
40321,Hinrich,Ouhyoung,9999-01-01,Senior Engineer
40325,Vincent,Gist,9999-01-01,Senior Staff
40360,Harjit,Miyakawa,9999-01-01,Senior Engineer
40364,Limsoon,Harllee,9999-01-01,Staff
40373,Diederik,Mateescu,9999-01-01,Senior Staff
40389,Mong,Kobuchi,9999-01-01,Staff
40391,Tadahiko,Barriga,9999-01-01,Senior Staff
40392,Qunsheng,Genther,9999-01-01,Senior Engineer
40398,Radhia,Szilard,9999-01-01,Senior Staff
40423,Gita,Ligten,9999-01-01,Senior Staff
40424,Niteen,Ghazalie,9999-01-01,Technique Leader
40427,Aloke,Merks,9999-01-01,Engineer
40428,Rosalie,Veldwijk,9999-01-01,Senior Staff
40463,Rafail,Tokunaga,9999-01-01,Senior Engineer
40465,Khoa,Brendel,9999-01-01,Engineer
40471,Shir,Straney,9999-01-01,Engineer
40474,Bodo,Duclos,9999-01-01,Staff
40484,Aria,Chiodo,9999-01-01,Engineer
40486,Leen,Kopetz,9999-01-01,Engineer
40487,Valery,Gulik,9999-01-01,Engineer
40489,Yongmao,Bugrara,9999-01-01,Assistant Engineer
40494,Elliott,Lung,9999-01-01,Technique Leader
40511,Radhia,Alencar,9999-01-01,Senior Staff
40512,Kwangjo,Melton,9999-01-01,Staff
40517,Hironoby,Mattern,9999-01-01,Engineer
40520,Danny,Gajiwala,9999-01-01,Engineer
40522,Krisda,Kinley,9999-01-01,Senior Staff
40528,Yannik,Litvinov,9999-01-01,Senior Engineer
40531,Etsuo,Kalefeld,9999-01-01,Staff
40533,Kiyotoshi,Aingworth,9999-01-01,Engineer
40551,Lillian,Terkki,9999-01-01,Engineer
40555,Yahiko,Manders,9999-01-01,Senior Staff
40556,Murthy,Baaz,9999-01-01,Senior Engineer
40563,Hongzhu,Munos,9999-01-01,Engineer
40574,Susumu,Ratnakar,9999-01-01,Senior Engineer
40587,Xiping,Genin,9999-01-01,Technique Leader
40592,Yucai,Gniady,9999-01-01,Senior Staff
40597,Fumiyo,Limongiello,9999-01-01,Senior Engineer
40600,Arch,Bazzichi,9999-01-01,Staff
40615,Jacopo,Karner,9999-01-01,Engineer
40631,Frazer,Alameldin,9999-01-01,Senior Staff
40641,Eishiro,Papadias,9999-01-01,Staff
40647,Mitsuyuki,Basagni,9999-01-01,Technique Leader
40660,Piyush,Erbe,9999-01-01,Engineer
40668,Heon,Makinen,9999-01-01,Senior Engineer
40672,Yinlin,Pfau,9999-01-01,Engineer
40685,Shawna,Bugrara,9999-01-01,Senior Staff
40696,Torsten,Siprelle,9999-01-01,Senior Engineer
40714,Lijie,Covnot,9999-01-01,Senior Staff
40739,Kazuhiko,Itzfeldt,9999-01-01,Senior Staff
40762,Tze,Tanemo,9999-01-01,Staff
40764,Shuky,Senzako,9999-01-01,Senior Staff
40769,Seongbin,Covnot,9999-01-01,Staff
40770,Jiang,Nitta,9999-01-01,Senior Staff
40777,Jeong,Birdsall,9999-01-01,Senior Staff
40779,Itzchak,Begiun,9999-01-01,Senior Engineer
40782,Mitchel,Bodoff,9999-01-01,Senior Engineer
40786,Gretta,Whittlesey,9999-01-01,Senior Engineer
40802,Baocai,Ecklund,9999-01-01,Senior Engineer
40810,Jingling,Baak,9999-01-01,Staff
40815,Bouchung,Servieres,9999-01-01,Senior Staff
40824,Serap,Kleiser,9999-01-01,Engineer
40829,Jianhui,Mitzlaff,9999-01-01,Senior Staff
40834,Elzbieta,Fritzsche,9999-01-01,Engineer
40839,Prodip,Otillio,9999-01-01,Senior Staff
40841,Masako,Lindqvist,9999-01-01,Staff
40853,Terresa,Guardalben,9999-01-01,Assistant Engineer
40868,Limsoon,Malabarba,9999-01-01,Staff
40869,Flemming,Snedden,9999-01-01,Senior Engineer
40872,Qunsheng,Cunliffe,9999-01-01,Senior Engineer
40881,Hatem,Acton,9999-01-01,Engineer
40891,Jinya,Kaltofen,9999-01-01,Staff
40904,Fumiko,Willoner,9999-01-01,Technique Leader
40907,Jaana,Rando,9999-01-01,Senior Engineer
40910,Tamiya,Chimia,9999-01-01,Staff
40932,Kolar,DuBourdieux,9999-01-01,Senior Staff
40946,Fumitake,Mahmud,9999-01-01,Engineer
40977,Elvia,Sinicrope,9999-01-01,Staff
40987,Zeljko,Sidou,9999-01-01,Engineer
40997,Ranan,Nations,9999-01-01,Engineer
41039,Subhankar,Bala,9999-01-01,Senior Engineer
41046,Arvin,Borstler,9999-01-01,Senior Engineer
41074,Leen,Siochi,9999-01-01,Staff
41077,Amalendu,Walston,9999-01-01,Senior Staff
41081,Faiza,Mikschl,9999-01-01,Senior Engineer
41110,Munehiko,Manders,9999-01-01,Engineer
41122,Guenter,Hoppenstand,9999-01-01,Staff
41140,Tonny,Bail,9999-01-01,Staff
41147,Abdelaziz,Chimia,9999-01-01,Engineer
41149,Alain,Wiegley,9999-01-01,Engineer
41173,Maren,Aseltine,9999-01-01,Senior Engineer
41179,Masamitsu,Vecchi,9999-01-01,Staff
41181,Paddy,Delgrossi,9999-01-01,Senior Engineer
41184,Nikolaus,Ranze,9999-01-01,Engineer
41187,Jacqueline,Maquelin,9999-01-01,Staff
41197,Vesna,Stille,9999-01-01,Senior Staff
41198,Janalee,Christianini,9999-01-01,Senior Engineer
41200,Huei,Leppanen,9999-01-01,Engineer
41205,Charlene,Cusworth,9999-01-01,Senior Staff
41215,Moon,Wursthorn,9999-01-01,Engineer
41228,Jacopo,Hebert,9999-01-01,Senior Engineer
41232,Yuriy,Millington,9999-01-01,Engineer
41239,Malu,Rajaraman,9999-01-01,Senior Staff
41247,Kristinn,Zhiwei,9999-01-01,Staff
41251,Arne,Glinert,9999-01-01,Staff
41274,Mari,Giveon,9999-01-01,Assistant Engineer
41280,Felicidad,Czap,9999-01-01,Staff
41283,KayLiang,Tetzlaff,9999-01-01,Assistant Engineer
41292,Premsyl,Thombley,9999-01-01,Engineer
41298,Elvia,Cesareni,9999-01-01,Senior Staff
41301,Shuichi,Cochrane,9999-01-01,Senior Staff
41304,Kristian,Ulupinar,9999-01-01,Senior Engineer
41313,Gino,Nitto,9999-01-01,Assistant Engineer
41319,Mototsugu,Unni,9999-01-01,Engineer
41363,Ronghao,Siepmann,9999-01-01,Senior Staff
41371,Luise,Decaestecker,9999-01-01,Staff
41373,Mona,Veevers,9999-01-01,Senior Engineer
41374,JiYoung,Schurmann,9999-01-01,Technique Leader
41399,Xiaoheng,Broomell,9999-01-01,Senior Engineer
41404,Marco,Isaak,9999-01-01,Senior Staff
41422,Franziska,Ramamoorthy,9999-01-01,Engineer
41432,Basim,Dymetman,9999-01-01,Technique Leader
41437,Christoper,Farrel,9999-01-01,Technique Leader
41441,Pasqua,Shigei,9999-01-01,Assistant Engineer
41460,Martial,Rodiger,9999-01-01,Senior Engineer
41487,Aemilian,Cummings,9999-01-01,Senior Staff
41498,Susanne,Masamoto,9999-01-01,Senior Engineer
41514,Magy,Iisaku,9999-01-01,Engineer
41527,Hisao,Oxman,9999-01-01,Senior Engineer
41533,Visit,Parhami,9999-01-01,Staff
41553,Tokuyasu,Peltason,9999-01-01,Senior Engineer
41554,Rajmohan,Halloran,9999-01-01,Staff
41581,Vitali,Azumi,9999-01-01,Staff
41583,Holgard,Thorensen,9999-01-01,Technique Leader
41587,Lokesh,Sankaranarayanan,9999-01-01,Staff
41593,Susuma,Grabner,9999-01-01,Engineer
41604,Tadanori,Botman,9999-01-01,Staff
41610,Serge,Staudhammer,9999-01-01,Senior Engineer
41612,Mariangiola,Provine,9999-01-01,Technique Leader
41628,Josyula,Claffy,9999-01-01,Senior Staff
41644,Georg,Marakhovsky,9999-01-01,Staff
41661,Masadi,Hofman,9999-01-01,Staff
41667,Barna,Facello,9999-01-01,Senior Engineer
41673,Armond,Matzel,9999-01-01,Senior Engineer
41674,Abdelghani,Yemenis,9999-01-01,Engineer
41677,Eben,Gimarc,9999-01-01,Senior Staff
41682,Alselm,Ecklund,9999-01-01,Staff
41710,Weiru,Haldar,9999-01-01,Senior Staff
41724,Faiza,Bage,9999-01-01,Senior Staff
41727,Rosella,Paludetto,9999-01-01,Staff
41743,Aamer,Lunt,9999-01-01,Senior Engineer
41746,Zita,Greenaway,9999-01-01,Assistant Engineer
41754,Rosita,Hanabata,9999-01-01,Engineer
41759,Charmane,Lagarias,9999-01-01,Senior Staff
41767,Leszek,Thiran,9999-01-01,Engineer
41772,Leon,Decaestecker,9999-01-01,Senior Staff
41786,Krister,Hmelo,9999-01-01,Engineer
41798,Margareta,Akaboshi,9999-01-01,Engineer
41808,Filipp,Varley,9999-01-01,Senior Staff
41809,Shen,Puppe,9999-01-01,Senior Staff
41824,Kendra,Luby,9999-01-01,Senior Engineer
41836,Akhilish,Passino,9999-01-01,Senior Engineer
41857,Munehiko,Beznosov,9999-01-01,Staff
41863,Dipayan,Herbst,9999-01-01,Senior Staff
41864,Kazuhito,Gulla,9999-01-01,Staff
41871,Stevo,Waeselynck,9999-01-01,Technique Leader
41874,Badri,Asmuth,9999-01-01,Senior Staff
41885,Val,Validov,9999-01-01,Senior Staff
41888,Vitali,Oehlmann,9999-01-01,Senior Staff
41889,Basim,Zumaque,9999-01-01,Senior Staff
41894,Zeydy,Mandell,9999-01-01,Senior Staff
41902,Zongyan,Zweizig,9999-01-01,Engineer
41909,Toshimitsu,McAlpine,9999-01-01,Engineer
41917,Fumitake,Schlumberger,9999-01-01,Senior Staff
41939,Kwangho,Usery,9999-01-01,Staff
41940,Dmitry,Anick,9999-01-01,Engineer
41944,Vishwani,Parhami,9999-01-01,Senior Engineer
41956,Rajmohan,Thiria,9999-01-01,Senior Staff
41973,Mantis,Massonet,9999-01-01,Engineer
41979,Hilary,Bage,9999-01-01,Staff
41983,Luise,Wixon,9999-01-01,Assistant Engineer
42007,Tsz,Pokrovskii,9999-01-01,Senior Staff
42019,Mayumi,Roisin,9999-01-01,Staff
42020,Nobuyoshi,Matzat,9999-01-01,Senior Engineer
42024,Dipayan,Serdy,9999-01-01,Staff
42033,Reuven,Compeau,9999-01-01,Technique Leader
42046,Waiman,Millington,9999-01-01,Technique Leader
42047,Sahrah,Ambroszkiewicz,9999-01-01,Senior Engineer
42053,Demin,Lores,9999-01-01,Senior Staff
42059,Jianhui,Czap,9999-01-01,Engineer
42075,Sergi,Gruenwald,9999-01-01,Engineer
42082,Gritta,Compeau,9999-01-01,Senior Staff
42083,Kotesh,Schahn,9999-01-01,Staff
42104,Dante,Plesums,9999-01-01,Senior Staff
42125,Subhankar,Besancenot,9999-01-01,Staff
42135,Ashish,Huttel,9999-01-01,Senior Staff
42139,Tru,Isaak,9999-01-01,Technique Leader
42153,Shushma,Ecklund,9999-01-01,Staff
42159,Ipke,Bala,9999-01-01,Engineer
42173,Nishit,Matheson,9999-01-01,Senior Engineer
42174,Vishv,Schahn,9999-01-01,Engineer
42181,Eldridge,Tiemann,9999-01-01,Engineer
42184,Prasadram,Kusalik,9999-01-01,Engineer
42185,Renee,Kaminger,9999-01-01,Engineer
42188,Ravishankar,Niizuma,9999-01-01,Assistant Engineer
42202,Hyuckchul,Ginesta,9999-01-01,Engineer
42209,Kensyu,Leonhardt,9999-01-01,Staff
42221,Godehard,Fortenbacher,9999-01-01,Engineer
42223,Salvador,Vidal,9999-01-01,Engineer
42233,Holgard,McConalogue,9999-01-01,Engineer
42243,Jaana,Fendler,9999-01-01,Engineer
42268,Claude,Danner,9999-01-01,Senior Engineer
42271,DAIDA,Halevi,9999-01-01,Staff
42274,Gal,Grospietsch,9999-01-01,Assistant Engineer
42277,Martina,Codenie,9999-01-01,Technique Leader
42298,Tru,Kalefeld,9999-01-01,Technique Leader
42305,Tsz,Mikschl,9999-01-01,Senior Engineer
42318,Yucai,Fasbender,9999-01-01,Senior Staff
42341,Haldun,Cangellaris,9999-01-01,Engineer
42352,Tuval,Chaudhuri,9999-01-01,Senior Engineer
42358,Lech,Narwekar,9999-01-01,Senior Staff
42360,Arunachalam,Itschner,9999-01-01,Senior Engineer
42366,Chriss,Maksimenko,9999-01-01,Senior Staff
42371,Pragnesh,Mersereau,9999-01-01,Senior Staff
42380,Gou,Dulli,9999-01-01,Senior Staff
42389,Eric,Hinsberger,9999-01-01,Technique Leader
42402,Gererd,Rosis,9999-01-01,Engineer
42405,Mari,Hmelo,9999-01-01,Senior Engineer
42410,Marjo,Falster,9999-01-01,Engineer
42419,Heekeun,Shobatake,9999-01-01,Staff
42424,Adin,Picco,9999-01-01,Engineer
42425,Insup,Ulupinar,9999-01-01,Staff
42434,Diederik,Lagarias,9999-01-01,Senior Staff
42444,Seongbin,Kobuchi,9999-01-01,Staff
42460,Angel,Vrecion,9999-01-01,Engineer
42469,Sham,Hiltgen,9999-01-01,Senior Engineer
42471,Susanna,Molenaar,9999-01-01,Engineer
42478,Kristin,Biros,9999-01-01,Senior Staff
42488,Angel,Menhardt,9999-01-01,Staff
42498,Limsoon,Bojadziev,9999-01-01,Senior Engineer
42499,Palash,Yavatkar,9999-01-01,Senior Staff
42504,Krisda,Nastansky,9999-01-01,Engineer
42541,Ferdinand,Aingworth,9999-01-01,Senior Engineer
42553,Felicidad,Slutz,9999-01-01,Senior Engineer
42580,Zvonko,Valtorta,9999-01-01,Engineer
42583,Joydip,Henseler,9999-01-01,Engineer
42590,Basim,Billawala,9999-01-01,Senior Engineer
42591,Lakshmi,Eppinger,9999-01-01,Engineer
42606,Moti,Hartvigsen,9999-01-01,Staff
42617,Thodoros,Kawashimo,9999-01-01,Engineer
42623,Tayeb,Decleir,9999-01-01,Engineer
42642,Bluma,Broder,9999-01-01,Staff
42650,Neven,Horswill,9999-01-01,Staff
42663,Lech,Barreiro,9999-01-01,Senior Staff
42681,Radhakrishnan,Molenkamp,9999-01-01,Engineer
42684,Behnaam,Dengi,9999-01-01,Engineer
42686,Tadanori,Wossner,9999-01-01,Staff
42708,Hitomi,Petereit,9999-01-01,Senior Staff
42746,Manu,Billawala,9999-01-01,Engineer
42756,Kotesh,Bahk,9999-01-01,Senior Engineer
42764,Marit,Preusig,9999-01-01,Senior Staff
42765,Filipp,Bresenham,9999-01-01,Senior Staff
42773,Claude,Zirintsis,9999-01-01,Engineer
42781,Xinyu,Dechter,9999-01-01,Senior Staff
42788,Geoffrey,Ouhyoung,9999-01-01,Senior Engineer
42817,Mohd,Ulupinar,9999-01-01,Senior Staff
42818,Radhakrishnan,Jenevein,9999-01-01,Technique Leader
42821,Xumin,Anily,9999-01-01,Engineer
42828,Val,Fiutem,9999-01-01,Senior Engineer
42830,Tze,Poupard,9999-01-01,Engineer
42838,Samphel,Giaccio,9999-01-01,Senior Engineer
42839,Remzi,Cannard,9999-01-01,Senior Staff
42850,Demos,Kornyak,9999-01-01,Senior Engineer
42856,Xiaoqiu,Ranka,9999-01-01,Senior Engineer
42870,Arch,Whittlesey,9999-01-01,Senior Engineer
42886,JoAnna,Malabarba,9999-01-01,Senior Engineer
42892,Faiza,Suppi,9999-01-01,Senior Staff
42894,Arto,Bashian,9999-01-01,Engineer
42903,Kazuhito,Syang,9999-01-01,Engineer
42912,Jacopo,Gecsei,9999-01-01,Senior Staff
42929,Sven,Hegner,9999-01-01,Assistant Engineer
42930,Izaskun,Berztiss,9999-01-01,Engineer
42933,Zhiwei,Pleszkun,9999-01-01,Engineer
42936,Chuanti,Nitsche,9999-01-01,Staff
42942,Mansur,Bolotov,9999-01-01,Assistant Engineer
42949,Mokhtar,Kawashima,9999-01-01,Engineer
42998,Fei,Boyle,9999-01-01,Senior Engineer
43013,Mechthild,Petersohn,9999-01-01,Staff
43014,Vitali,Olivero,9999-01-01,Staff
43035,Sven,Picaronny,9999-01-01,Senior Staff
43040,Ulises,Nittel,9999-01-01,Staff
43044,Masako,Gustavson,9999-01-01,Technique Leader
43045,Howell,Birke,9999-01-01,Staff
43058,Hauke,Pearson,9999-01-01,Engineer
43065,Chinya,Vitiello,9999-01-01,Engineer
43068,Nikolaos,Halloran,9999-01-01,Senior Engineer
43073,Urs,Andreotta,9999-01-01,Senior Engineer
43078,Radhia,Wuwongse,9999-01-01,Senior Staff
43080,Leucio,Piancastelli,9999-01-01,Engineer
43083,Candido,Bennis,9999-01-01,Senior Staff
43084,Babette,Leijenhorst,9999-01-01,Senior Engineer
43107,Tooru,Verspoor,9999-01-01,Senior Staff
43108,Nevin,Perz,9999-01-01,Senior Engineer
43114,Yurii,Kamble,9999-01-01,Senior Engineer
43132,Pramod,Zumaque,9999-01-01,Engineer
43161,Ranan,Percebois,9999-01-01,Engineer
43181,Hugh,Iisaka,9999-01-01,Senior Staff
43184,Uri,Delgrande,9999-01-01,Engineer
43185,Alselm,Kisuki,9999-01-01,Senior Engineer
43189,Oscal,Ranft,9999-01-01,Senior Engineer
43196,Along,Socorro,9999-01-01,Staff
43198,Constantine,Himler,9999-01-01,Engineer
43200,Geraldo,Plessier,9999-01-01,Senior Staff
43203,Chuanyi,Androutsos,9999-01-01,Engineer
43207,Itzchak,Shihab,9999-01-01,Senior Staff
43215,Richara,Garnham,9999-01-01,Senior Engineer
43217,DAIDA,Pappas,9999-01-01,Senior Staff
43222,Lenore,Angelopoulos,9999-01-01,Senior Staff
43229,Uzi,Broomell,9999-01-01,Staff
43241,Adam,Kisuki,9999-01-01,Senior Staff
43249,Bedrich,Vitiello,9999-01-01,Senior Staff
43252,Christ,Kowalchuk,9999-01-01,Senior Engineer
43273,Charmane,Hiltgen,9999-01-01,Engineer
43289,Satosi,Biran,9999-01-01,Senior Staff
43300,Francesca,Aseltine,9999-01-01,Senior Engineer
43306,Frederique,Zweizig,9999-01-01,Senior Engineer
43308,Hauke,Validov,9999-01-01,Engineer
43318,Rasikan,Boyle,9999-01-01,Engineer
43348,Berry,Gonthier,9999-01-01,Senior Engineer
43353,Mang,Arlazarov,9999-01-01,Technique Leader
43367,Conal,Kisuki,9999-01-01,Senior Engineer
43373,Wanqing,Serov,9999-01-01,Senior Engineer
43387,Fuqing,Syang,9999-01-01,Senior Staff
43410,Pranas,Masand,9999-01-01,Staff
43420,Ziya,Kolinko,9999-01-01,Senior Staff
43423,Menkae,Michaeli,9999-01-01,Staff
43438,Sampalli,Zultner,9999-01-01,Staff
43445,Sudhanshu,Calkin,9999-01-01,Senior Staff
43447,Lakshmi,Gente,9999-01-01,Senior Engineer
43448,Gilbert,Preusig,9999-01-01,Senior Engineer
43461,Chiranjit,Birrer,9999-01-01,Staff
43487,Kristof,Ducloy,9999-01-01,Senior Staff
43491,Barry,Kroha,9999-01-01,Engineer
43500,Maria,Bennis,9999-01-01,Engineer
43573,Jianwen,Nicolson,9999-01-01,Staff
43577,Torsten,Birke,9999-01-01,Engineer
43582,Kankanahalli,Demizu,9999-01-01,Technique Leader
43584,Houman,Pokrovskii,9999-01-01,Engineer
43594,Moni,Hoogerwoord,9999-01-01,Senior Staff
43605,Boalin,Rodite,9999-01-01,Senior Staff
43616,Conor,Montemayor,9999-01-01,Staff
43624,Tokuyasu,Pesch,9999-01-01,Staff
43627,Jungsoon,Armand,9999-01-01,Senior Engineer
43649,Idoia,Petersohn,9999-01-01,Staff
43659,Aron,Pouyioutas,9999-01-01,Senior Staff
43678,Shawna,Bernick,9999-01-01,Senior Staff
43689,Almudena,Bugrara,9999-01-01,Staff
43691,Kazuhira,Baalen,9999-01-01,Senior Engineer
43708,Zhongwei,Streng,9999-01-01,Engineer
43709,Mohua,Munck,9999-01-01,Staff
43727,Mats,Kilgore,9999-01-01,Senior Engineer
43737,Debatosh,Beerel,9999-01-01,Senior Engineer
43745,Temple,Thambidurai,9999-01-01,Senior Staff
43756,Minghong,Himler,9999-01-01,Senior Staff
43776,Xuedong,Feldhoffer,9999-01-01,Senior Staff
43783,Houman,Hmelo,9999-01-01,Assistant Engineer
43806,Chenye,Fontan,9999-01-01,Senior Staff
43820,Keung,Botman,9999-01-01,Staff
43854,Kwee,Lally,9999-01-01,Staff
43878,Karoline,Furedi,9999-01-01,Engineer
43883,Zhigen,Aseltine,9999-01-01,Senior Staff
43887,Kwan,Giveon,9999-01-01,Staff
43932,Zhensheng,Seiwald,9999-01-01,Senior Engineer
43941,Khatoun,Zambonelli,9999-01-01,Senior Staff
43942,Bedir,Rassart,9999-01-01,Engineer
43945,Guozhong,Thisen,9999-01-01,Senior Engineer
43946,Kankanahalli,Swist,9999-01-01,Senior Staff
43948,Kwangyoen,Kroha,9999-01-01,Senior Staff
43963,Sanjeeva,Covnot,9999-01-01,Senior Engineer
43965,Syozo,Hasham,9999-01-01,Senior Staff
43966,Serif,Miculan,9999-01-01,Engineer
43983,Goa,Capobianchi,9999-01-01,Senior Engineer
43986,Ghassan,Haumacher,9999-01-01,Technique Leader
43996,Hiroyasu,Bodoff,9999-01-01,Senior Engineer
44011,Panayotis,Karner,9999-01-01,Senior Engineer
44015,Yuguang,Limongiello,9999-01-01,Staff
44022,Chiranjit,Dayang,9999-01-01,Senior Engineer
44029,Karlis,Heping,9999-01-01,Staff
44042,Susuma,Ladret,9999-01-01,Staff
44043,Dmitri,Lakshmanan,9999-01-01,Senior Engineer
44060,Luigi,Brattka,9999-01-01,Engineer
44070,Luerbio,Onuegbe,9999-01-01,Staff
44087,Claudi,Glinert,9999-01-01,Engineer
44088,Uwe,Ohori,9999-01-01,Senior Staff
44097,Shim,Luga,9999-01-01,Senior Engineer
44099,Shridhar,Gruenwald,9999-01-01,Senior Staff
44100,Guozhong,Bresenham,9999-01-01,Engineer
44110,Duri,Kalloufi,9999-01-01,Senior Staff
44111,Sugwoo,Streit,9999-01-01,Senior Staff
44125,Douadi,Conia,9999-01-01,Senior Staff
44130,Zongyan,Winter,9999-01-01,Senior Engineer
44135,JoAnna,Neimat,9999-01-01,Senior Staff
44148,Fun,Marchesini,9999-01-01,Senior Staff
44164,Becky,McClure,9999-01-01,Engineer
44165,Greger,Heuser,9999-01-01,Senior Staff
44178,Jackson,Schmezko,9999-01-01,Staff
44184,Maya,Birnbaum,9999-01-01,Engineer
44189,Shaibal,Mitzlaff,9999-01-01,Engineer
44193,Fatemeh,Billingsley,9999-01-01,Senior Engineer
44195,Hatem,Boyle,9999-01-01,Engineer
44197,Geraldo,Krichel,9999-01-01,Senior Staff
44224,Shietung,Selenyi,9999-01-01,Senior Engineer
44229,Bojan,Luft,9999-01-01,Assistant Engineer
44240,Deniz,Famili,9999-01-01,Senior Engineer
44251,Martine,Haldar,9999-01-01,Senior Engineer
44256,Doohun,Krzyzanowski,9999-01-01,Engineer
44262,Sanjit,Petereit,9999-01-01,Senior Staff
44285,Keiichiro,Chimia,9999-01-01,Assistant Engineer
44288,Ingemar,Baja,9999-01-01,Senior Staff
44292,Alexius,Georg,9999-01-01,Engineer
44293,Sachem,Vakili,9999-01-01,Senior Staff
44301,Fatemeh,Nivat,9999-01-01,Senior Engineer
44326,Dmitri,Verspoor,9999-01-01,Staff
44354,Basant,Garnier,9999-01-01,Senior Engineer
44366,Alois,Chinal,9999-01-01,Senior Staff
44375,Emran,Isard,9999-01-01,Engineer
44392,Bedir,Shigei,9999-01-01,Engineer
44393,Turgut,Douceur,9999-01-01,Senior Engineer
44394,Eran,Thombley,9999-01-01,Technique Leader
44395,Mario,Eastman,9999-01-01,Engineer
44397,Moon,Mitsuhashi,9999-01-01,Engineer
44425,Yinghua,Businaro,9999-01-01,Staff
44435,Odinaldo,Spelt,9999-01-01,Staff
44442,Atilio,Gente,9999-01-01,Senior Staff
44445,Sreenivas,Heinisuo,9999-01-01,Senior Engineer
44454,Toshimo,Besancenot,9999-01-01,Senior Staff
44459,Aluzio,Panienski,9999-01-01,Senior Staff
44465,Brigham,Teitelbaum,9999-01-01,Senior Staff
44467,Zhanqiu,Ramsak,9999-01-01,Senior Engineer
44472,Mingdong,Snyers,9999-01-01,Senior Engineer
44484,Pasqua,Gelosh,9999-01-01,Senior Staff
44485,Jaideep,Thebaut,9999-01-01,Staff
44490,Nalini,Lorcy,9999-01-01,Engineer
44507,Toong,Ananiadou,9999-01-01,Engineer
44520,Baruch,Engberts,9999-01-01,Senior Engineer
44525,Christophe,Fetvedt,9999-01-01,Senior Staff
44539,Kwangjo,Buchter,9999-01-01,Staff
44558,Zhiguo,Wielonsky,9999-01-01,Senior Engineer
44566,Yuqun,Bolotov,9999-01-01,Engineer
44571,Tooru,Pashtan,9999-01-01,Engineer
44575,Toney,Pocchiola,9999-01-01,Senior Engineer
44589,Iara,Lanzelotte,9999-01-01,Senior Engineer
44591,Karlis,Laventhal,9999-01-01,Senior Engineer
44607,Sachem,Valtorta,9999-01-01,Senior Staff
44608,Sudhanshu,Herber,9999-01-01,Engineer
44609,Zhongwei,Feinberg,9999-01-01,Engineer
44610,Aamod,Cronan,9999-01-01,Engineer
44616,Abdelkader,Pettis,9999-01-01,Senior Staff
44639,Odysseas,Anick,9999-01-01,Engineer
44644,Shigenori,Mitchem,9999-01-01,Engineer
44664,Zhaofang,Luke,9999-01-01,Staff
44682,Souichi,Boissier,9999-01-01,Staff
44691,Munir,Montresor,9999-01-01,Senior Staff
44695,Sadok,Baek,9999-01-01,Staff
44716,Georgy,Haddadi,9999-01-01,Senior Engineer
44721,Dinah,Zielinski,9999-01-01,Engineer
44734,Shay,Vandervoorde,9999-01-01,Engineer
44737,Vishu,Juneja,9999-01-01,Engineer
44740,Georg,Uhrik,9999-01-01,Senior Engineer
44750,Bernice,Coors,9999-01-01,Senior Staff
44764,Ayonca,Ghemri,9999-01-01,Staff
44784,Mohammed,Koblick,9999-01-01,Engineer
44785,Phule,Kriebel,9999-01-01,Senior Staff
44806,Vishu,Schwabacher,9999-01-01,Senior Engineer
44809,Nagui,Gill,9999-01-01,Engineer
44819,Chiranjit,Terekhov,9999-01-01,Senior Staff
44821,Martien,Covnot,9999-01-01,Senior Engineer
44839,Xudong,Greibach,9999-01-01,Senior Engineer
44856,Amabile,Seuren,9999-01-01,Senior Staff
44869,JoAnne,Serov,9999-01-01,Senior Staff
44873,Eberhardt,Raczkowsky,9999-01-01,Senior Staff
44874,Janche,Cools,9999-01-01,Senior Staff
44875,Goh,Reinhart,9999-01-01,Senior Staff
44883,Kagan,Cichocki,9999-01-01,Engineer
44886,Poornachandra,Kuszyk,9999-01-01,Engineer
44891,Cheong,Zaumen,9999-01-01,Engineer
44908,Kamakshi,Pehl,9999-01-01,Senior Engineer
44913,Vishu,Cappelli,9999-01-01,Engineer
44924,Divier,Azevdeo,9999-01-01,Senior Staff
44938,Valdiodio,Potthoff,9999-01-01,Senior Staff
44943,Lalit,Hmelo,9999-01-01,Engineer
44952,Zeydy,Munoz,9999-01-01,Engineer
44955,Aram,Kawashima,9999-01-01,Engineer
44963,Amabile,Gimbel,9999-01-01,Engineer
44965,Tetsurou,Suppi,9999-01-01,Senior Engineer
44966,Foong,Beetstra,9999-01-01,Engineer
44988,Oldrich,Kleiser,9999-01-01,Engineer
44992,Kendra,Perna,9999-01-01,Technique Leader
44998,Vishv,Kaiser,9999-01-01,Engineer
45002,Leif,Klyachko,9999-01-01,Engineer
45006,Vishv,Liedekerke,9999-01-01,Senior Engineer
45014,Souichi,Orsini,9999-01-01,Senior Staff
45042,Marek,Heinisuo,9999-01-01,Technique Leader
45053,Ymte,Zongker,9999-01-01,Technique Leader
45055,Xiaobin,Radhakrishnan,9999-01-01,Engineer
45058,Shuzo,Mahmud,9999-01-01,Engineer
45062,Aemilian,Hammerschmidt,9999-01-01,Senior Staff
45066,Seongbin,Gadepally,9999-01-01,Engineer
45069,Lenore,Valette,9999-01-01,Senior Engineer
45070,Ennio,Frolund,9999-01-01,Senior Engineer
45092,Francesca,Chandrasekhar,9999-01-01,Staff
45121,Menkae,Christianini,9999-01-01,Engineer
45130,Bezalel,Puppe,9999-01-01,Staff
45138,Miomir,Karcich,9999-01-01,Staff
45142,Perla,Rehfuss,9999-01-01,Engineer
45145,Almudena,Zumaque,9999-01-01,Senior Staff
45163,Peer,Flowers,9999-01-01,Assistant Engineer
45166,Licheng,Lorho,9999-01-01,Senior Staff
45170,Irena,Rissanen,9999-01-01,Senior Staff
45172,Saeko,Radhakrishnan,9999-01-01,Engineer
45177,Alassane,Iacovou,9999-01-01,Engineer
45193,Reinhard,Lubachevsky,9999-01-01,Senior Staff
45200,Teunis,Chvatal,9999-01-01,Technique Leader
45204,Alexius,Candan,9999-01-01,Senior Engineer
45209,Yinghua,Cardazo,9999-01-01,Senior Staff
45216,Gou,Ballarin,9999-01-01,Engineer
45217,Marsal,Pena,9999-01-01,Staff
45228,Utpal,Unni,9999-01-01,Engineer
45232,Chaosheng,Senzako,9999-01-01,Technique Leader
45244,Joydip,Lueh,9999-01-01,Senior Staff
45245,Margo,Ishibashi,9999-01-01,Staff
45251,Billur,Brandsma,9999-01-01,Senior Staff
45261,George,Larfeldt,9999-01-01,Senior Staff
45269,Arve,Avouris,9999-01-01,Staff
45275,Arun,Swan,9999-01-01,Technique Leader
45290,Thanasis,Varman,9999-01-01,Senior Engineer
45293,Duke,Lakshmanan,9999-01-01,Technique Leader
45298,Shay,Valtorta,9999-01-01,Staff
45306,Pranjal,Rajaraman,9999-01-01,Senior Engineer
45311,Zengping,Talmor,9999-01-01,Staff
45313,DAIDA,Schusler,9999-01-01,Senior Staff
45314,Zhigen,Motley,9999-01-01,Staff
45318,Franziska,Dalton,9999-01-01,Engineer
45327,Khedija,Karner,9999-01-01,Staff
45331,Keung,Peot,9999-01-01,Senior Engineer
45333,Leszek,Waeselynck,9999-01-01,Senior Engineer
45342,Fatemeh,Sluis,9999-01-01,Engineer
45344,Shigeo,Servieres,9999-01-01,Senior Engineer
45352,Yuichiro,Zallocco,9999-01-01,Engineer
45363,Kenroku,Hainaut,9999-01-01,Engineer
45364,Pantung,Picht,9999-01-01,Technique Leader
45366,Ranan,Gargeya,9999-01-01,Senior Staff
45376,Mabo,Toyoshima,9999-01-01,Staff
45377,Temple,Flasterstein,9999-01-01,Senior Staff
45382,Yoshimitsu,Stassinopoulos,9999-01-01,Engineer
45390,Sedat,Alameldin,9999-01-01,Senior Staff
45402,Kwok,Liesche,9999-01-01,Staff
45416,Avishai,Percebois,9999-01-01,Senior Staff
45432,Richard,Barreiro,9999-01-01,Senior Staff
45460,Mang,Rande,9999-01-01,Technique Leader
45466,Guiseppe,Tomescu,9999-01-01,Staff
45467,Huican,Bahk,9999-01-01,Senior Engineer
45468,Padma,Pell,9999-01-01,Engineer
45479,Ferdinand,Krupka,9999-01-01,Senior Engineer
45488,Shigehiro,Shackel,9999-01-01,Senior Staff
45507,Xiong,Lamparter,9999-01-01,Senior Engineer
45514,Jessie,Alpin,9999-01-01,Staff
45534,Perla,Jullig,9999-01-01,Staff
45537,Ottavia,Wissmann,9999-01-01,Engineer
45544,Candido,Coombs,9999-01-01,Staff
45545,Along,Bruckman,9999-01-01,Engineer
45546,Gopalakrishnan,Lanphier,9999-01-01,Staff
45550,Shaowen,McFarlin,9999-01-01,Senior Engineer
45552,Aloys,Albarhamtoshy,9999-01-01,Senior Staff
45557,Girolamo,Legleitner,9999-01-01,Engineer
45561,Navid,Lodder,9999-01-01,Engineer
45566,Lena,Marsiglia,9999-01-01,Senior Staff
45570,Shuho,Schwartzburd,9999-01-01,Engineer
45593,Xiaocheng,Litzler,9999-01-01,Engineer
45599,Ronnie,Harnett,9999-01-01,Senior Engineer
45601,Rafael,Spell,9999-01-01,Engineer
45612,King,Monkewich,9999-01-01,Senior Engineer
45629,Guoxiang,Nanard,9999-01-01,Staff
45634,Barry,Ghemri,9999-01-01,Engineer
45645,Hausi,Desikan,9999-01-01,Staff
45657,Jianhao,Hedayat,9999-01-01,Engineer
45658,Maja,Ebeling,9999-01-01,Senior Staff
45669,Janalee,Boudaillier,9999-01-01,Senior Engineer
45685,Anwar,Huhdanpaa,9999-01-01,Senior Staff
45695,Danco,Kowalchuk,9999-01-01,Senior Engineer
45698,Sanjoy,Melichar,9999-01-01,Senior Staff
45702,Peer,Showalter,9999-01-01,Senior Staff
45709,Oddvar,Schnelling,9999-01-01,Senior Staff
45731,Naraig,Bouloucos,9999-01-01,Senior Engineer
45732,Moheb,Gruenwald,9999-01-01,Staff
45743,Adas,Baaleh,9999-01-01,Staff
45788,Shiv,Mitsuhashi,9999-01-01,Assistant Engineer
45797,Chikara,Khalid,9999-01-01,Engineer
45798,Gad,Plotkin,9999-01-01,Senior Staff
45803,Padma,Lanzelotte,9999-01-01,Staff
45808,Yongdong,Eiron,9999-01-01,Senior Engineer
45809,Wilmer,Arlazarov,9999-01-01,Senior Staff
45814,Zhenbing,Malabarba,9999-01-01,Staff
45821,Garnik,Dredge,9999-01-01,Engineer
45827,Ortrun,Schonegge,9999-01-01,Technique Leader
45828,Panayotis,Litzkow,9999-01-01,Engineer
45844,Patricia,Fetvedt,9999-01-01,Senior Staff
45854,Zsolt,Kriebel,9999-01-01,Senior Staff
45867,Hailing,Denna,9999-01-01,Senior Engineer
45883,JoAnna,Maccarone,9999-01-01,Senior Staff
45886,Ioana,Ginesta,9999-01-01,Staff
45895,Sajjad,Vural,9999-01-01,Staff
45904,Arunas,DasSarma,9999-01-01,Senior Engineer
45908,Masasuke,Heyers,9999-01-01,Senior Engineer
45915,Paddy,Gluchowski,9999-01-01,Senior Staff
45919,Aemilian,Denti,9999-01-01,Staff
45923,Masato,Xiaoshan,9999-01-01,Senior Staff
45951,Duke,Garnick,9999-01-01,Technique Leader
45962,Remco,Kalorkoti,9999-01-01,Engineer
45972,Rafael,Bednarek,9999-01-01,Senior Engineer
45973,Mokhtar,Bernatsky,9999-01-01,Staff
45977,Ulf,Wiegley,9999-01-01,Senior Staff
45979,Uno,Colorni,9999-01-01,Senior Engineer
45998,Inderjeet,Rodiger,9999-01-01,Staff
46004,Toshimori,Schlegelmilch,9999-01-01,Engineer
46025,Yurii,Demir,9999-01-01,Engineer
46026,Leon,Schrooten,9999-01-01,Engineer
46028,Sakthirel,Emmerich,9999-01-01,Senior Staff
46037,Mohit,Preusig,9999-01-01,Senior Engineer
46042,Youssef,Vrecion,9999-01-01,Staff
46054,Udi,Bultermann,9999-01-01,Engineer
46055,Charlene,Fabrizio,9999-01-01,Engineer
46059,Susumu,DuCasse,9999-01-01,Staff
46066,Ennio,Conde,9999-01-01,Senior Engineer
46068,Laurentiu,Weisert,9999-01-01,Senior Staff
46075,Lucien,Cunliffe,9999-01-01,Engineer
46079,Genevieve,Varman,9999-01-01,Senior Engineer
46083,Charmane,Speek,9999-01-01,Engineer
46090,Iara,Whittlesey,9999-01-01,Senior Engineer
46104,Yoshinari,Kavvadias,9999-01-01,Staff
46109,Kiyotoshi,Kragelund,9999-01-01,Senior Staff
46124,Shunichi,Barinka,9999-01-01,Senior Staff
46141,Sven,Nollmann,9999-01-01,Engineer
46159,Barun,Grabner,9999-01-01,Senior Staff
46164,Arumugam,Wynblatt,9999-01-01,Senior Engineer
46176,Hatsukazu,Murrill,9999-01-01,Engineer
46189,Yongdong,Reistad,9999-01-01,Staff
46191,Hilari,Pocchiola,9999-01-01,Assistant Engineer
46203,Ferdinand,Dymetman,9999-01-01,Senior Engineer
46221,Weidon,Kobuchi,9999-01-01,Assistant Engineer
46236,Thodoros,Edelhoff,9999-01-01,Senior Engineer
46248,Leif,dAstous,9999-01-01,Senior Engineer
46250,Yefim,Decleir,9999-01-01,Senior Staff
46258,Nechama,Przulj,9999-01-01,Staff
46260,Tze,Karlin,9999-01-01,Technique Leader
46261,Owen,Uehara,9999-01-01,Staff
46266,Kiam,Carrera,9999-01-01,Technique Leader
46272,Mong,Shiratori,9999-01-01,Engineer
46281,Rosine,Berztiss,9999-01-01,Technique Leader
46299,Constantine,Hmelo,9999-01-01,Engineer
46305,Yakichi,Lamba,9999-01-01,Engineer
46316,Padma,Karnin,9999-01-01,Senior Staff
46317,Susanta,Rebaine,9999-01-01,Senior Staff
46318,Susumu,Vieth,9999-01-01,Engineer
46323,Masako,Tzvieli,9999-01-01,Staff
46326,Harjit,Paludetto,9999-01-01,Senior Staff
46335,Shuji,Ananiadou,9999-01-01,Senior Engineer
46339,Stepehn,Linares,9999-01-01,Staff
46345,Ortrun,Kolvik,9999-01-01,Senior Engineer
46347,Nadjib,Standera,9999-01-01,Engineer
46352,Unal,Zambonelli,9999-01-01,Senior Staff
46356,Sham,Przulj,9999-01-01,Staff
46392,Emdad,Zykh,9999-01-01,Senior Staff
46407,Hideyuki,Braunmuhl,9999-01-01,Staff
46414,Ferdinand,Schahn,9999-01-01,Senior Engineer
46425,Martina,Leivant,9999-01-01,Engineer
46439,Ibibia,Junet,9999-01-01,Staff
46440,Pranav,Rosay,9999-01-01,Assistant Engineer
46452,Filipp,Christianini,9999-01-01,Senior Engineer
46457,Alenka,Keohane,9999-01-01,Technique Leader
46466,Eberhardt,Cusworth,9999-01-01,Senior Engineer
46470,Adhemar,Rassart,9999-01-01,Technique Leader
46484,Neelam,Rabehasaina,9999-01-01,Staff
46500,Mong,Keirsey,9999-01-01,Engineer
46532,Siamak,Ruther,9999-01-01,Senior Staff
46548,Uno,Schlenzig,9999-01-01,Senior Engineer
46562,Tiina,Panangaden,9999-01-01,Engineer
46563,Marlo,Veldwijk,9999-01-01,Engineer
46567,Khatoun,Kirkerud,9999-01-01,Staff
46574,Yuping,Sinitsyn,9999-01-01,Senior Staff
46576,Kasidit,Lorys,9999-01-01,Staff
46585,Kazuhisa,Bressoud,9999-01-01,Engineer
46587,Macha,Baaleh,9999-01-01,Senior Staff
46619,Taizo,Docker,9999-01-01,Senior Staff
46622,Filipp,Krzyzanowski,9999-01-01,Assistant Engineer
46630,Shao,Coorg,9999-01-01,Engineer
46635,Saeed,Frezza,9999-01-01,Senior Engineer
46642,Masadi,Kusakabe,9999-01-01,Staff
46646,Subir,Cesareni,9999-01-01,Engineer
46664,Toshimori,Benveniste,9999-01-01,Senior Staff
46666,Mabhin,Avouris,9999-01-01,Senior Staff
46670,Marie,Unno,9999-01-01,Staff
46672,Heekeun,Rehfuss,9999-01-01,Senior Staff
46680,Phuoc,Fairtlough,9999-01-01,Senior Staff
46683,Ger,Wynblatt,9999-01-01,Staff
46685,Valter,Takanami,9999-01-01,Senior Engineer
46714,Goa,Cronin,9999-01-01,Technique Leader
46717,Roded,Yeung,9999-01-01,Senior Engineer
46721,Mang,Narlikar,9999-01-01,Engineer
46727,LiMin,Dratva,9999-01-01,Staff
46730,Lakshmi,Flexer,9999-01-01,Senior Engineer
46739,Goncalo,Douceur,9999-01-01,Senior Engineer
46740,Denis,Kisuki,9999-01-01,Senior Staff
46749,Gaetan,Lamparter,9999-01-01,Senior Engineer
46755,Jenwei,Frezza,9999-01-01,Senior Staff
46757,Supot,Delgrange,9999-01-01,Engineer
46768,Shimshon,Narahari,9999-01-01,Senior Staff
46773,Vojin,Parveen,9999-01-01,Senior Engineer
46838,Yakichi,Marzano,9999-01-01,Senior Staff
46853,Aiichiro,Walston,9999-01-01,Senior Staff
46858,Lubomir,Gente,9999-01-01,Staff
46864,Ferdinand,Sooriamurthi,9999-01-01,Staff
46866,Sangeeta,Garnham,9999-01-01,Senior Staff
46882,Ebbe,Swist,9999-01-01,Senior Staff
46901,Krisda,Orlowska,9999-01-01,Engineer
46927,Khaled,Matheson,9999-01-01,Senior Staff
46953,Lucien,Luga,9999-01-01,Senior Staff
46959,Dulce,Haldar,9999-01-01,Engineer
46960,Adas,Ranze,9999-01-01,Senior Engineer
46964,Tiina,McClure,9999-01-01,Senior Engineer
46974,Shigehiro,Melski,9999-01-01,Senior Engineer
46984,Pascal,Kandlur,9999-01-01,Engineer
46993,Brigham,Swab,9999-01-01,Technique Leader
47005,Eric,Selvestrel,9999-01-01,Staff
47008,Radhika,Narlikar,9999-01-01,Engineer
47010,Goh,Nannarelli,9999-01-01,Staff
47013,Kerhong,Straney,9999-01-01,Engineer
47021,Mang,Paludetto,9999-01-01,Senior Staff
47022,Mostafa,Terlouw,9999-01-01,Staff
47034,Mario,Krupka,9999-01-01,Staff
47038,Nathan,Krohn,9999-01-01,Senior Engineer
47047,Shugo,Nourani,9999-01-01,Engineer
47050,Aimee,Nyrup,9999-01-01,Staff
47056,Parto,Marciano,9999-01-01,Staff
47059,DAIDA,Hoppenstand,9999-01-01,Senior Engineer
47061,Kinh,Servi,9999-01-01,Staff
47084,Toshimori,Fortenbacher,9999-01-01,Senior Staff
47088,Oddvar,Melski,9999-01-01,Senior Staff
47094,Leni,Shimshoni,9999-01-01,Senior Engineer
47103,Mamdouh,Lueh,9999-01-01,Senior Staff
47107,Thanasis,Pews,9999-01-01,Senior Staff
47116,Oscar,Rosar,9999-01-01,Senior Staff
47117,Munehiko,Zhiwei,9999-01-01,Engineer
47137,Valter,Marchegay,9999-01-01,Senior Staff
47145,Tommaso,Plavsic,9999-01-01,Engineer
47146,Masato,Ramaiah,9999-01-01,Engineer
47148,Makato,Baezner,9999-01-01,Engineer
47166,Chiranjit,Bade,9999-01-01,Senior Staff
47168,Nahum,Pell,9999-01-01,Engineer
47173,Lakshmi,Velasco,9999-01-01,Senior Staff
47178,Rimon,Srimani,9999-01-01,Engineer
47185,Premsyl,Homond,9999-01-01,Engineer
47203,Samphel,Fasbender,9999-01-01,Staff
47205,Valeri,Whittlesey,9999-01-01,Technique Leader
47215,Zhenbing,Swen,9999-01-01,Engineer
47224,Kankanahalli,Honiden,9999-01-01,Assistant Engineer
47227,Jiafu,Gulla,9999-01-01,Senior Engineer
47236,Masako,Polupanov,9999-01-01,Staff
47239,Zissis,Schaad,9999-01-01,Engineer
47246,Teruyuki,Broder,9999-01-01,Engineer
47249,Jayson,Swen,9999-01-01,Senior Staff
47265,Chikako,Birke,9999-01-01,Senior Staff
47282,Mihalis,Herath,9999-01-01,Engineer
47286,Yinlin,Kamble,9999-01-01,Staff
47288,Nishit,Ratnaker,9999-01-01,Senior Staff
47293,Unal,Beidas,9999-01-01,Engineer
47299,Dmitri,Wixon,9999-01-01,Senior Engineer
47311,Saeko,Baik,9999-01-01,Staff
47340,Jaber,Pokrovskii,9999-01-01,Engineer
47342,Shichao,Stiles,9999-01-01,Staff
47358,Tommaso,Lieberherr,9999-01-01,Engineer
47374,Yonghong,Kaiserswerth,9999-01-01,Staff
47376,Mats,Rouquie,9999-01-01,Technique Leader
47379,Rance,Tchuente,9999-01-01,Senior Staff
47383,Amabile,Melichar,9999-01-01,Senior Staff
47401,Arco,Thisen,9999-01-01,Technique Leader
47409,Kazuhira,Buchter,9999-01-01,Engineer
47414,Youjian,Ratnakar,9999-01-01,Senior Engineer
47438,Dayanand,Mandell,9999-01-01,Staff
47445,Masami,Kropp,9999-01-01,Senior Engineer
47446,Werner,Matzke,9999-01-01,Senior Engineer
47462,Beshir,Sooriamurthi,9999-01-01,Senior Staff
47466,Mayuri,Biron,9999-01-01,Senior Engineer
47470,Toong,Deville,9999-01-01,Senior Staff
47488,Sumant,Delgrange,9999-01-01,Engineer
47516,Ronnie,Assaf,9999-01-01,Senior Staff
47553,Falguni,Zallocco,9999-01-01,Engineer
47567,Marc,Pouyioutas,9999-01-01,Staff
47568,Jaewoo,Lagarias,9999-01-01,Senior Engineer
47581,Jagoda,Copas,9999-01-01,Senior Staff
47586,Goncalo,Rothe,9999-01-01,Senior Engineer
47593,Christfried,Awdeh,9999-01-01,Senior Staff
47606,Howell,Versino,9999-01-01,Engineer
47611,Eldridge,Fandrianto,9999-01-01,Engineer
47616,Shichao,Kulisch,9999-01-01,Staff
47627,Alejandra,Harbusch,9999-01-01,Senior Staff
47637,Sariel,Schlegelmilch,9999-01-01,Senior Staff
47640,Persi,Barreiro,9999-01-01,Assistant Engineer
47690,Khue,Mayerwieser,9999-01-01,Senior Staff
47726,Huei,Bahr,9999-01-01,Senior Staff
47735,Atilio,Krichel,9999-01-01,Senior Staff
47737,Kensei,Speek,9999-01-01,Senior Engineer
47739,Moon,Piveteau,9999-01-01,Engineer
47740,Tamiya,Linares,9999-01-01,Staff
47763,Yagil,Basart,9999-01-01,Staff
47764,Nadjib,Demri,9999-01-01,Senior Staff
47765,Mayumi,Sevcikova,9999-01-01,Staff
47766,Gunilla,Simmel,9999-01-01,Staff
47770,Conrado,Sridhar,9999-01-01,Staff
47777,Arunachalam,Zaumen,9999-01-01,Senior Engineer
47798,Mohammad,Zhang,9999-01-01,Engineer
47821,Raimond,Mitina,9999-01-01,Senior Engineer
47825,Yakichi,Chelton,9999-01-01,Senior Staff
47832,Chriss,Zaccaria,9999-01-01,Engineer
47841,Aria,Benveniste,9999-01-01,Staff
47847,Renny,Rusmann,9999-01-01,Senior Staff
47849,Gao,Munke,9999-01-01,Assistant Engineer
47876,Shigeaki,Orlowska,9999-01-01,Staff
47882,Zsolt,Solovay,9999-01-01,Staff
47905,Subhada,Vieth,9999-01-01,Engineer
47906,Uma,Pulkowski,9999-01-01,Staff
47925,Angel,Kamble,9999-01-01,Senior Staff
47928,Zhensheng,Zweizig,9999-01-01,Engineer
47930,Apostol,Coors,9999-01-01,Senior Engineer
47932,King,Ruther,9999-01-01,Staff
47943,Martins,Puppo,9999-01-01,Senior Staff
47947,DAIDA,Keirsey,9999-01-01,Engineer
47952,Fumitaka,Motley,9999-01-01,Staff
47958,Jaques,Tibblin,9999-01-01,Senior Engineer
47965,Kotesh,Remmers,9999-01-01,Senior Staff
47969,Tuval,Rosis,9999-01-01,Senior Staff
47981,Barna,Peng,9999-01-01,Engineer
47988,Mohan,Frezza,9999-01-01,Senior Staff
47996,Hirochika,Itschner,9999-01-01,Senior Staff
47997,Babette,Botman,9999-01-01,Senior Engineer
47998,Rance,Karner,9999-01-01,Senior Staff
48008,Goncalo,Gulak,9999-01-01,Senior Staff
48020,Nobuyoshi,Strandh,9999-01-01,Senior Engineer
48027,Snehasis,Servieres,9999-01-01,Staff
48028,Steve,Bach,9999-01-01,Engineer
48031,Bezalel,Klassen,9999-01-01,Senior Engineer
48043,Visit,Murtafg,9999-01-01,Senior Engineer
48044,Zhonghui,Luga,9999-01-01,Senior Staff
48058,Duke,Peltason,9999-01-01,Senior Engineer
48071,Rafail,Dulay,9999-01-01,Staff
48077,Adly,Engberts,9999-01-01,Staff
48080,Florina,Coorg,9999-01-01,Engineer
48092,Shuichi,Furudate,9999-01-01,Senior Staff
48108,Shaowei,Cairo,9999-01-01,Engineer
48116,Jianhao,Suomi,9999-01-01,Senior Engineer
48127,Barna,Thisen,9999-01-01,Senior Engineer
48129,Froduald,Standera,9999-01-01,Engineer
48131,Arne,Bharadwaj,9999-01-01,Staff
48139,Perry,Bultermann,9999-01-01,Staff
48149,Sivanarayana,Nergos,9999-01-01,Senior Staff
48161,Khalid,Gustavson,9999-01-01,Senior Engineer
48176,Hauke,Templeman,9999-01-01,Staff
48177,Xudong,Chinal,9999-01-01,Senior Engineer
48185,Adel,Pusterhofer,9999-01-01,Technique Leader
48192,Eldridge,Soicher,9999-01-01,Engineer
48201,Leen,Valtorta,9999-01-01,Senior Engineer
48202,Changho,Herbst,9999-01-01,Engineer
48221,Willard,Gist,9999-01-01,Senior Engineer
48240,Mooi,Lamba,9999-01-01,Engineer
48243,Juyoung,Riesenhuber,9999-01-01,Senior Engineer
48253,Babette,Muniz,9999-01-01,Senior Staff
48254,Chenyi,Gomatam,9999-01-01,Senior Engineer
48267,Serenella,Validov,9999-01-01,Senior Engineer
48268,Kazuhisa,Hutton,9999-01-01,Senior Staff
48270,Guadalupe,Lorys,9999-01-01,Staff
48285,Siamak,McAlpine,9999-01-01,Technique Leader
48286,Roded,Ranum,9999-01-01,Staff
48314,Mang,Chiodo,9999-01-01,Senior Engineer
48327,Udaiprakash,Fandrianto,9999-01-01,Engineer
48332,Hailing,Kleiser,9999-01-01,Senior Engineer
48337,Martine,Fontet,9999-01-01,Senior Engineer
48343,Sungwon,Lung,9999-01-01,Technique Leader
48362,Zvonko,Jording,9999-01-01,Senior Engineer
48368,Xuejia,Suessmith,9999-01-01,Senior Staff
48370,Khatoun,Pellegrinelli,9999-01-01,Engineer
48371,Valery,Krupka,9999-01-01,Senior Staff
48375,Jaques,Aloia,9999-01-01,Engineer
48376,Sreenivas,Wixon,9999-01-01,Senior Engineer
48387,Conor,Krybus,9999-01-01,Senior Engineer
48393,Kristina,Flasterstein,9999-01-01,Engineer
48403,Hongzue,Krider,9999-01-01,Senior Staff
48405,Mona,Gustavson,9999-01-01,Assistant Engineer
48407,Theirry,Gischer,9999-01-01,Engineer
48413,Sandeepan,Huhdanpaa,9999-01-01,Senior Staff
48423,Szabolcs,Famili,9999-01-01,Senior Engineer
48426,Amstein,Conte,9999-01-01,Senior Staff
48446,Parke,Kossowski,9999-01-01,Senior Staff
48472,Younwoo,Ratnaker,9999-01-01,Technique Leader
48488,Mong,Feldmann,9999-01-01,Senior Engineer
48503,Pranas,Gammage,9999-01-01,Engineer
48514,Dinah,Sadowsky,9999-01-01,Technique Leader
48521,Yurij,Tzvieli,9999-01-01,Senior Engineer
48524,Danae,Wursthorn,9999-01-01,Assistant Engineer
48525,Heeju,Eastman,9999-01-01,Senior Engineer
48533,Mohammed,Uhrig,9999-01-01,Engineer
48534,Mountaz,Bultermann,9999-01-01,Senior Staff
48542,Kazuhide,Zeilberger,9999-01-01,Assistant Engineer
48546,Yongmin,Koblick,9999-01-01,Staff
48557,Halsur,Picht,9999-01-01,Senior Staff
48562,Tokuyasu,Cmelik,9999-01-01,Senior Staff
48563,Alejandro,Candan,9999-01-01,Staff
48577,Peternela,Piazza,9999-01-01,Senior Staff
48578,Ymte,Luiz,9999-01-01,Engineer
48591,Kamran,Rahier,9999-01-01,Engineer
48602,Seongbae,Matheson,9999-01-01,Engineer
48626,Jianwen,Munro,9999-01-01,Senior Engineer
48629,Shigeichiro,Gopalakrishnan,9999-01-01,Senior Staff
48632,Mingsen,Butterworth,9999-01-01,Engineer
48646,Owen,Luby,9999-01-01,Senior Staff
48648,Billur,Munck,9999-01-01,Senior Engineer
48651,Vitaly,McClurg,9999-01-01,Staff
48658,Ravishankar,Lally,9999-01-01,Engineer
48672,Mantis,Servi,9999-01-01,Staff
48682,Karoline,Sessa,9999-01-01,Staff
48683,Peer,Garnham,9999-01-01,Senior Staff
48693,Quingbo,Erev,9999-01-01,Senior Staff
48696,Irena,Giarratana,9999-01-01,Senior Staff
48701,Adly,Msuda,9999-01-01,Senior Staff
48711,Khosrow,Schmittgen,9999-01-01,Engineer
48736,Feixiong,Cunliffe,9999-01-01,Senior Engineer
48741,Marke,Maccarone,9999-01-01,Senior Engineer
48751,Takanari,Luit,9999-01-01,Senior Staff
48757,Stella,Gecseg,9999-01-01,Senior Staff
48772,Sanjai,Hoogerwoord,9999-01-01,Assistant Engineer
48775,Ranga,Pillow,9999-01-01,Senior Staff
48785,Zhenhua,Pappas,9999-01-01,Technique Leader
48791,Kinh,Covnot,9999-01-01,Senior Engineer
48799,Frederique,Giarratana,9999-01-01,Engineer
48803,Yuuichi,Bhattacharjee,9999-01-01,Senior Engineer
48809,Masami,Farrow,9999-01-01,Engineer
48811,Subhada,Zlotek,9999-01-01,Engineer
48816,Moty,Stanger,9999-01-01,Staff
48818,Monique,Welham,9999-01-01,Staff
48832,Kitty,Clouatre,9999-01-01,Technique Leader
48834,Felicidad,Ferriere,9999-01-01,Staff
48838,Gay,Meszaros,9999-01-01,Senior Staff
48840,Gay,Alpay,9999-01-01,Engineer
48841,Krisda,Busillo,9999-01-01,Engineer
48847,Pramod,Hoogerwoord,9999-01-01,Senior Engineer
48862,Kersti,Farrag,9999-01-01,Senior Staff
48883,Vitali,Servi,9999-01-01,Senior Staff
48915,Qiwen,Gerteisen,9999-01-01,Senior Staff
48917,Rosalyn,Vernadat,9999-01-01,Senior Engineer
48955,Masasuke,Onuegbe,9999-01-01,Staff
48970,Kazuhito,Collette,9999-01-01,Staff
48984,Ebru,Cronan,9999-01-01,Staff
48985,Divine,Ozeki,9999-01-01,Senior Engineer
48988,Claudi,Famili,9999-01-01,Engineer
48996,Navin,Gelosh,9999-01-01,Technique Leader
48999,Boriana,Neimat,9999-01-01,Engineer
49003,Odoardo,Laventhal,9999-01-01,Staff
49007,Hiroyasu,Aamodt,9999-01-01,Staff
49030,Monique,Thombley,9999-01-01,Engineer
49041,Jixiang,Sifakis,9999-01-01,Senior Engineer
49047,Dannz,Pargaonkar,9999-01-01,Technique Leader
49053,Gila,Plumb,9999-01-01,Senior Engineer
49062,Hailing,Zumaque,9999-01-01,Senior Engineer
49075,Ravishankar,Orlowska,9999-01-01,Senior Engineer
49077,Kasturi,Siprelle,9999-01-01,Senior Staff
49086,Kish,Macedo,9999-01-01,Senior Engineer
49087,Yifei,Cools,9999-01-01,Senior Engineer
49091,Mabry,Papadias,9999-01-01,Senior Engineer
49106,Krassimir,Lorin,9999-01-01,Engineer
49115,Xinan,Engelmann,9999-01-01,Senior Staff
49128,Sarita,Kuzuoka,9999-01-01,Staff
49130,Pohua,Bage,9999-01-01,Engineer
49138,Zhonghua,Nourani,9999-01-01,Senior Engineer
49174,Giri,Pollock,9999-01-01,Senior Staff
49194,Nigel,Plesums,9999-01-01,Staff
49202,Zhaofang,Chiola,9999-01-01,Staff
49224,Shrikanth,Swist,9999-01-01,Staff
49227,Anestis,Clouatre,9999-01-01,Senior Staff
49235,Heather,Shiratori,9999-01-01,Senior Engineer
49242,Hongzue,Erman,9999-01-01,Engineer
49244,Alexius,Trelles,9999-01-01,Staff
49251,Barry,Shimshoni,9999-01-01,Engineer
49262,Willard,Fairtlough,9999-01-01,Senior Staff
49264,Hsiangchu,Landherr,9999-01-01,Senior Engineer
49279,Jovan,Docker,9999-01-01,Staff
49280,Tse,Oxman,9999-01-01,Engineer
49294,Mads,Peltason,9999-01-01,Staff
49301,Kien,Schnabel,9999-01-01,Senior Engineer
49306,Tuval,Iwayama,9999-01-01,Senior Engineer
49310,Yechiam,Assaf,9999-01-01,Senior Staff
49315,Debaprosad,Gihr,9999-01-01,Senior Staff
49320,Zhigen,Ratnakar,9999-01-01,Engineer
49335,Gunilla,Breugel,9999-01-01,Senior Staff
49340,Rosella,Egerstedt,9999-01-01,Senior Engineer
49351,Pranas,Babb,9999-01-01,Staff
49353,Kristin,Lorys,9999-01-01,Senior Engineer
49368,Vishu,Erev,9999-01-01,Senior Staff
49382,Bikash,Kalefeld,9999-01-01,Staff
49383,Ipke,Krone,9999-01-01,Senior Engineer
49385,Vesna,Egerstedt,9999-01-01,Senior Engineer
49430,Nathan,Erez,9999-01-01,Senior Engineer
49434,Adin,Koblitz,9999-01-01,Senior Engineer
49436,Chanjung,Nitsche,9999-01-01,Senior Engineer
49437,Ramalingam,Anguita,9999-01-01,Staff
49438,IEEE,Krichel,9999-01-01,Technique Leader
49449,Tsutomu,Sifakis,9999-01-01,Engineer
49457,Vidya,Speek,9999-01-01,Staff
49496,Jaewoo,Butner,9999-01-01,Senior Staff
49501,Yonghong,Schmezko,9999-01-01,Engineer
49515,Feipei,Schmiedel,9999-01-01,Senior Staff
49524,Saniya,Brender,9999-01-01,Staff
49527,Nigel,Coors,9999-01-01,Senior Engineer
49532,Bodh,Ghazalie,9999-01-01,Senior Staff
49537,Minghong,Dulli,9999-01-01,Engineer
49556,Divine,Hofman,9999-01-01,Engineer
49558,Marko,Rusterholz,9999-01-01,Assistant Engineer
49565,Radhika,Spell,9999-01-01,Senior Engineer
49566,Theirry,Compeau,9999-01-01,Engineer
49570,Berry,Henseler,9999-01-01,Senior Staff
49594,Morris,Eiron,9999-01-01,Engineer
49599,Pradeep,Gente,9999-01-01,Senior Staff
49617,Mahmut,Domenig,9999-01-01,Staff
49619,Fumiyo,Cools,9999-01-01,Senior Engineer
49624,Falguni,Mitsuhashi,9999-01-01,Engineer
49625,Shem,Greibach,9999-01-01,Senior Staff
49659,Fatemeh,Sudbeck,9999-01-01,Senior Staff
49660,Oscar,Chinin,9999-01-01,Senior Staff
49667,Sakthirel,Pashtan,9999-01-01,Staff
49668,Xuedong,Braunschweig,9999-01-01,Staff
49675,Uri,Tchuente,9999-01-01,Senior Staff
49682,Toshimori,Murtha,9999-01-01,Senior Staff
49696,Sandeepan,Bondorf,9999-01-01,Staff
49699,Lidong,Dulli,9999-01-01,Senior Engineer
49707,Tetsushi,Rindone,9999-01-01,Engineer
49708,Nagui,Jansch,9999-01-01,Engineer
49710,Goetz,Herber,9999-01-01,Engineer
49715,Shunichi,Lieblein,9999-01-01,Technique Leader
49758,Radoslaw,Callaway,9999-01-01,Senior Engineer
49766,Anestis,Staylopatis,9999-01-01,Staff
49772,Navin,Cools,9999-01-01,Engineer
49774,Shigeaki,Zyda,9999-01-01,Technique Leader
49795,Marsha,Vitiello,9999-01-01,Senior Staff
49796,Edwin,Rouquie,9999-01-01,Assistant Engineer
49806,Barun,Camarinopoulos,9999-01-01,Senior Staff
49811,Toshiki,Kavanagh,9999-01-01,Staff
49813,Sigeru,Solares,9999-01-01,Engineer
49820,Christoph,Besancenot,9999-01-01,Staff
49825,Zeljko,Matheson,9999-01-01,Engineer
49860,Pintsang,Rosin,9999-01-01,Senior Engineer
49861,Rosalyn,Zykh,9999-01-01,Staff
49869,Sampalli,Etalle,9999-01-01,Staff
49893,Mahendra,Verhaegen,9999-01-01,Senior Engineer
49894,Wilmer,Barvinok,9999-01-01,Staff
49900,Ramzi,Schonegge,9999-01-01,Staff
49902,Hairong,Hiroyama,9999-01-01,Engineer
49912,Demos,Swiss,9999-01-01,Senior Staff
49918,Akeel,Maksimenko,9999-01-01,Senior Engineer
49920,Dekang,Babu,9999-01-01,Senior Staff
49930,Girolamo,Conte,9999-01-01,Senior Staff
49934,Marsja,Ramalingam,9999-01-01,Engineer
49937,Shawna,Thibadeau,9999-01-01,Senior Engineer
49940,Anyuan,Wallrath,9999-01-01,Senior Engineer
49942,Eric,Hartvigsen,9999-01-01,Senior Staff
49954,Taizo,Scharstein,9999-01-01,Senior Engineer
49992,Marsha,Dayana,9999-01-01,Technique Leader
49994,Dhritiman,Ramamoorthy,9999-01-01,Engineer
50002,Dannz,Gecsel,9999-01-01,Staff
50006,Charmane,Yeung,9999-01-01,Senior Engineer
50016,Weicheng,Serna,9999-01-01,Staff
50019,Aloke,Neiman,9999-01-01,Senior Engineer
50034,Jixiang,Muhling,9999-01-01,Senior Engineer
50041,Tze,Denny,9999-01-01,Engineer
50048,Indrajit,Lindqvist,9999-01-01,Senior Staff
50071,Khue,Baalen,9999-01-01,Technique Leader
50075,Shaz,Muntz,9999-01-01,Senior Staff
50080,Mary,Argence,9999-01-01,Senior Staff
50083,Patricio,Waymire,9999-01-01,Staff
50093,Irene,Improta,9999-01-01,Engineer
50102,Adib,Boudaillier,9999-01-01,Engineer
50111,Angel,Rosin,9999-01-01,Staff
50126,Terresa,Brendel,9999-01-01,Senior Staff
50145,Angel,Peyn,9999-01-01,Senior Engineer
50163,Arlette,Ruther,9999-01-01,Staff
50182,Unal,Kossowski,9999-01-01,Staff
50198,Prasadram,Fortenbacher,9999-01-01,Engineer
50199,Yishai,Schreiter,9999-01-01,Senior Engineer
50204,Mayuko,Beutelspacher,9999-01-01,Staff
50207,Feiyu,Huxford,9999-01-01,Senior Staff
50218,Boguslaw,Baer,9999-01-01,Staff
50234,Abdelkader,Felder,9999-01-01,Engineer
50236,Zhenbing,Cangellaris,9999-01-01,Engineer
50241,Gor,Melichar,9999-01-01,Senior Engineer
50257,Shigeichiro,Pezzoli,9999-01-01,Senior Staff
50268,Danil,Borovoy,9999-01-01,Senior Staff
50274,Horward,Boudaillier,9999-01-01,Senior Staff
50275,Cordelia,Ohori,9999-01-01,Engineer
50285,Utz,Bernardeschi,9999-01-01,Senior Staff
50287,Ortrun,Mapelli,9999-01-01,Engineer
50294,Arto,Cronan,9999-01-01,Senior Staff
50302,Golgen,Simmel,9999-01-01,Senior Engineer
50309,Mostafa,Rodite,9999-01-01,Senior Engineer
50318,Remco,Beerel,9999-01-01,Senior Staff
50322,Perla,Larfeldt,9999-01-01,Engineer
50324,Geraldo,Taubenfeld,9999-01-01,Engineer
50344,Xiping,Qiwen,9999-01-01,Assistant Engineer
50348,Genevieve,Binkley,9999-01-01,Senior Engineer
50351,Shahaf,Fordan,9999-01-01,Senior Staff
50356,Guoxiang,Knightly,9999-01-01,Senior Staff
50361,Sven,Chenoweth,9999-01-01,Staff
50369,Shmuel,Gils,9999-01-01,Staff
50377,Charlene,Lipner,9999-01-01,Senior Engineer
50380,Gino,Schusler,9999-01-01,Assistant Engineer
50393,Lunjin,Marzano,9999-01-01,Senior Engineer
50395,Bedir,Garigliano,9999-01-01,Engineer
50414,Alois,Belinskaya,9999-01-01,Senior Staff
50437,Maha,Beilner,9999-01-01,Senior Engineer
50441,Mahmut,Braunschweig,9999-01-01,Senior Staff
50444,Odysseas,Terwilliger,9999-01-01,Senior Staff
50449,Jagoda,Alvarado,9999-01-01,Senior Engineer
50455,Munir,Anguita,9999-01-01,Senior Staff
50456,Alain,Eastman,9999-01-01,Staff
50469,Berhard,Hinsberger,9999-01-01,Senior Staff
50475,Paris,Hennebert,9999-01-01,Engineer
50478,Leni,Benzmuller,9999-01-01,Staff
50479,Mitsuyuki,Ramsey,9999-01-01,Senior Staff
50491,Garnik,Shokrollahi,9999-01-01,Staff
50503,Elvia,Kading,9999-01-01,Staff
50512,Yolla,Shimshoni,9999-01-01,Engineer
50513,Gritta,Antonisse,9999-01-01,Engineer
50517,Weidon,Snedden,9999-01-01,Senior Staff
50522,Hongzhu,Babu,9999-01-01,Staff
50553,Erzsebet,Zschoche,9999-01-01,Engineer
50578,Satosi,Merle,9999-01-01,Engineer
50585,Dhritiman,Setlzner,9999-01-01,Senior Staff
50588,Ghassan,Swan,9999-01-01,Staff
50590,Leucio,Calkin,9999-01-01,Senior Engineer
50605,Jaihie,Crooks,9999-01-01,Senior Staff
50610,Kazuhira,Nyanchama,9999-01-01,Staff
50639,Fumiko,Kruskal,9999-01-01,Technique Leader
50649,Chenxi,Rijsenbrij,9999-01-01,Staff
50672,Shen,Greenaway,9999-01-01,Senior Engineer
50678,Udaiprakash,Chepyzhov,9999-01-01,Staff
50694,Sadun,Middleton,9999-01-01,Staff
50707,Uno,Coney,9999-01-01,Engineer
50736,Ulf,Douceur,9999-01-01,Technique Leader
50739,Kiyomitsu,Guenter,9999-01-01,Senior Engineer
50750,Kristen,DasSarma,9999-01-01,Engineer
50758,Mara,Isard,9999-01-01,Senior Staff
50790,Hugo,Serdy,9999-01-01,Senior Engineer
50805,Xumin,Lenart,9999-01-01,Senior Staff
50807,Muneo,Conde,9999-01-01,Staff
50814,Aamer,Daescu,9999-01-01,Senior Engineer
50828,Fumiyo,Henders,9999-01-01,Senior Engineer
50838,Adil,Skogmar,9999-01-01,Senior Staff
50843,Uno,Aumann,9999-01-01,Engineer
50856,Hironoby,Melter,9999-01-01,Senior Engineer
50857,Houman,Schmiedel,9999-01-01,Staff
50881,Ravishankar,Itzfeldt,9999-01-01,Senior Engineer
50883,Kiyotoshi,Gyorkos,9999-01-01,Senior Staff
50891,Guenter,Suermann,9999-01-01,Senior Staff
50893,Tayeb,Garrabrants,9999-01-01,Senior Staff
50895,Stein,Bolsens,9999-01-01,Staff
50899,Pintsang,Gadepally,9999-01-01,Senior Staff
50906,Djenana,Ibel,9999-01-01,Senior Staff
50916,Yuping,Kossowski,9999-01-01,Assistant Engineer
50950,Jolita,Rande,9999-01-01,Engineer
50953,Adhemar,Fiebach,9999-01-01,Senior Engineer
50954,Yishay,Nations,9999-01-01,Engineer
50957,Ipke,Ullian,9999-01-01,Senior Engineer
50973,Udi,Krohm,9999-01-01,Staff
50974,Yoshimitsu,Narahara,9999-01-01,Senior Staff
50983,Hironobu,Grandbois,9999-01-01,Staff
50985,Mototsugu,Krichel,9999-01-01,Engineer
50995,Ugo,Bala,9999-01-01,Senior Staff
51035,Gina,Standera,9999-01-01,Staff
51039,Dekang,Penz,9999-01-01,Senior Staff
51062,Werner,Narlikar,9999-01-01,Senior Staff
51078,Maia,Leuchs,9999-01-01,Senior Engineer
51081,Masadi,Blokdijk,9999-01-01,Staff
51082,Patricio,Kobara,9999-01-01,Engineer
51088,Adin,Rathonyi,9999-01-01,Staff
51113,Evgueni,Camurati,9999-01-01,Engineer
51121,Debaprosad,Bierbaum,9999-01-01,Staff
51126,Gully,Zirintsis,9999-01-01,Staff
51148,Lucian,Lubachevsky,9999-01-01,Senior Staff
51149,Gilbert,Rajcani,9999-01-01,Engineer
51150,Mona,Ferriere,9999-01-01,Staff
51165,Kazuyasu,Anily,9999-01-01,Senior Staff
51166,Xiaobin,Ginesta,9999-01-01,Senior Engineer
51175,Mark,Lorho,9999-01-01,Senior Staff
51177,Hironoby,Birsak,9999-01-01,Engineer
51190,Sivanarayana,Zedlitz,9999-01-01,Senior Engineer
51194,Freyja,Schach,9999-01-01,Engineer
51201,Byong,Suomi,9999-01-01,Senior Staff
51208,Arvin,Walstra,9999-01-01,Senior Staff
51218,Shir,Frijda,9999-01-01,Staff
51219,Niclas,Ernst,9999-01-01,Engineer
51234,Berna,Axelband,9999-01-01,Senior Engineer
51250,Leah,Alpay,9999-01-01,Senior Staff
51263,Arnould,Pearson,9999-01-01,Senior Staff
51269,Sangeeta,Schmittgen,9999-01-01,Engineer
51285,Zhiwei,Itschner,9999-01-01,Assistant Engineer
51294,Tetsushi,Pell,9999-01-01,Staff
51299,Demos,McClure,9999-01-01,Senior Engineer
51307,Xiping,Parascandalo,9999-01-01,Senior Staff
51311,Guadalupe,Fujisaki,9999-01-01,Staff
51313,Alois,Francisci,9999-01-01,Staff
51323,Yannis,Stanger,9999-01-01,Staff
51331,Jackson,Pusterhofer,9999-01-01,Senior Staff
51333,Shichao,Whittlesey,9999-01-01,Staff
51336,Rosli,Pepe,9999-01-01,Staff
51347,Hiroyasu,Randi,9999-01-01,Staff
51351,Pasqua,Perko,9999-01-01,Staff
51363,Georgy,Sundgren,9999-01-01,Engineer
51381,Sadok,Huhdanpaa,9999-01-01,Staff
51400,KayLiang,Luca,9999-01-01,Staff
51402,Vasiliy,Kuhnemann,9999-01-01,Senior Engineer
51404,Lalit,Desikan,9999-01-01,Engineer
51412,Atreye,Shumilov,9999-01-01,Senior Engineer
51413,Changho,Willoner,9999-01-01,Senior Staff
51414,Mohammed,Improta,9999-01-01,Senior Staff
51429,Yannis,Saoudi,9999-01-01,Staff
51431,Debaprosad,Merro,9999-01-01,Senior Staff
51438,Alagu,Bernatsky,9999-01-01,Senior Engineer
51446,Byong,Uehara,9999-01-01,Technique Leader
51455,Jinpo,Schnabel,9999-01-01,Engineer
51476,TRUE,Gerlach,9999-01-01,Senior Staff
51478,Khaled,Markovitch,9999-01-01,Engineer
51481,Satoru,Wilfing,9999-01-01,Staff
51501,Mikhail,Range,9999-01-01,Senior Engineer
51503,Dietrich,Famili,9999-01-01,Senior Engineer
51507,Khalid,Gubsky,9999-01-01,Staff
51520,Goh,Bierman,9999-01-01,Senior Staff
51521,Chinhyun,Gustavson,9999-01-01,Senior Staff
51526,Debaprosad,Rassart,9999-01-01,Staff
51541,Zito,Boudaillier,9999-01-01,Engineer
51548,Freyja,Rahimi,9999-01-01,Senior Engineer
51561,Marsha,Docker,9999-01-01,Senior Engineer
51571,Yuichiro,Jervis,9999-01-01,Engineer
51574,Manohar,Rouquie,9999-01-01,Engineer
51580,Oscar,Syang,9999-01-01,Engineer
51590,Ung,Sudbeck,9999-01-01,Staff
51593,Masasuke,Pardalos,9999-01-01,Technique Leader
51597,Shuky,Mungall,9999-01-01,Senior Staff
51602,Edwin,Antonakopoulos,9999-01-01,Staff
51611,Takushi,Encarnacion,9999-01-01,Engineer
51616,Rafail,Rassart,9999-01-01,Staff
51619,Kensei,Birke,9999-01-01,Engineer
51622,Deniz,Casperson,9999-01-01,Senior Engineer
51639,Abdelaziz,Czap,9999-01-01,Senior Staff
51645,Berto,Stassinopoulos,9999-01-01,Senior Engineer
51646,Maren,Hellwagner,9999-01-01,Engineer
51651,Valdiodio,Kaiserswerth,9999-01-01,Senior Staff
51662,Shir,Varman,9999-01-01,Senior Engineer
51681,Ulises,Petereit,9999-01-01,Senior Staff
51686,Luigi,Rosay,9999-01-01,Senior Staff
51688,Jovan,Comte,9999-01-01,Engineer
51690,Xiping,Norsworthy,9999-01-01,Staff
51691,Fumiya,Lagarias,9999-01-01,Technique Leader
51694,Mohamadou,Taubman,9999-01-01,Engineer
51724,Xiong,Kolvik,9999-01-01,Assistant Engineer
51736,Shigehiro,Valiente,9999-01-01,Engineer
51738,Guenter,Norsworthy,9999-01-01,Senior Engineer
51759,Sarita,Sherertz,9999-01-01,Staff
51781,Mandell,Murtagh,9999-01-01,Engineer
51788,Uzi,Chleq,9999-01-01,Senior Engineer
51791,Marjo,Kroft,9999-01-01,Senior Staff
51806,Fumitake,Tasistro,9999-01-01,Staff
51812,Marit,Yoshizawa,9999-01-01,Engineer
51818,Boriana,Weedman,9999-01-01,Senior Staff
51838,Akemi,Woycyznski,9999-01-01,Senior Staff
51840,Leucio,Gimbel,9999-01-01,Senior Staff
51863,Idoia,Bennis,9999-01-01,Engineer
51867,Shahaf,Jansch,9999-01-01,Engineer
51877,Golgen,Picaronny,9999-01-01,Senior Engineer
51898,Mandell,Luca,9999-01-01,Senior Engineer
51909,Baocai,Honglei,9999-01-01,Staff
51910,Rosli,Chenoweth,9999-01-01,Senior Staff
51916,Jingling,Yetim,9999-01-01,Senior Engineer
51943,Gal,Arlazarov,9999-01-01,Senior Engineer
51949,Pranav,Rosti,9999-01-01,Senior Engineer
51969,Barna,Bharadwaj,9999-01-01,Senior Engineer
51994,Shigehito,Pluym,9999-01-01,Staff
51995,Zhongwei,Roccetti,9999-01-01,Senior Staff
52001,Irene,Varman,9999-01-01,Engineer
52002,Parviz,Stamatiou,9999-01-01,Senior Engineer
52008,Sachio,Noriega,9999-01-01,Senior Staff
52015,Zeljko,Raoux,9999-01-01,Technique Leader
52058,Jessie,Rassart,9999-01-01,Staff
52063,Ferdinand,Lunt,9999-01-01,Senior Engineer
52066,Xiong,Bojadziev,9999-01-01,Senior Staff
52069,Conrado,Krohm,9999-01-01,Senior Engineer
52071,Xianlong,Milicic,9999-01-01,Senior Staff
52095,Hein,Dayang,9999-01-01,Senior Staff
52098,Martine,Delaune,9999-01-01,Senior Engineer
52108,Anestis,Reinhart,9999-01-01,Senior Engineer
52113,Feixiong,Hiroyama,9999-01-01,Staff
52117,Neven,Lipner,9999-01-01,Engineer
52130,Kwangho,Besselaar,9999-01-01,Assistant Engineer
52131,Tonny,Collette,9999-01-01,Engineer
52144,Gad,Hoogerwoord,9999-01-01,Senior Engineer
52149,Greger,Broomell,9999-01-01,Technique Leader
52167,Bernd,Copas,9999-01-01,Technique Leader
52173,Masato,Papadias,9999-01-01,Engineer
52175,Oldrich,Cronan,9999-01-01,Engineer
52196,Francesca,Choobineh,9999-01-01,Engineer
52207,Alenka,Sifakis,9999-01-01,Engineer
52217,Spyrose,Henseler,9999-01-01,Staff
52228,Heng,Meszaros,9999-01-01,Senior Staff
52230,Leah,Stavenow,9999-01-01,Senior Staff
52248,Masaki,Peek,9999-01-01,Engineer
52252,Moty,Bade,9999-01-01,Staff
52255,Masamitsu,Michaels,9999-01-01,Engineer
52271,Nikolaus,Schaft,9999-01-01,Senior Staff
52291,Kshitij,Erva,9999-01-01,Staff
52299,Shin,Baranowski,9999-01-01,Senior Engineer
52307,Michaela,Suri,9999-01-01,Senior Engineer
52310,Yongmin,Flexer,9999-01-01,Senior Staff
52315,Hilari,Ozery,9999-01-01,Senior Staff
52342,Niranjan,Karcich,9999-01-01,Senior Staff
52348,Junsik,Radwan,9999-01-01,Senior Staff
52355,Arto,Merkl,9999-01-01,Engineer
52356,Kazuhira,Swist,9999-01-01,Senior Staff
52369,Manohar,Sewelson,9999-01-01,Senior Staff
52373,Mircea,McClurg,9999-01-01,Senior Staff
52391,Horward,Varker,9999-01-01,Engineer
52396,Ulf,Paludetto,9999-01-01,Senior Staff
52397,Huai,Swen,9999-01-01,Staff
52411,Elvis,Alpin,9999-01-01,Engineer
52412,Gen,Thombley,9999-01-01,Senior Staff
52413,Qiwen,Brobst,9999-01-01,Senior Engineer
52417,Eran,Rahimi,9999-01-01,Engineer
52420,Badri,Pramanik,9999-01-01,Staff
52454,Marco,Peyn,9999-01-01,Engineer
52465,Gift,Ramsay,9999-01-01,Engineer
52475,Augustine,Khamsi,9999-01-01,Engineer
52483,Kazuhira,Boyle,9999-01-01,Engineer
52511,Zhanqiu,Luca,9999-01-01,Staff
52531,Khosrow,Basart,9999-01-01,Senior Staff
52539,Shigeu,Huttel,9999-01-01,Senior Staff
52548,Mario,Ritzmann,9999-01-01,Senior Engineer
52557,Aruna,Kalsbeek,9999-01-01,Engineer
52564,Shuky,Chenoweth,9999-01-01,Engineer
52579,Hironoby,Auria,9999-01-01,Staff
52584,Szabolcs,Osgood,9999-01-01,Engineer
52593,Shridhar,Lichtman,9999-01-01,Senior Staff
52598,Lobel,Marciano,9999-01-01,Senior Staff
52610,Akhilish,Tsukuda,9999-01-01,Senior Engineer
52633,Diederik,Hasham,9999-01-01,Technique Leader
52644,Geoffrey,Picci,9999-01-01,Staff
52667,Pranav,McConalogue,9999-01-01,Assistant Engineer
52671,Gay,Sommer,9999-01-01,Staff
52676,Baruch,Melton,9999-01-01,Senior Engineer
52682,Valdiodio,Crooks,9999-01-01,Staff
52695,Sahrah,Borstler,9999-01-01,Senior Engineer
52698,Magdalena,Mersereau,9999-01-01,Senior Engineer
52700,Shin,Ranze,9999-01-01,Engineer
52703,Gian,Sidje,9999-01-01,Senior Staff
52712,Boaz,Giveon,9999-01-01,Engineer
52727,Steve,Facello,9999-01-01,Staff
52733,Supot,Atrawala,9999-01-01,Assistant Engineer
52746,Ingmar,Neimat,9999-01-01,Engineer
52752,Barna,Rajcani,9999-01-01,Staff
52761,Toshimori,Delgrossi,9999-01-01,Engineer
52773,Shounak,Rissland,9999-01-01,Senior Staff
52812,Jaber,Fujisawa,9999-01-01,Staff
52815,Djenana,Makrucki,9999-01-01,Engineer
52830,Kitty,Peron,9999-01-01,Staff
52842,Ohad,Murtafg,9999-01-01,Senior Staff
52851,Gita,Billawala,9999-01-01,Senior Staff
52856,Kazuhide,Speel,9999-01-01,Senior Staff
52857,Van,Rabehasaina,9999-01-01,Senior Staff
52867,Yishay,Lindenbaum,9999-01-01,Staff
52897,Arnd,Isaac,9999-01-01,Engineer
52916,Paris,Schusler,9999-01-01,Senior Staff
52932,Carrsten,Lorin,9999-01-01,Senior Engineer
52933,Gurbir,Uludag,9999-01-01,Staff
52951,Hauke,Solares,9999-01-01,Staff
52961,Arun,Niizuma,9999-01-01,Senior Engineer
52962,Hein,Cappelli,9999-01-01,Staff
52964,Dmitri,Grandbois,9999-01-01,Senior Engineer
52965,Itzchak,Steinauer,9999-01-01,Senior Engineer
52976,Alejandra,Binding,9999-01-01,Engineer
52981,Howell,Hutton,9999-01-01,Engineer
52986,Ugo,Beznosov,9999-01-01,Staff
53012,Yongdong,Muchinsky,9999-01-01,Staff
53057,Moss,Reeken,9999-01-01,Staff
53059,Sachin,Impagliazzo,9999-01-01,Senior Staff
53064,Mingsen,Heusch,9999-01-01,Senior Staff
53079,Nirmal,Maierhofer,9999-01-01,Engineer
53080,Yunming,Lamma,9999-01-01,Senior Engineer
53083,Jinya,Schaap,9999-01-01,Senior Staff
53090,Kazuhisa,Furedi,9999-01-01,Staff
53092,Tetsushi,England,9999-01-01,Staff
53103,Nechama,Molenkamp,9999-01-01,Staff
53130,Anestis,Poupard,9999-01-01,Senior Engineer
53134,Shahid,Fasbender,9999-01-01,Senior Staff
53138,Parke,Schaaf,9999-01-01,Senior Engineer
53145,Tsutomu,Reistad,9999-01-01,Staff
53146,Guenter,Rosay,9999-01-01,Senior Engineer
53150,Kiyotoshi,Kakkad,9999-01-01,Senior Engineer
53154,Chaosheng,Akazan,9999-01-01,Senior Engineer
53157,Weiye,Birge,9999-01-01,Senior Engineer
53159,Jaewon,Cherinka,9999-01-01,Engineer
53160,Susumu,Rossi,9999-01-01,Senior Staff
53162,Marke,Bamford,9999-01-01,Senior Engineer
53165,Woody,Feldmann,9999-01-01,Senior Staff
53177,Vugranam,Sichman,9999-01-01,Engineer
53178,Franziska,Melichar,9999-01-01,Senior Engineer
53186,Martien,Penn,9999-01-01,Senior Engineer
53194,Lorien,Unno,9999-01-01,Senior Engineer
53201,Kien,Lagarias,9999-01-01,Technique Leader
53204,Nirmal,Bernatsky,9999-01-01,Senior Staff
53217,Shem,Heystek,9999-01-01,Engineer
53243,Maren,Schach,9999-01-01,Senior Staff
53247,Rayond,Undy,9999-01-01,Senior Staff
53259,Francoise,Zirintsis,9999-01-01,Senior Staff
53273,Moon,Fraisse,9999-01-01,Engineer
53275,Lokesh,Rullman,9999-01-01,Engineer
53277,Roded,Coney,9999-01-01,Senior Staff
53298,Shay,Oskamp,9999-01-01,Senior Engineer
53318,Mohua,Hooghiemstra,9999-01-01,Senior Staff
53324,Vincent,Speckmann,9999-01-01,Senior Engineer
53328,Terresa,Swan,9999-01-01,Senior Engineer
53353,Srinidhi,Sudkamp,9999-01-01,Senior Engineer
53358,Pasqua,Peac,9999-01-01,Senior Engineer
53367,Samphel,Parveen,9999-01-01,Senior Staff
53380,Tianruo,Pollacia,9999-01-01,Engineer
53391,Fayez,Stroustrup,9999-01-01,Senior Staff
53398,Brigham,Munch,9999-01-01,Senior Staff
53412,Dipayan,Rassart,9999-01-01,Senior Staff
53415,Mariangiola,Nitta,9999-01-01,Senior Engineer
53418,Hiroyasu,Alencar,9999-01-01,Senior Staff
53424,Saeed,Garrabrants,9999-01-01,Engineer
53430,Marke,Schneeberger,9999-01-01,Technique Leader
53436,Filipe,Mitsuhashi,9999-01-01,Senior Engineer
53442,Nathalie,Riefers,9999-01-01,Engineer
53455,Sariel,Deville,9999-01-01,Engineer
53457,Rildo,Kisuki,9999-01-01,Engineer
53459,Salvador,Berstel,9999-01-01,Senior Staff
53464,Odoardo,Andreotta,9999-01-01,Senior Staff
53467,Roddy,Serna,9999-01-01,Senior Staff
53468,Yifei,Muhlberg,9999-01-01,Engineer
53475,Malu,Selenyi,9999-01-01,Staff
53489,Marko,Cherinka,9999-01-01,Engineer
53509,Radoslaw,Osgood,9999-01-01,Engineer
53530,Gully,Pintelas,9999-01-01,Assistant Engineer
53532,Shimshon,Asmuth,9999-01-01,Staff
53539,Sangeeta,Mansanne,9999-01-01,Technique Leader
53540,Khaled,Zockler,9999-01-01,Engineer
53546,Dietrich,Rodier,9999-01-01,Senior Engineer
53560,Bernice,Senzako,9999-01-01,Senior Engineer
53589,Kitty,Spell,9999-01-01,Senior Engineer
53601,Avishai,Felder,9999-01-01,Senior Engineer
53607,Moheb,Lorch,9999-01-01,Staff
53612,Hironobu,Benzaken,9999-01-01,Engineer
53622,Masako,Murthy,9999-01-01,Staff
53633,Masadi,Heinisuo,9999-01-01,Staff
53640,Toshimi,Coorg,9999-01-01,Staff
53641,Vesna,Remmele,9999-01-01,Staff
53642,Navin,Erdi,9999-01-01,Senior Staff
53651,Nathalie,Melichar,9999-01-01,Senior Staff
53659,Feipei,Sommer,9999-01-01,Staff
53661,Kaijung,Wixon,9999-01-01,Senior Staff
53663,Mamdouh,Segond,9999-01-01,Staff
53674,Mong,Babu,9999-01-01,Senior Staff
53679,Aleksandar,Litzkow,9999-01-01,Senior Staff
53684,Gou,Greenaway,9999-01-01,Senior Staff
53709,Kazuhisa,Zaumen,9999-01-01,Senior Engineer
53712,Hidde,Bauknecht,9999-01-01,Senior Engineer
53747,Yechezkel,Shimshoni,9999-01-01,Engineer
53751,Teruyuki,Jayawardene,9999-01-01,Staff
53760,Mong,Mateescu,9999-01-01,Senior Engineer
53775,Maya,Peternell,9999-01-01,Senior Engineer
53779,Kellie,Zielinski,9999-01-01,Senior Engineer
53783,Renee,Schwaller,9999-01-01,Senior Staff
53827,Shan,Baek,9999-01-01,Engineer
53856,Tzu,Reinhart,9999-01-01,Engineer
53860,Nahid,Masamoto,9999-01-01,Staff
53862,Manohar,Siprelle,9999-01-01,Staff
53868,Jixiang,Angelov,9999-01-01,Senior Staff
53871,Xudong,Hebert,9999-01-01,Senior Staff
53942,Xiaoheng,Carrere,9999-01-01,Staff
53943,Yannis,Hagimont,9999-01-01,Engineer
53947,Shooichi,Henseler,9999-01-01,Engineer
53974,Nahla,Reghbati,9999-01-01,Senior Engineer
53977,Alper,Unno,9999-01-01,Senior Staff
54029,Mona,Smailagic,9999-01-01,Staff
54037,Hironobu,Grabner,9999-01-01,Senior Staff
54042,Leandro,Fiutem,9999-01-01,Senior Engineer
54044,Yuuichi,Muhling,9999-01-01,Senior Staff
54049,Christoper,Debuse,9999-01-01,Engineer
54055,Mitsuyuki,Famili,9999-01-01,Senior Staff
54085,Dharmaraja,Marchesini,9999-01-01,Senior Staff
54089,Sandeepan,Barriga,9999-01-01,Technique Leader
54096,Georg,Reeken,9999-01-01,Technique Leader
54105,Hidefumi,Peck,9999-01-01,Staff
54123,Kien,Bahk,9999-01-01,Staff
54131,Rayond,Murrill,9999-01-01,Senior Staff
54139,Tomoyuki,Budinsky,9999-01-01,Senior Engineer
54164,Sahrah,Penz,9999-01-01,Staff
54201,Shigeu,Stranks,9999-01-01,Technique Leader
54206,Marsja,Auyong,9999-01-01,Senior Engineer
54207,Radhika,Bhattacharjee,9999-01-01,Technique Leader
54226,Chinya,Michaeli,9999-01-01,Engineer
54254,Jianwen,Ramsey,9999-01-01,Engineer
54257,Satoru,Molenaar,9999-01-01,Senior Engineer
54298,Taizo,Orsini,9999-01-01,Engineer
54305,Shaowen,Birke,9999-01-01,Technique Leader
54307,Yuqun,Bondorf,9999-01-01,Senior Engineer
54309,Mohamadou,Bressoud,9999-01-01,Senior Engineer
54311,Inderjeet,Chappelet,9999-01-01,Engineer
54324,Tsutomu,Hutter,9999-01-01,Staff
54352,Hilary,Daescu,9999-01-01,Senior Engineer
54366,Mohamadou,Terekhov,9999-01-01,Senior Engineer
54371,Sivanarayana,Esposito,9999-01-01,Engineer
54375,Rafail,Hofstetter,9999-01-01,Engineer
54383,Sanjay,Makrucki,9999-01-01,Senior Engineer
54389,Bingning,Linares,9999-01-01,Senior Engineer
54397,Fen,Langford,9999-01-01,Senior Staff
54407,Adhemar,Attimonelli,9999-01-01,Senior Staff
54416,Roddy,Sabnani,9999-01-01,Staff
54420,Youngkon,Rajcani,9999-01-01,Staff
54424,Wayne,Halevi,9999-01-01,Senior Engineer
54429,Tsuneo,Kopetz,9999-01-01,Senior Engineer
54430,Kaijung,Pezzoli,9999-01-01,Staff
54441,Miyeon,Uhrig,9999-01-01,Staff
54442,Nadjib,Isaak,9999-01-01,Engineer
54443,Gro,Grabner,9999-01-01,Senior Staff
54450,Jaana,Ranon,9999-01-01,Senior Engineer
54452,Jacqueline,Bratten,9999-01-01,Staff
54465,Torsten,Bresenham,9999-01-01,Staff
54471,Kotesh,Schiettecatte,9999-01-01,Engineer
54473,Aiman,Benaini,9999-01-01,Senior Staff
54474,Ult,Schreiter,9999-01-01,Technique Leader
54480,Danel,Nilsson,9999-01-01,Engineer
54517,Jongsuk,Liesche,9999-01-01,Engineer
54527,Leszek,Lorch,9999-01-01,Engineer
54528,Tomoyuki,Narwekar,9999-01-01,Engineer
54533,Goetz,Bach,9999-01-01,Senior Engineer
54536,Ennio,Hanratty,9999-01-01,Engineer
54548,Gadiel,Crouzet,9999-01-01,Senior Engineer
54550,Rajmohan,Marciano,9999-01-01,Senior Staff
54556,Temple,Masada,9999-01-01,Senior Engineer
54560,JiYoung,Peck,9999-01-01,Senior Engineer
54563,Shunichi,Menyhert,9999-01-01,Engineer
54566,Debaprosad,Kropf,9999-01-01,Engineer
54574,Stabislas,Czaja,9999-01-01,Senior Staff
54584,Fusako,Plotkin,9999-01-01,Engineer
54595,Jixiang,Bultermann,9999-01-01,Staff
54614,Nobuyoshi,Antonakopoulos,9999-01-01,Senior Engineer
54621,Sven,Murrill,9999-01-01,Engineer
54648,Denny,Setiz,9999-01-01,Senior Engineer
54655,Lenore,Kossowski,9999-01-01,Senior Staff
54674,Fumino,Kaiserswerth,9999-01-01,Senior Staff
54677,Chirstian,Schaaf,9999-01-01,Senior Engineer
54685,Marek,Georgatos,9999-01-01,Engineer
54703,Zhenhua,Swen,9999-01-01,Senior Staff
54704,Kellyn,Rebaine,9999-01-01,Senior Engineer
54746,Ramzi,Liesche,9999-01-01,Staff
54758,Kwun,Butner,9999-01-01,Senior Staff
54767,Richara,Peac,9999-01-01,Engineer
54770,Charlene,Demizu,9999-01-01,Senior Engineer
54772,Khedija,Krohn,9999-01-01,Senior Engineer
54773,Avishai,Cichocki,9999-01-01,Senior Engineer
54775,Chinya,Emden,9999-01-01,Senior Staff
54777,Niteen,Oxenboll,9999-01-01,Staff
54783,Abdelghani,Nannarelli,9999-01-01,Engineer
54789,Munehiro,Boyle,9999-01-01,Senior Engineer
54809,Mitsuyuki,Iacovou,9999-01-01,Engineer
54815,Subhankar,Irland,9999-01-01,Senior Staff
54819,Branimir,Deverell,9999-01-01,Staff
54830,Tadahiro,Trystram,9999-01-01,Assistant Engineer
54837,Jordanka,Melton,9999-01-01,Senior Staff
54853,Van,Heemskerk,9999-01-01,Senior Engineer
54855,Gian,Gulla,9999-01-01,Senior Engineer
54858,Chinho,Sundgren,9999-01-01,Senior Engineer
54868,Ult,Highland,9999-01-01,Senior Engineer
54884,Lillian,Greenaway,9999-01-01,Staff
54888,Manohar,Danley,9999-01-01,Senior Engineer
54892,Sandeepan,Goldhammer,9999-01-01,Senior Engineer
54914,Gill,Bojadziev,9999-01-01,Senior Staff
54918,Volkmar,Malinowski,9999-01-01,Engineer
54923,Masoud,Perz,9999-01-01,Assistant Engineer
54924,Mayumi,Krupka,9999-01-01,Senior Staff
54928,Kristine,Monarch,9999-01-01,Senior Staff
54929,Gilbert,Tramer,9999-01-01,Senior Staff
54932,Kamakshi,Munoz,9999-01-01,Staff
54933,Ashish,Dayana,9999-01-01,Senior Staff
54942,Akeel,Kusakari,9999-01-01,Senior Staff
54950,Yuriy,Anick,9999-01-01,Engineer
54961,Nechama,Spelt,9999-01-01,Senior Engineer
54963,Toshiko,Bellmore,9999-01-01,Engineer
54966,Jouni,Hempstead,9999-01-01,Engineer
54968,Rafael,Bondorf,9999-01-01,Senior Engineer
54972,Leon,Underwood,9999-01-01,Engineer
54981,Giao,Pettis,9999-01-01,Staff
54984,Danil,Perng,9999-01-01,Senior Engineer
54994,Chaosheng,Birta,9999-01-01,Senior Staff
55003,Jaber,Lanteri,9999-01-01,Staff
55024,Jaber,Srimani,9999-01-01,Technique Leader
55048,Pasqua,Percebois,9999-01-01,Senior Staff
55059,Sakthirel,Conte,9999-01-01,Senior Engineer
55068,Kyoichi,Wielonsky,9999-01-01,Assistant Engineer
55069,Ewing,Schreiter,9999-01-01,Staff
55073,Yahiko,Swiler,9999-01-01,Senior Engineer
55074,Arnould,Waeselynck,9999-01-01,Engineer
55081,Sadok,Sanella,9999-01-01,Senior Engineer
55094,Nadjib,Gulik,9999-01-01,Senior Engineer
55123,Randy,Thummel,9999-01-01,Senior Staff
55129,Monique,Morris,9999-01-01,Senior Staff
55139,Nigel,Sommer,9999-01-01,Assistant Engineer
55154,Brigham,Schiettecatte,9999-01-01,Senior Engineer
55180,Ung,Falco,9999-01-01,Senior Engineer
55192,Weijing,Templeman,9999-01-01,Senior Engineer
55199,Marco,Gadepally,9999-01-01,Engineer
55210,Wonhee,Thombley,9999-01-01,Engineer
55217,Poorav,Pews,9999-01-01,Staff
55230,Howell,Gonthier,9999-01-01,Assistant Engineer
55240,Weiru,Zwicker,9999-01-01,Engineer
55242,Vitaly,Henseler,9999-01-01,Staff
55265,Luisa,Waleschkowski,9999-01-01,Senior Engineer
55272,Mohua,Isaac,9999-01-01,Senior Engineer
55273,Chiranjit,Zockler,9999-01-01,Staff
55276,Masali,Cools,9999-01-01,Senior Engineer
55281,Mohammad,Ellozy,9999-01-01,Engineer
55285,Bikash,Siegrist,9999-01-01,Engineer
55289,Leah,Erdmenger,9999-01-01,Senior Staff
55306,Kotesh,Vuskovic,9999-01-01,Senior Staff
55320,Wayne,Waschkowski,9999-01-01,Engineer
55323,Hausi,Staelin,9999-01-01,Senior Staff
55328,Temple,Boudaillier,9999-01-01,Senior Staff
55345,Wojceich,Vendrig,9999-01-01,Senior Staff
55346,Hausi,Schrooten,9999-01-01,Senior Engineer
55353,Takahito,Viele,9999-01-01,Senior Staff
55363,Venkatesan,Comellas,9999-01-01,Senior Staff
55371,Weiru,Perry,9999-01-01,Senior Engineer
55375,Houman,Caine,9999-01-01,Staff
55382,Ziya,Shihab,9999-01-01,Engineer
55404,Mara,Spell,9999-01-01,Staff
55407,Gopalakrishnan,Birta,9999-01-01,Technique Leader
55408,Remzi,Reistad,9999-01-01,Engineer
55409,Sverrir,Borstler,9999-01-01,Senior Staff
55414,Divine,Talmon,9999-01-01,Senior Engineer
55417,Subbu,Eiron,9999-01-01,Staff
55422,Mahendra,Kranzdorf,9999-01-01,Senior Engineer
55429,Miyeon,Bamford,9999-01-01,Senior Engineer
55440,Ramzi,Shinomoto,9999-01-01,Engineer
55444,Martins,Gyorkos,9999-01-01,Senior Staff
55450,Vishv,Furudate,9999-01-01,Engineer
55466,Danae,Mitsuhashi,9999-01-01,Senior Engineer
55472,Gudjon,Birta,9999-01-01,Senior Staff
55476,Kokou,Halevi,9999-01-01,Engineer
55479,Serap,Erva,9999-01-01,Engineer
55498,Filipe,Heusch,9999-01-01,Senior Engineer
55499,Kamakshi,Diderrich,9999-01-01,Senior Engineer
55504,Jouni,Radwan,9999-01-01,Assistant Engineer
55505,Kristen,Fabrizio,9999-01-01,Technique Leader
55506,Zhensheng,Kusakabe,9999-01-01,Technique Leader
55511,Bernt,Marshall,9999-01-01,Senior Staff
55528,Indrajit,Swiler,9999-01-01,Staff
55542,Candido,Gaughan,9999-01-01,Engineer
55552,Ohad,Schicker,9999-01-01,Assistant Engineer
55571,Arie,Pusterhofer,9999-01-01,Staff
55590,Anoosh,Shumilov,9999-01-01,Engineer
55592,Alexius,Karcich,9999-01-01,Senior Staff
55610,Moty,Feldhoffer,9999-01-01,Senior Staff
55622,Peer,Ranta,9999-01-01,Senior Engineer
55632,Byong,Ravishankar,9999-01-01,Assistant Engineer
55637,Szabolcs,Erde,9999-01-01,Engineer
55639,Gaetan,Bridgland,9999-01-01,Engineer
55655,Pranav,Tzvieli,9999-01-01,Senior Engineer
55665,Mantis,Maginnis,9999-01-01,Senior Engineer
55669,Shounak,Saoudi,9999-01-01,Engineer
55702,Gianluca,Kopetz,9999-01-01,Senior Staff
55707,Vugranam,Stiles,9999-01-01,Engineer
55711,Uzi,Mamelak,9999-01-01,Senior Engineer
55713,Arie,Serdy,9999-01-01,Senior Engineer
55715,Heon,Silva,9999-01-01,Engineer
55718,Jeane,McAffer,9999-01-01,Senior Staff
55726,Vitali,Krohm,9999-01-01,Senior Staff
55727,Dmitri,Hiyoshi,9999-01-01,Senior Staff
55728,Zito,Remmers,9999-01-01,Senior Staff
55729,Carrsten,Vesna,9999-01-01,Senior Engineer
55756,Alair,Warwick,9999-01-01,Staff
55765,Kotesh,Noriega,9999-01-01,Senior Engineer
55768,Shahid,Chandrasekhar,9999-01-01,Senior Staff
55774,Pramod,Pettey,9999-01-01,Staff
55777,Prodip,Chorvat,9999-01-01,Senior Engineer
55784,Lijia,Luby,9999-01-01,Staff
55798,Pasqua,Knightly,9999-01-01,Staff
55843,Hailing,Leivant,9999-01-01,Staff
55848,Anneli,Ozeri,9999-01-01,Senior Staff
55851,Guadalupe,Velardi,9999-01-01,Engineer
55861,Alois,Delgrande,9999-01-01,Assistant Engineer
55894,Atreye,Schaft,9999-01-01,Senior Engineer
55897,Jiafu,Karnin,9999-01-01,Senior Engineer
55907,Ghassan,Herbst,9999-01-01,Staff
55914,Lobel,Thibadeau,9999-01-01,Engineer
55919,Chiranjit,Nergos,9999-01-01,Senior Engineer
55929,Moni,Marakhovsky,9999-01-01,Senior Staff
55933,Kristin,Kirkerud,9999-01-01,Senior Staff
55935,Theirry,Skafidas,9999-01-01,Engineer
55979,Guangming,VanScheik,9999-01-01,Engineer
55982,Marco,Conde,9999-01-01,Senior Staff
56010,Noritoshi,Nyanchama,9999-01-01,Senior Engineer
56020,Alagu,Byoun,9999-01-01,Senior Engineer
56026,Martine,Farris,9999-01-01,Engineer
56034,Hinrich,Jayawardene,9999-01-01,Engineer
56035,Avishai,Kaiser,9999-01-01,Senior Staff
56038,Herbert,Murthy,9999-01-01,Staff
56049,Felicidad,Waymire,9999-01-01,Senior Staff
56050,Jaroslava,Uhrik,9999-01-01,Staff
56058,Christoper,Schapire,9999-01-01,Senior Staff
56090,Teunis,Serot,9999-01-01,Engineer
56106,Saeko,Chiola,9999-01-01,Senior Staff
56110,Jouni,Reeken,9999-01-01,Engineer
56125,Heon,Thombley,9999-01-01,Engineer
56136,Ramya,Buchter,9999-01-01,Senior Staff
56142,Shuho,Rothe,9999-01-01,Senior Staff
56143,Sakthirel,Bondorf,9999-01-01,Senior Staff
56157,Sajjad,Cannane,9999-01-01,Senior Staff
56159,Zengping,Shumilov,9999-01-01,Assistant Engineer
56163,Huiqun,Thisen,9999-01-01,Engineer
56169,Jeanne,Zlotek,9999-01-01,Senior Engineer
56177,Yucel,Colorni,9999-01-01,Senior Engineer
56187,Youpyo,Lienhardt,9999-01-01,Assistant Engineer
56195,Pascal,Hashii,9999-01-01,Senior Engineer
56217,Gao,Zizka,9999-01-01,Senior Staff
56219,Tonny,Michaeli,9999-01-01,Engineer
56227,Shen,Makrucki,9999-01-01,Senior Staff
56229,Pascal,Marakhovsky,9999-01-01,Assistant Engineer
56235,Subir,Vanwelkenhuysen,9999-01-01,Senior Engineer
56239,Sariel,Zultner,9999-01-01,Engineer
56262,Dharmaraja,Androutsos,9999-01-01,Senior Staff
56272,Tremaine,Furudate,9999-01-01,Engineer
56281,Sanjoy,Brizzi,9999-01-01,Staff
56298,Gro,Peir,9999-01-01,Engineer
56300,Serge,Zobel,9999-01-01,Engineer
56306,Mack,Lindqvist,9999-01-01,Engineer
56312,Jaber,Baek,9999-01-01,Engineer
56314,Bowen,Morrey,9999-01-01,Senior Staff
56325,Subir,Gniady,9999-01-01,Senior Engineer
56326,Mantis,Juneja,9999-01-01,Engineer
56327,Holgard,Karunanithi,9999-01-01,Senior Engineer
56329,Zhenhua,Naumovich,9999-01-01,Senior Engineer
56336,Fai,Sgarro,9999-01-01,Senior Staff
56350,Boguslaw,Ariola,9999-01-01,Senior Staff
56364,Zdislav,Bakhtari,9999-01-01,Senior Staff
56368,Doowon,Angel,9999-01-01,Engineer
56380,Shuzo,Atchley,9999-01-01,Senior Engineer
56382,Valery,Bardell,9999-01-01,Staff
56389,Ronghao,Ghandeharizadeh,9999-01-01,Senior Engineer
56400,Froduald,Munke,9999-01-01,Senior Engineer
56406,Sachem,Schusler,9999-01-01,Staff
56430,Tesuya,Klassen,9999-01-01,Senior Staff
56439,Sangeeta,Henders,9999-01-01,Senior Engineer
56445,Chikara,Liesche,9999-01-01,Senior Engineer
56455,Khaled,Juneja,9999-01-01,Senior Staff
56463,Maja,Staudhammer,9999-01-01,Technique Leader
56468,Zsolt,Haldar,9999-01-01,Senior Engineer
56476,Danae,Chiola,9999-01-01,Engineer
56488,Tze,Cherinka,9999-01-01,Senior Staff
56502,Dipayan,Ulupinar,9999-01-01,Engineer
56510,Radhakrishnan,Brattka,9999-01-01,Senior Engineer
56519,Magdalena,Taubenfeld,9999-01-01,Senior Engineer
56528,Uinam,Heijenga,9999-01-01,Engineer
56531,Quingbo,Renear,9999-01-01,Senior Engineer
56543,Chrisa,Hanabata,9999-01-01,Technique Leader
56551,Rimon,Gini,9999-01-01,Senior Staff
56558,Satyanarayana,Ghazalie,9999-01-01,Senior Staff
56562,Fuqing,Hennings,9999-01-01,Senior Staff
56565,Odinaldo,Hiltgen,9999-01-01,Senior Engineer
56575,Berry,Simkin,9999-01-01,Engineer
56581,Zhenbing,Cappello,9999-01-01,Senior Staff
56588,Denny,Karcich,9999-01-01,Staff
56589,Martial,Goldhammer,9999-01-01,Senior Staff
56601,Feixiong,Mattern,9999-01-01,Senior Engineer
56608,Denny,Trachtenberg,9999-01-01,Senior Staff
56611,Lalit,Zhang,9999-01-01,Engineer
56628,Mark,Esposito,9999-01-01,Technique Leader
56638,Ortrud,Bach,9999-01-01,Technique Leader
56643,Jayson,Ghazalie,9999-01-01,Senior Staff
56659,Takahiro,Lanteri,9999-01-01,Assistant Engineer
56663,Eben,Takanami,9999-01-01,Senior Engineer
56678,Murthy,McAffer,9999-01-01,Senior Staff
56684,Qiwen,Yoshizawa,9999-01-01,Engineer
56692,Theirry,Serre,9999-01-01,Senior Engineer
56693,Vesna,Halloran,9999-01-01,Staff
56694,Aram,Godskesen,9999-01-01,Technique Leader
56701,KayLiang,Kobuchi,9999-01-01,Senior Staff
56702,Jinpo,Plessier,9999-01-01,Engineer
56706,Zita,Rodier,9999-01-01,Senior Staff
56715,Rasiah,Gurbaxani,9999-01-01,Engineer
56726,Chuanti,Schmiedel,9999-01-01,Staff
56732,Uma,Sudkamp,9999-01-01,Staff
56733,Qiwen,Siepmann,9999-01-01,Staff
56740,Sashi,Vuskovic,9999-01-01,Engineer
56744,Yongqiao,Schwaller,9999-01-01,Engineer
56745,Shai,Pulkowski,9999-01-01,Technique Leader
56759,Fen,Gyimothy,9999-01-01,Staff
56763,Mahendra,Cangellaris,9999-01-01,Senior Staff
56767,Mark,Trelles,9999-01-01,Senior Staff
56790,Mayuko,Walston,9999-01-01,Technique Leader
56804,Arra,Heinisuo,9999-01-01,Engineer
56809,Dinkar,Ranon,9999-01-01,Engineer
56818,Venkatesan,Imataki,9999-01-01,Assistant Engineer
56826,Marsha,Ghandeharizadeh,9999-01-01,Engineer
56831,Zvonko,Baaz,9999-01-01,Engineer
56844,Kiyotoshi,Malabarba,9999-01-01,Engineer
56862,Ymte,Thimonier,9999-01-01,Staff
56873,Jaber,Delgrande,9999-01-01,Technique Leader
56879,Arne,Junet,9999-01-01,Staff
56883,Honglan,Busillo,9999-01-01,Senior Staff
56887,Fabrizio,Itschner,9999-01-01,Senior Staff
56893,Jixiang,Bhattacharjee,9999-01-01,Senior Engineer
56899,Shiv,Steinauer,9999-01-01,Senior Staff
56905,Insup,Genin,9999-01-01,Senior Staff
56923,Djelloul,Zuberek,9999-01-01,Staff
56925,Sverrir,Kilgore,9999-01-01,Staff
56936,Bernice,Wendorf,9999-01-01,Senior Engineer
56938,Thodoros,Flowers,9999-01-01,Staff
56950,Saeed,Edelhoff,9999-01-01,Staff
56952,Itzchak,Leppanen,9999-01-01,Senior Engineer
56954,Reuven,Peir,9999-01-01,Senior Staff
56961,Guoxiang,Peyn,9999-01-01,Staff
56984,Guiseppe,Erni,9999-01-01,Engineer
56985,Pranav,Bolotov,9999-01-01,Senior Staff
57000,Toshiko,Lortz,9999-01-01,Staff
57004,Guther,Peris,9999-01-01,Assistant Engineer
57006,Dung,Middleton,9999-01-01,Senior Engineer
57022,Michaela,Keustermans,9999-01-01,Senior Engineer
57026,Tuval,Gyimothy,9999-01-01,Technique Leader
57040,Arup,Lagarias,9999-01-01,Staff
57043,Jaber,Falco,9999-01-01,Engineer
57048,Sanjay,Suomi,9999-01-01,Senior Staff
57064,Arco,Serov,9999-01-01,Senior Engineer
57068,Mari,Rabehasaina,9999-01-01,Engineer
57071,Wilmer,Stenning,9999-01-01,Engineer
57075,Alexius,Duclos,9999-01-01,Senior Staff
57078,Itzchak,Polupanov,9999-01-01,Engineer
57079,Shay,Rassart,9999-01-01,Engineer
57110,Gou,Stellhorn,9999-01-01,Staff
57111,Armond,Suermann,9999-01-01,Senior Engineer
57115,Nirmal,Zobel,9999-01-01,Engineer
57118,Xinan,Champarnaud,9999-01-01,Engineer
57119,Aleksandar,Bondorf,9999-01-01,Senior Staff
57123,Fatemeh,Zedlitz,9999-01-01,Engineer
57153,Rosine,Azumi,9999-01-01,Staff
57169,Kiam,Schiper,9999-01-01,Staff
57176,Pranav,Stenning,9999-01-01,Senior Engineer
57178,Oldrich,Rousseau,9999-01-01,Senior Staff
57188,Taiji,Juneja,9999-01-01,Senior Staff
57210,Odinaldo,Veccia,9999-01-01,Staff
57211,Uta,Undy,9999-01-01,Senior Engineer
57217,Freyja,Sommer,9999-01-01,Engineer
57223,Danel,Copas,9999-01-01,Assistant Engineer
57234,Junsik,Veldwijk,9999-01-01,Staff
57242,Tetsushi,Lowrie,9999-01-01,Senior Staff
57246,Uinam,Bamford,9999-01-01,Senior Staff
57261,Xinan,Usdin,9999-01-01,Senior Engineer
57262,Steve,Yavatkar,9999-01-01,Senior Staff
57269,Tesuro,Berztiss,9999-01-01,Senior Staff
57294,Sariel,Engelmann,9999-01-01,Staff
57297,Tamiya,Benaini,9999-01-01,Senior Staff
57312,Muzhong,Preusig,9999-01-01,Engineer
57314,Ymte,Zyda,9999-01-01,Senior Engineer
57331,Visit,Passino,9999-01-01,Engineer
57335,Francoise,Casperson,9999-01-01,Senior Staff
57337,Vasiliy,Rabehasaina,9999-01-01,Senior Engineer
57338,Mostafa,Rouquie,9999-01-01,Staff
57342,Arnd,Krychniak,9999-01-01,Technique Leader
57350,Aluzio,Georgakopoulos,9999-01-01,Senior Engineer
57355,Shahar,Condotta,9999-01-01,Engineer
57373,Mabry,Zhiwei,9999-01-01,Senior Staff
57377,Adel,Slobodova,9999-01-01,Engineer
57380,Bodh,Verhoeff,9999-01-01,Senior Engineer
57384,Chirstian,Birch,9999-01-01,Engineer
57397,Xiaocheng,Hmelo,9999-01-01,Senior Staff
57426,Yannik,Lorch,9999-01-01,Technique Leader
57442,Arvin,Klassen,9999-01-01,Senior Engineer
57450,Shridhar,Lagarias,9999-01-01,Senior Staff
57464,Weidon,Benveniste,9999-01-01,Senior Engineer
57472,Stepehn,Willoner,9999-01-01,Technique Leader
57475,Parviz,Takanami,9999-01-01,Senior Staff
57476,Badri,Staudhammer,9999-01-01,Staff
57485,Georgy,Ligten,9999-01-01,Senior Staff
57487,Yefim,Majewski,9999-01-01,Senior Staff
57489,Jaihie,Benaini,9999-01-01,Engineer
57492,Parto,Miyakawa,9999-01-01,Senior Staff
57511,Weidon,Crabtree,9999-01-01,Senior Staff
57513,Zorica,Merli,9999-01-01,Senior Engineer
57524,Masamitsu,Chartres,9999-01-01,Senior Staff
57525,Herbert,Dechter,9999-01-01,Senior Staff
57531,Tonia,Tomescu,9999-01-01,Senior Engineer
57532,Yannis,Cochrane,9999-01-01,Engineer
57535,Dante,Petereit,9999-01-01,Engineer
57540,Shounak,Armand,9999-01-01,Assistant Engineer
57544,Gererd,Lammel,9999-01-01,Senior Engineer
57561,Mototsugu,Munos,9999-01-01,Staff
57566,Masami,Barinka,9999-01-01,Engineer
57596,Shigehito,Schahn,9999-01-01,Senior Staff
57603,Arunas,Frezza,9999-01-01,Engineer
57609,Greger,Casperson,9999-01-01,Technique Leader
57612,Raimond,Rousseau,9999-01-01,Senior Staff
57616,Akeno,Bergere,9999-01-01,Staff
57620,Along,Kragelund,9999-01-01,Technique Leader
57629,Gretta,Vendrig,9999-01-01,Staff
57658,Maja,Bahk,9999-01-01,Senior Staff
57664,Gladys,England,9999-01-01,Engineer
57670,Poornachandra,Perz,9999-01-01,Senior Engineer
57676,Alper,Noriega,9999-01-01,Senior Staff
57680,Tse,Herath,9999-01-01,Senior Engineer
57689,Shuzo,Rosch,9999-01-01,Senior Staff
57706,Kolar,Quaggetto,9999-01-01,Staff
57715,Shaibal,Chinen,9999-01-01,Senior Staff
57716,Kristinn,Schmiedel,9999-01-01,Engineer
57720,Subhankar,Hasham,9999-01-01,Technique Leader
57740,Georgi,Osgood,9999-01-01,Engineer
57749,Luisa,Conte,9999-01-01,Staff
57751,Dulce,Maksimenko,9999-01-01,Technique Leader
57756,Kwok,Ghalwash,9999-01-01,Senior Staff
57768,Izaskun,Talmor,9999-01-01,Senior Staff
57769,Youpyo,Vickson,9999-01-01,Staff
57780,Martial,Androutsos,9999-01-01,Staff
57795,Magy,Tetzlaff,9999-01-01,Senior Staff
57815,JiYoung,Munawer,9999-01-01,Senior Staff
57821,Alejandra,Bolotov,9999-01-01,Staff
57834,Hideyuki,Demeyer,9999-01-01,Senior Engineer
57837,Aria,Murtafg,9999-01-01,Senior Engineer
57847,Moon,Kornatzky,9999-01-01,Senior Staff
57850,Ayakannu,Kawashima,9999-01-01,Staff
57865,Kazuhiro,Demian,9999-01-01,Senior Engineer
57869,Martine,Perl,9999-01-01,Senior Engineer
57870,Yurii,Georgatos,9999-01-01,Senior Engineer
57877,Brigham,Delgrande,9999-01-01,Engineer
57882,Marsal,Bressoud,9999-01-01,Senior Staff
57883,Uma,Danlos,9999-01-01,Senior Engineer
57893,Khalid,Tasistro,9999-01-01,Engineer
57898,Atilio,Pearson,9999-01-01,Senior Engineer
57915,Aral,Kermarrec,9999-01-01,Staff
57919,Eckart,Fiutem,9999-01-01,Senior Staff
57929,Gro,Debuse,9999-01-01,Senior Engineer
57945,Tsvetan,Merlo,9999-01-01,Engineer
57949,Oldrich,Pezzoli,9999-01-01,Staff
57959,Tooru,Cyre,9999-01-01,Staff
57968,Froduald,Perng,9999-01-01,Engineer
57980,Shay,Matheson,9999-01-01,Engineer
57983,Ranga,Iisaku,9999-01-01,Senior Staff
57990,Haldun,Buescher,9999-01-01,Engineer
57996,Zhonghua,Xiaoshan,9999-01-01,Staff
58007,Nitsan,Zlotek,9999-01-01,Senior Engineer
58010,Gennady,Broder,9999-01-01,Staff
58024,Naftaly,Berztiss,9999-01-01,Engineer
58027,Yakkov,Luef,9999-01-01,Engineer
58035,Jenwei,Speckmann,9999-01-01,Engineer
58053,Zissis,Karunanithi,9999-01-01,Staff
58059,Behnaam,Zwicker,9999-01-01,Senior Engineer
58080,Hideyuki,Birta,9999-01-01,Senior Staff
58087,Narain,Szilard,9999-01-01,Staff
58094,Danil,Katiyar,9999-01-01,Engineer
58096,Rosine,Usdin,9999-01-01,Staff
58099,Yunming,Fortenbacher,9999-01-01,Staff
58102,Aiichiro,Erni,9999-01-01,Technique Leader
58115,Manu,Peir,9999-01-01,Senior Engineer
58123,Zhaofang,Isard,9999-01-01,Staff
58125,Xiaoshan,Cesareni,9999-01-01,Senior Engineer
58129,Chuanyi,Schnabel,9999-01-01,Staff
58132,Zdislav,Kawashimo,9999-01-01,Senior Staff
58136,Lidong,Tsunoo,9999-01-01,Engineer
58151,Masanao,Smeets,9999-01-01,Senior Engineer
58161,Akhilish,Karner,9999-01-01,Senior Engineer
58177,Vidar,Basagni,9999-01-01,Senior Staff
58182,Gennady,Kroft,9999-01-01,Engineer
58197,Sahrah,Suri,9999-01-01,Senior Engineer
58199,Yechiam,Karnin,9999-01-01,Staff
58201,Willard,Bashian,9999-01-01,Senior Engineer
58226,Ayonca,Gill,9999-01-01,Staff
58227,Armond,Bierbaum,9999-01-01,Assistant Engineer
58231,Marjo,Pauthner,9999-01-01,Staff
58238,Bartek,Farris,9999-01-01,Senior Staff
58280,Manohar,Peris,9999-01-01,Senior Engineer
58300,Frazer,Picco,9999-01-01,Senior Staff
58301,Gift,Lindqvist,9999-01-01,Senior Staff
58317,Eric,Kenevan,9999-01-01,Engineer
58325,Kokou,Riexinger,9999-01-01,Engineer
58335,Chenye,Brodie,9999-01-01,Staff
58346,Ibibia,Lambe,9999-01-01,Staff
58352,Soenke,Hatcliff,9999-01-01,Engineer
58357,Djenana,Vecchi,9999-01-01,Senior Engineer
58363,Jaideep,Caine,9999-01-01,Staff
58366,Akeel,Schnabel,9999-01-01,Engineer
58377,Goo,Panienski,9999-01-01,Staff
58387,Shaz,Thebaut,9999-01-01,Engineer
58388,Aemilian,Parveen,9999-01-01,Engineer
58395,Hisao,Apsitis,9999-01-01,Technique Leader
58396,Kenton,Billawala,9999-01-01,Senior Staff
58410,Samphel,Bennis,9999-01-01,Senior Staff
58414,Shih,Schrift,9999-01-01,Staff
58423,Wuxu,Badr,9999-01-01,Staff
58427,Guozhong,Frezza,9999-01-01,Staff
58434,Aluzio,Melton,9999-01-01,Engineer
58437,Maya,Rusterholz,9999-01-01,Senior Staff
58446,Xiaoqiang,Reghbati,9999-01-01,Senior Staff
58457,Yuping,Delaune,9999-01-01,Technique Leader
58458,Turgut,Koshiba,9999-01-01,Senior Staff
58460,Mart,Wixon,9999-01-01,Staff
58462,Ronnie,Paciorek,9999-01-01,Senior Staff
58468,Lucian,Limongiello,9999-01-01,Senior Staff
58475,Angel,Chaudhury,9999-01-01,Engineer
58499,Marjo,Pileggi,9999-01-01,Senior Engineer
58509,Anneli,Laurillard,9999-01-01,Senior Staff
58515,Radhia,Hertweck,9999-01-01,Senior Staff
58516,Xianlong,Knightly,9999-01-01,Senior Staff
58518,Along,Perfilyeva,9999-01-01,Engineer
58523,Prasadram,Bazelow,9999-01-01,Senior Engineer
58524,Jaideep,Sidhu,9999-01-01,Engineer
58536,Tetsurou,Ullian,9999-01-01,Senior Engineer
58541,Anneli,Pouyioutas,9999-01-01,Staff
58543,Gully,Beausoleil,9999-01-01,Engineer
58567,Eric,Scallan,9999-01-01,Staff
58570,Suebskul,Blokdijk,9999-01-01,Staff
58575,Pasqua,Pfau,9999-01-01,Senior Engineer
58576,Xianlong,Fraisse,9999-01-01,Senior Engineer
58580,Zhiguo,Lienhardt,9999-01-01,Senior Engineer
58590,Jayson,Roisin,9999-01-01,Senior Staff
58593,Hatsukazu,Petersohn,9999-01-01,Engineer
58608,Jenwei,Khalid,9999-01-01,Senior Staff
58609,Behnaam,Mawatari,9999-01-01,Staff
58620,Toshimori,Rosenbaum,9999-01-01,Staff
58635,Giordano,Rabejac,9999-01-01,Senior Engineer
58636,Sandeepan,Chinal,9999-01-01,Staff
58637,Mohamadou,Peck,9999-01-01,Senior Engineer
58640,Noritoshi,Karcich,9999-01-01,Senior Engineer
58646,Froduald,Goodrum,9999-01-01,Engineer
58657,Pasqua,Kaltofen,9999-01-01,Senior Engineer
58665,Mabhin,Marquardt,9999-01-01,Staff
58678,Vivian,Zwicker,9999-01-01,Senior Engineer
58689,Zengping,Ushiama,9999-01-01,Staff
58691,Narain,England,9999-01-01,Staff
58694,Kasidit,Kragelund,9999-01-01,Staff
58696,Zsolt,Ruemmler,9999-01-01,Senior Staff
58727,Junichi,Rullman,9999-01-01,Engineer
58728,Boguslaw,Parfitt,9999-01-01,Senior Engineer
58735,Krassimir,Mayerwieser,9999-01-01,Engineer
58773,Geoffry,Yavatkar,9999-01-01,Engineer
58787,Kristina,Erie,9999-01-01,Engineer
58788,Shmuel,Anger,9999-01-01,Senior Engineer
58789,Hercules,Cochrane,9999-01-01,Senior Engineer
58790,Peternela,Zockler,9999-01-01,Senior Staff
58797,Xiaoheng,Breugel,9999-01-01,Staff
58807,Murthy,Koshino,9999-01-01,Senior Staff
58825,JoAnna,Swist,9999-01-01,Senior Staff
58826,Emdad,Peral,9999-01-01,Senior Engineer
58830,Uzi,Cunliffe,9999-01-01,Senior Engineer
58835,Van,Vigier,9999-01-01,Senior Engineer
58836,Constantino,Rahimi,9999-01-01,Engineer
58837,Bowen,Waleschkowski,9999-01-01,Senior Engineer
58860,Xudong,Lindenbaum,9999-01-01,Technique Leader
58864,Tonia,Plumb,9999-01-01,Senior Engineer
58879,Cathie,Ushiama,9999-01-01,Senior Engineer
58892,Masami,Cyne,9999-01-01,Senior Staff
58934,Bouchung,Hardjono,9999-01-01,Senior Engineer
58959,Younwoo,Gecseg,9999-01-01,Senior Staff
58970,Yongmin,Waterhouse,9999-01-01,Senior Engineer
58973,Marke,Decleir,9999-01-01,Engineer
58981,Kazuhiko,Kushner,9999-01-01,Staff
58991,Annemarie,Schaap,9999-01-01,Staff
58996,Sven,Dengi,9999-01-01,Senior Engineer
59016,Terresa,Kornyak,9999-01-01,Engineer
59018,Marsal,Liesche,9999-01-01,Staff
59020,Kazunori,Reeker,9999-01-01,Engineer
59029,Krassimir,Cmelik,9999-01-01,Senior Staff
59047,Jiong,Botman,9999-01-01,Senior Engineer
59060,Pohua,Jakobus,9999-01-01,Senior Staff
59078,Licheng,Larfeldt,9999-01-01,Engineer
59087,Shakhar,Erdmenger,9999-01-01,Senior Staff
59089,Ramya,Zirintsis,9999-01-01,Senior Engineer
59094,Adin,McDermid,9999-01-01,Engineer
59107,Anneke,Constantine,9999-01-01,Senior Engineer
59109,Tesuya,Morrey,9999-01-01,Senior Engineer
59113,Lillian,Debuse,9999-01-01,Staff
59121,Quingbo,Trumbly,9999-01-01,Senior Staff
59123,Margareta,Magalhaes,9999-01-01,Staff
59128,Jianwen,Lorho,9999-01-01,Senior Engineer
59130,Mingsen,Baja,9999-01-01,Assistant Engineer
59142,Murthy,Haraldson,9999-01-01,Senior Engineer
59145,Tzu,Birch,9999-01-01,Senior Engineer
59166,Charlene,Bernardinello,9999-01-01,Senior Engineer
59176,Teiji,Suessmith,9999-01-01,Senior Staff
59183,Kotesh,Cronau,9999-01-01,Senior Engineer
59192,Luisa,Schusler,9999-01-01,Engineer
59206,Shan,Wroclawski,9999-01-01,Senior Engineer
59210,Florian,Carrera,9999-01-01,Technique Leader
59212,Koldo,Jeong,9999-01-01,Staff
59227,Adly,Ruemmler,9999-01-01,Engineer
59230,Oscar,Krichel,9999-01-01,Senior Staff
59236,Siamak,Yurek,9999-01-01,Senior Engineer
59237,Gen,Lundstrom,9999-01-01,Staff
59242,Fun,Peak,9999-01-01,Senior Staff
59250,Toong,Arlazarov,9999-01-01,Technique Leader
59256,Tsvetan,Emiris,9999-01-01,Engineer
59268,Berry,Besancenot,9999-01-01,Staff
59283,Stevo,Bisiani,9999-01-01,Senior Engineer
59289,Yucel,Sridhar,9999-01-01,Staff
59295,Subbu,Ducloy,9999-01-01,Senior Staff
59309,Dannz,Sury,9999-01-01,Staff
59311,Renee,Shiratori,9999-01-01,Engineer
59323,Hein,Marciano,9999-01-01,Engineer
59331,Izaskun,Broder,9999-01-01,Engineer
59342,Babette,Colorni,9999-01-01,Senior Staff
59348,Jackson,Heemskerk,9999-01-01,Assistant Engineer
59349,Martijn,Bail,9999-01-01,Engineer
59374,Zhaofang,Bardell,9999-01-01,Senior Staff
59379,Zsolt,Rajala,9999-01-01,Engineer
59380,Zvonko,Berendt,9999-01-01,Staff
59391,Qunsheng,Plessier,9999-01-01,Senior Engineer
59395,Richard,Karunanithi,9999-01-01,Engineer
59400,Chinya,Giaccio,9999-01-01,Senior Staff
59409,Mechthild,Reeken,9999-01-01,Engineer
59413,Huei,Albarhamtoshy,9999-01-01,Senior Staff
59414,Yuping,Kolvik,9999-01-01,Senior Staff
59434,Saddek,Smailagic,9999-01-01,Senior Staff
59435,Serge,Baig,9999-01-01,Senior Engineer
59450,Goncalo,Highland,9999-01-01,Senior Engineer
59462,Lech,Bale,9999-01-01,Staff
59466,Gila,Kornatzky,9999-01-01,Senior Staff
59468,Kendra,Narlikar,9999-01-01,Staff
59470,Ziyad,Ghelli,9999-01-01,Senior Staff
59471,Katsuo,Hiyoshi,9999-01-01,Senior Staff
59480,Giordano,Esteva,9999-01-01,Staff
59488,Saeko,Montresor,9999-01-01,Assistant Engineer
59507,Falguni,Bala,9999-01-01,Senior Staff
59510,Shuichi,Bouloucos,9999-01-01,Staff
59513,Xiaoheng,Rosaz,9999-01-01,Senior Engineer
59520,Babette,Montresor,9999-01-01,Technique Leader
59530,Zhonghui,Ranon,9999-01-01,Senior Staff
59537,Yefim,Pargaonkar,9999-01-01,Senior Engineer
59538,Constantijn,Stiles,9999-01-01,Senior Engineer
59555,Augustine,Peot,9999-01-01,Staff
59560,Shuho,Roisin,9999-01-01,Senior Staff
59566,Vugranam,Krybus,9999-01-01,Engineer
59567,Richard,Huttel,9999-01-01,Senior Staff
59578,Pramod,Schade,9999-01-01,Senior Staff
59581,Mani,Swab,9999-01-01,Engineer
59602,Toshimo,Stamatiou,9999-01-01,Engineer
59611,Wanqing,Fraisse,9999-01-01,Staff
59649,Henk,Kavanagh,9999-01-01,Staff
59659,Leandro,Munke,9999-01-01,Staff
59684,Qingxiang,Ranst,9999-01-01,Engineer
59685,Yongdong,Schurmann,9999-01-01,Technique Leader
59688,Woody,Scharstein,9999-01-01,Engineer
59692,Remzi,Kabayashi,9999-01-01,Senior Staff
59700,Arno,Leijenhorst,9999-01-01,Staff
59704,Toong,Makrucki,9999-01-01,Senior Engineer
59707,Bezalel,Tyugu,9999-01-01,Senior Staff
59709,Syozo,Ratzlaff,9999-01-01,Senior Engineer
59723,Josyula,Gluchowski,9999-01-01,Staff
59734,Adas,Ulupinar,9999-01-01,Engineer
59743,Zhenhua,Bakhtari,9999-01-01,Engineer
59764,Jeane,Wroclawski,9999-01-01,Senior Engineer
59766,Ziyad,Nitsch,9999-01-01,Senior Staff
59783,Volkmar,Raczkowsky,9999-01-01,Senior Staff
59790,Vishv,Heering,9999-01-01,Engineer
59793,Jayson,Tibblin,9999-01-01,Senior Staff
59824,Xiaoshan,Marwedel,9999-01-01,Assistant Engineer
59826,Martien,Frolund,9999-01-01,Senior Staff
59841,Pranav,Deverell,9999-01-01,Senior Engineer
59859,Shunichi,Henseler,9999-01-01,Senior Engineer
59860,Jiang,Parfitt,9999-01-01,Staff
59864,Garnik,Wynblatt,9999-01-01,Senior Staff
59878,Hitofumi,Gist,9999-01-01,Senior Engineer
59883,Sanjiv,Serov,9999-01-01,Senior Engineer
59891,Guttorm,Linnainmaa,9999-01-01,Senior Engineer
59898,Gao,Iwayama,9999-01-01,Senior Engineer
59899,Toong,Schueller,9999-01-01,Engineer
59906,Joydip,Binding,9999-01-01,Engineer
59911,Remco,Bauknecht,9999-01-01,Senior Staff
59916,Anneli,Smeets,9999-01-01,Engineer
59917,Aris,Majewski,9999-01-01,Staff
59919,Koichi,Aloia,9999-01-01,Staff
59927,Sedat,Salverda,9999-01-01,Staff
59945,Leen,Kakkad,9999-01-01,Senior Engineer
59946,Berhard,Hartvigsen,9999-01-01,Senior Staff
59960,Rance,Daescu,9999-01-01,Senior Engineer
59961,Hausi,Poulakidas,9999-01-01,Senior Staff
59978,Mayumi,Usdin,9999-01-01,Senior Staff
59984,Kwangjo,Angiulli,9999-01-01,Senior Staff
59986,Gererd,Yoshimura,9999-01-01,Engineer
59999,Piyush,Spataro,9999-01-01,Senior Staff
60013,Breannda,Schauser,9999-01-01,Senior Engineer
60022,Koichi,Dolinsky,9999-01-01,Technique Leader
60027,Guenter,Diderrich,9999-01-01,Senior Engineer
60039,Renny,Cappelli,9999-01-01,Staff
60058,Qingxiang,Gulak,9999-01-01,Engineer
60060,Anyuan,Ramamoorthy,9999-01-01,Staff
60068,Giap,Plavsic,9999-01-01,Engineer
60071,Sariel,Matheson,9999-01-01,Senior Engineer
60072,Dekang,Luke,9999-01-01,Senior Staff
60083,Bojan,Cunliffe,9999-01-01,Staff
60102,Susumu,Pehl,9999-01-01,Senior Engineer
60115,Nathalie,Murillo,9999-01-01,Senior Staff
60124,Kagan,Sichman,9999-01-01,Senior Staff
60133,Valeri,Shobatake,9999-01-01,Senior Staff
60135,Theron,Tokunaga,9999-01-01,Staff
60137,Stafford,Conti,9999-01-01,Technique Leader
60146,Dines,Clouatre,9999-01-01,Engineer
60147,Boaz,Herbst,9999-01-01,Technique Leader
60152,Uma,Bashian,9999-01-01,Staff
60158,Shim,Hofman,9999-01-01,Engineer
60170,Lene,Yetim,9999-01-01,Engineer
60175,Hatsukazu,Sankaranarayanan,9999-01-01,Senior Engineer
60185,Weiyi,Gruenwald,9999-01-01,Senior Engineer
60193,Sanjai,Gronowski,9999-01-01,Technique Leader
60197,Harjit,Comellas,9999-01-01,Staff
60199,Khalid,Conia,9999-01-01,Technique Leader
60204,Giri,Macedo,9999-01-01,Engineer
60207,Koldo,Mahmud,9999-01-01,Engineer
60217,Limsoon,Doering,9999-01-01,Senior Staff
60246,Honesty,Fraisse,9999-01-01,Staff
60255,Danae,Siochi,9999-01-01,Staff
60259,Chrisa,dAstous,9999-01-01,Senior Staff
60260,Valdiodio,Czap,9999-01-01,Senior Staff
60263,Barun,Perng,9999-01-01,Senior Engineer
60285,Nitsan,Coorg,9999-01-01,Senior Engineer
60291,Perla,Talmor,9999-01-01,Staff
60303,Billur,Solares,9999-01-01,Senior Staff
60343,Munenori,Leppanen,9999-01-01,Staff
60354,Shakhar,Plesums,9999-01-01,Assistant Engineer
60363,Parke,Diderrich,9999-01-01,Engineer
60366,Perry,Benzaken,9999-01-01,Senior Staff
60371,Theron,Huxford,9999-01-01,Senior Staff
60409,Falguni,Swiler,9999-01-01,Senior Engineer
60412,Dharmaraja,Ranst,9999-01-01,Engineer
60414,Xuejia,Vitiello,9999-01-01,Senior Staff
60429,Cristinel,Naumovich,9999-01-01,Senior Engineer
60436,Munehiko,Vesna,9999-01-01,Senior Staff
60439,Weiru,Basawa,9999-01-01,Engineer
60442,Kwangsub,Hellwagner,9999-01-01,Senior Engineer
60453,Larisa,Gammage,9999-01-01,Senior Staff
60463,Sanjiv,Dredge,9999-01-01,Senior Engineer
60465,Nalini,Gischer,9999-01-01,Senior Staff
60469,Angel,Kampfer,9999-01-01,Staff
60475,Wanqing,Renear,9999-01-01,Engineer
60479,Stein,Byoun,9999-01-01,Senior Staff
60488,Yakkov,Staylopatis,9999-01-01,Senior Engineer
60490,Teiji,Steenbeek,9999-01-01,Technique Leader
60501,Ranga,Badr,9999-01-01,Engineer
60505,Yinghua,Birnbaum,9999-01-01,Senior Staff
60510,Divine,Nitsche,9999-01-01,Staff
60514,Ayakannu,Vecchio,9999-01-01,Engineer
60518,Ziya,Biran,9999-01-01,Senior Staff
60521,Henk,Uhrik,9999-01-01,Senior Staff
60522,Becky,Polupanov,9999-01-01,Senior Engineer
60551,Caolyn,Irland,9999-01-01,Senior Engineer
60597,Ute,Schlumberger,9999-01-01,Senior Engineer
60598,Izaskun,Sadowski,9999-01-01,Staff
60611,Feixiong,Baba,9999-01-01,Senior Staff
60620,Dhritiman,Lukaszewicz,9999-01-01,Engineer
60638,Makato,Alencar,9999-01-01,Engineer
60642,Marek,Junet,9999-01-01,Engineer
60653,Wonhee,Bamford,9999-01-01,Technique Leader
60669,Gaetan,Antonakopoulos,9999-01-01,Engineer
60673,Fay,Benantar,9999-01-01,Staff
60677,Stella,Worfolk,9999-01-01,Engineer
60686,Baocai,Pocchiola,9999-01-01,Engineer
60695,Masanao,Papadias,9999-01-01,Senior Staff
60697,Gritta,Cannata,9999-01-01,Senior Staff
60698,Kiyokazu,Plessier,9999-01-01,Staff
60705,Ekawit,Lorie,9999-01-01,Senior Engineer
60711,Mabry,Ramaiah,9999-01-01,Senior Engineer
60717,Carrsten,Sadowsky,9999-01-01,Senior Staff
60737,Hatim,Ghazalie,9999-01-01,Engineer
60742,Kristen,Juneja,9999-01-01,Engineer
60751,Steve,Kalloufi,9999-01-01,Senior Engineer
60753,Kazuyasu,Krybus,9999-01-01,Staff
60764,Taizo,Stamatiou,9999-01-01,Senior Engineer
60767,Gianluca,Munos,9999-01-01,Staff
60782,Janalee,Foote,9999-01-01,Senior Engineer
60794,Sashi,Zlotek,9999-01-01,Senior Staff
60795,Mart,Huttel,9999-01-01,Staff
60807,Parke,Angel,9999-01-01,Senior Engineer
60815,DAIDA,Oxman,9999-01-01,Staff
60817,Kousuke,Schaad,9999-01-01,Senior Staff
60823,Kazuhiro,Parfitt,9999-01-01,Staff
60825,Berna,Nitto,9999-01-01,Senior Staff
60831,Rildo,Peltason,9999-01-01,Senior Engineer
60834,Tzu,Tasistro,9999-01-01,Senior Staff
60838,Insup,Serra,9999-01-01,Engineer
60848,Shaowei,Blokdijk,9999-01-01,Engineer
60852,Keung,Schneeberger,9999-01-01,Senior Staff
60858,Elgin,Foote,9999-01-01,Engineer
60860,Fuqing,Munch,9999-01-01,Staff
60865,Yuqun,Birge,9999-01-01,Engineer
60871,Mitchel,Matzel,9999-01-01,Senior Staff
60890,Fun,Schnabel,9999-01-01,Engineer
60891,Mingzeng,DeMori,9999-01-01,Senior Engineer
60894,Lein,Fendler,9999-01-01,Senior Engineer
60902,Dekang,Lung,9999-01-01,Engineer
60904,Tomokazu,Gelosh,9999-01-01,Staff
60920,Mara,Sundgren,9999-01-01,Engineer
60930,Larisa,Swiss,9999-01-01,Senior Engineer
60944,Renee,Pepe,9999-01-01,Staff
60960,Chikara,Flowers,9999-01-01,Senior Engineer
60965,Conrado,Loncour,9999-01-01,Senior Staff
60981,Yuchang,Kalorkoti,9999-01-01,Senior Engineer
60991,Ung,Murthy,9999-01-01,Senior Staff
60998,Neelam,Norsworthy,9999-01-01,Senior Staff
61006,Garnik,Schonegge,9999-01-01,Senior Engineer
61018,Marco,Zallocco,9999-01-01,Staff
61021,Shahab,Baar,9999-01-01,Senior Engineer
61038,Suzette,Sifakis,9999-01-01,Engineer
61045,Bedir,Poujol,9999-01-01,Senior Staff
61062,Parke,Champarnaud,9999-01-01,Engineer
61071,Filipp,Tanemo,9999-01-01,Senior Engineer
61078,Jessie,Greibach,9999-01-01,Senior Engineer
61093,Kokou,Rettelbach,9999-01-01,Technique Leader
61110,Lihong,Ghemri,9999-01-01,Engineer
61118,King,Erol,9999-01-01,Senior Engineer
61119,Anyuan,Koshiba,9999-01-01,Senior Engineer
61124,Nechama,Waymire,9999-01-01,Staff
61149,Aemilian,Stranks,9999-01-01,Senior Staff
61177,Somnath,Bednarek,9999-01-01,Engineer
61179,Berni,Kaltofen,9999-01-01,Staff
61180,Nathalie,Sullins,9999-01-01,Senior Engineer
61192,Feiyu,Kamble,9999-01-01,Senior Engineer
61197,Roselyn,Cannard,9999-01-01,Engineer
61210,Itzchak,Rehfuss,9999-01-01,Staff
61211,Lakshmi,Muntz,9999-01-01,Senior Engineer
61214,JoAnne,Peac,9999-01-01,Staff
61238,Kagan,Schach,9999-01-01,Staff
61244,Xiaoqiang,Peternell,9999-01-01,Staff
61256,Duro,Schaar,9999-01-01,Engineer
61259,Shao,Puoti,9999-01-01,Staff
61261,Ziya,Pocchiola,9999-01-01,Senior Staff
61264,Shuzo,Sethi,9999-01-01,Staff
61273,Manohar,Hainaut,9999-01-01,Senior Staff
61292,Badri,Boguraev,9999-01-01,Engineer
61295,Mang,Menhardt,9999-01-01,Staff
61301,Nahla,Ghandeharizadeh,9999-01-01,Staff
61306,Gro,Peot,9999-01-01,Senior Engineer
61315,Kwun,Kalloufi,9999-01-01,Staff
61322,Dayanand,Mawatari,9999-01-01,Senior Engineer
61340,Lubomir,Waeselynck,9999-01-01,Staff
61347,Aram,Gerteisen,9999-01-01,Engineer
61353,Hausi,Conde,9999-01-01,Senior Engineer
61362,Ayonca,Pietracaprina,9999-01-01,Senior Engineer
61364,Gianluca,Casperson,9999-01-01,Senior Engineer
61370,Shahar,Candan,9999-01-01,Staff
61371,Akeno,Yetto,9999-01-01,Senior Staff
61374,Taegyun,Christ,9999-01-01,Senior Engineer
61376,Guttorm,Skrikant,9999-01-01,Engineer
61399,Unal,Chinen,9999-01-01,Senior Staff
61415,Aamer,Schwartzbauer,9999-01-01,Staff
61420,Sanjoy,Cunliffe,9999-01-01,Senior Engineer
61441,Yongqiao,Jayawardene,9999-01-01,Senior Staff
61444,Geoff,Kaiserswerth,9999-01-01,Engineer
61453,Hyuncheol,Vanwelkenhuysen,9999-01-01,Engineer
61460,Sanjoy,Rodham,9999-01-01,Senior Staff
61465,Sumant,Huttel,9999-01-01,Senior Staff
61486,Weiye,Bierman,9999-01-01,Senior Staff
61490,Shigehiro,Dayana,9999-01-01,Senior Staff
61511,Maha,Heping,9999-01-01,Staff
61515,Mats,Curless,9999-01-01,Staff
61537,Arto,Zuberek,9999-01-01,Senior Staff
61539,Morris,Ghandeharizadeh,9999-01-01,Senior Staff
61543,Gilbert,Itzigehl,9999-01-01,Senior Engineer
61554,Tianruo,Steenbeek,9999-01-01,Technique Leader
61568,Uno,Birta,9999-01-01,Engineer
61588,Doohun,Byoun,9999-01-01,Staff
61589,Chuanti,Demke,9999-01-01,Senior Engineer
61593,Masaru,Cochrane,9999-01-01,Engineer
61623,Xiaoqiu,Luce,9999-01-01,Senior Engineer
61624,Doowon,Luef,9999-01-01,Engineer
61625,Shugo,Rajcani,9999-01-01,Senior Engineer
61626,Mohit,Dulay,9999-01-01,Senior Staff
61627,Uma,Beausoleil,9999-01-01,Technique Leader
61634,Shigehito,Panwar,9999-01-01,Staff
61644,Toney,Ladret,9999-01-01,Staff
61650,Vitaly,Linnainmaa,9999-01-01,Senior Engineer
61666,Tesuro,Vasanthakumar,9999-01-01,Engineer
61667,Domenico,Hasenauer,9999-01-01,Staff
61673,Krassimir,Krybus,9999-01-01,Senior Staff
61675,Takahiro,Schwartzburd,9999-01-01,Engineer
61676,Valdiodio,Argence,9999-01-01,Senior Engineer
61687,Ravishankar,Maraist,9999-01-01,Senior Staff
61706,Stevo,Butner,9999-01-01,Senior Engineer
61709,Holgard,Schaft,9999-01-01,Senior Staff
61711,Volkmar,Claffy,9999-01-01,Engineer
61718,Yakichi,Poujol,9999-01-01,Senior Engineer
61722,Oddvar,Wendorf,9999-01-01,Engineer
61732,Moie,Gini,9999-01-01,Senior Engineer
61738,Martien,Zhiwei,9999-01-01,Technique Leader
61751,IEEE,Garrabrants,9999-01-01,Senior Staff
61753,Pantung,Levergood,9999-01-01,Engineer
61755,Trygve,Eppinger,9999-01-01,Senior Staff
61761,Aamer,Feinberg,9999-01-01,Senior Staff
61776,Stafford,dAstous,9999-01-01,Senior Staff
61780,Zhilian,Billingsley,9999-01-01,Senior Engineer
61782,Guadalupe,Piancastelli,9999-01-01,Senior Engineer
61788,Frederique,Matzke,9999-01-01,Senior Staff
61789,Ramachenga,Straney,9999-01-01,Staff
61790,Visit,Lindenbaum,9999-01-01,Technique Leader
61805,Faiza,Gurbaxani,9999-01-01,Senior Staff
61843,Guenter,Millington,9999-01-01,Staff
61846,Danil,Varley,9999-01-01,Senior Engineer
61856,Toney,Luby,9999-01-01,Senior Engineer
61859,Xiping,Schwaller,9999-01-01,Senior Staff
61862,Tremaine,Dulay,9999-01-01,Staff
61864,Hironoby,Kamber,9999-01-01,Staff
61869,Manu,Hemaspaandra,9999-01-01,Engineer
61879,Saniya,Steinauer,9999-01-01,Engineer
61897,Jasminko,Kilgour,9999-01-01,Senior Engineer
61910,Gay,Bahk,9999-01-01,Senior Engineer
61915,Yongmin,Conta,9999-01-01,Staff
61920,Ghassan,Albarhamtoshy,9999-01-01,Staff
61941,Mohammed,Joslin,9999-01-01,Senior Engineer
61943,Gennadi,Tasistro,9999-01-01,Senior Engineer
61989,Yaghout,Vesna,9999-01-01,Staff
61992,Bilhanan,Kitsuregawa,9999-01-01,Senior Engineer
61995,Kerryn,Stellhorn,9999-01-01,Staff
61997,Maja,Yurek,9999-01-01,Senior Engineer
61998,Ute,Lunn,9999-01-01,Senior Staff
62008,Sadun,Swan,9999-01-01,Senior Staff
62025,Chirstian,Spinelli,9999-01-01,Senior Engineer
62026,Shugo,Zuberek,9999-01-01,Engineer
62069,Sugwoo,Felder,9999-01-01,Senior Engineer
62080,Toshimo,Birjandi,9999-01-01,Senior Staff
62094,Tomoyuki,Stemann,9999-01-01,Senior Engineer
62097,Krassimir,Klyachko,9999-01-01,Senior Engineer
62098,Breannda,Sommer,9999-01-01,Senior Staff
62103,Pranas,Reinhart,9999-01-01,Senior Staff
62107,Sakthirel,Walstra,9999-01-01,Staff
62112,Pragnesh,Servieres,9999-01-01,Senior Engineer
62129,Hongzue,Schmittgen,9999-01-01,Engineer
62137,Rosalyn,Baalen,9999-01-01,Senior Staff
62138,Dipayan,Rohrbach,9999-01-01,Staff
62155,Akemi,Basawa,9999-01-01,Assistant Engineer
62174,Teunis,Denna,9999-01-01,Staff
62205,Vitaly,Brlek,9999-01-01,Staff
62208,Sachio,Grandbois,9999-01-01,Engineer
62236,Aiman,Georg,9999-01-01,Senior Engineer
62243,Juichirou,Fargier,9999-01-01,Engineer
62252,Mohd,Waymire,9999-01-01,Engineer
62285,Chinho,Plessier,9999-01-01,Engineer
62294,Jeanne,Bratsberg,9999-01-01,Senior Staff
62298,Quingbo,Yetto,9999-01-01,Staff
62304,Kersti,Rusmann,9999-01-01,Senior Engineer
62321,Kristine,Kroha,9999-01-01,Senior Staff
62325,Nitsan,Cummings,9999-01-01,Engineer
62350,Xiaocheng,Erde,9999-01-01,Senior Staff
62351,Yuchang,Osgood,9999-01-01,Senior Staff
62357,Huei,Legleitner,9999-01-01,Senior Engineer
62374,Ortrud,Oppitz,9999-01-01,Engineer
62381,Fay,Pfau,9999-01-01,Assistant Engineer
62382,Padma,Edelhoff,9999-01-01,Engineer
62383,Khatoun,Rodier,9999-01-01,Technique Leader
62387,Toney,Frolund,9999-01-01,Engineer
62407,Stella,Oxenboll,9999-01-01,Senior Engineer
62412,Khosrow,Hennebert,9999-01-01,Senior Engineer
62427,Bedrich,Kamber,9999-01-01,Assistant Engineer
62428,Guadalupe,Lortz,9999-01-01,Engineer
62433,IEEE,McFarlin,9999-01-01,Engineer
62437,Manohar,Takkinen,9999-01-01,Senior Engineer
62443,Conrado,Pluym,9999-01-01,Senior Engineer
62459,Francoise,Shobatake,9999-01-01,Engineer
62472,Renee,Buescher,9999-01-01,Staff
62476,Yahiko,Cooke,9999-01-01,Senior Staff
62478,Kousuke,Markovitch,9999-01-01,Engineer
62481,Gererd,Norsworthy,9999-01-01,Senior Engineer
62496,Kien,Hempstead,9999-01-01,Senior Engineer
62497,Yifei,Sinitsyn,9999-01-01,Senior Engineer
62507,Otmar,Mullainathan,9999-01-01,Senior Engineer
62513,Gil,Bojadziev,9999-01-01,Engineer
62529,Piyush,Miyakawa,9999-01-01,Engineer
62545,Chiranjit,Pleszkun,9999-01-01,Engineer
62566,Giap,Lipner,9999-01-01,Senior Staff
62591,Limsoon,Baja,9999-01-01,Staff
62629,Shigeaki,Ratnaker,9999-01-01,Staff
62632,Piyawadee,Chiola,9999-01-01,Engineer
62637,Danae,Assaf,9999-01-01,Senior Staff
62638,Kayoko,Erde,9999-01-01,Engineer
62640,Toshimi,Smailagic,9999-01-01,Staff
62642,Oddvar,Kushner,9999-01-01,Engineer
62650,Marjo,Asmuth,9999-01-01,Senior Staff
62679,Yechezkel,Vidal,9999-01-01,Engineer
62695,Guangming,Jenevein,9999-01-01,Staff
62696,Paloma,Callaway,9999-01-01,Senior Staff
62714,Limsoon,Silva,9999-01-01,Senior Engineer
62723,Mitchel,Penttonen,9999-01-01,Engineer
62733,Kshitij,Kusakari,9999-01-01,Staff
62743,Shin,Veeraraghavan,9999-01-01,Engineer
62750,Achilleas,Lemarechal,9999-01-01,Senior Staff
62758,Xiong,Kornatzky,9999-01-01,Senior Engineer
62774,Jeanna,Schlenzig,9999-01-01,Staff
62781,Marek,Pietrzykowski,9999-01-01,Senior Engineer
62793,Beshir,Klerer,9999-01-01,Senior Engineer
62799,Gretta,Murtagh,9999-01-01,Staff
62804,Emran,Bahr,9999-01-01,Engineer
62811,Gadiel,Pettey,9999-01-01,Senior Engineer
62812,Chaosheng,Zyda,9999-01-01,Senior Engineer
62821,Tomokazu,Munke,9999-01-01,Engineer
62836,Alagu,Ozeri,9999-01-01,Senior Engineer
62841,Xiaoheng,Cesareni,9999-01-01,Senior Staff
62846,Menkae,Walston,9999-01-01,Senior Engineer
62847,Candido,Rijsenbrij,9999-01-01,Technique Leader
62857,Maia,Cummings,9999-01-01,Staff
62859,Bernt,Wolniewicz,9999-01-01,Senior Engineer
62869,Syozo,Schieder,9999-01-01,Staff
62892,Gadiel,Muniz,9999-01-01,Staff
62900,Gio,Alencar,9999-01-01,Senior Staff
62906,Alselm,McFarlin,9999-01-01,Senior Staff
62909,Lenore,Rissland,9999-01-01,Senior Staff
62913,Heekeun,Roisin,9999-01-01,Staff
62926,Lillian,Schoegge,9999-01-01,Senior Engineer
62930,Fumiyo,Flanders,9999-01-01,Engineer
62941,Uta,Impagliazzo,9999-01-01,Senior Engineer
62957,King,Plotkin,9999-01-01,Senior Engineer
62958,Tomofumi,Magliocco,9999-01-01,Assistant Engineer
62964,Duro,Schach,9999-01-01,Senior Engineer
62970,Georgy,Speek,9999-01-01,Engineer
62982,Yannik,Penz,9999-01-01,Senior Staff
62985,Juichirou,Lipner,9999-01-01,Senior Staff
63017,Moni,Picel,9999-01-01,Engineer
63019,Fayez,Basawa,9999-01-01,Engineer
63021,Kamakshi,Yurov,9999-01-01,Senior Engineer
63072,Bogdan,Siegrist,9999-01-01,Senior Engineer
63076,Goetz,Veccia,9999-01-01,Engineer
63077,Hyuncheol,Escriba,9999-01-01,Senior Engineer
63086,Ibibia,Bratsberg,9999-01-01,Senior Staff
63088,Aleksander,Chepyzhov,9999-01-01,Senior Staff
63107,Yurii,Crelier,9999-01-01,Senior Engineer
63112,Joydip,Swan,9999-01-01,Engineer
63114,Danny,Cheshire,9999-01-01,Staff
63128,Zhensheng,Gulak,9999-01-01,Staff
63136,Hitofumi,Thibadeau,9999-01-01,Staff
63165,Vishwani,Khasidashvili,9999-01-01,Engineer
63166,Sanjai,Baak,9999-01-01,Senior Staff
63209,Yakkov,Eiron,9999-01-01,Staff
63220,Subir,Swiler,9999-01-01,Engineer
63221,Feiyu,Zockler,9999-01-01,Senior Engineer
63230,Mart,Vecchio,9999-01-01,Senior Engineer
63232,Vidya,Reghbati,9999-01-01,Staff
63236,Shan,Barinka,9999-01-01,Senior Staff
63246,Zdislav,Waymire,9999-01-01,Senior Engineer
63257,Elvis,Trogemann,9999-01-01,Staff
63269,Luerbio,Benzmuller,9999-01-01,Senior Engineer
63288,Stella,Zolotykh,9999-01-01,Senior Staff
63291,Subhrajyoti,Budinsky,9999-01-01,Senior Staff
63305,Perry,Waymire,9999-01-01,Senior Engineer
63307,Sugwoo,Herber,9999-01-01,Senior Staff
63324,Pintsang,Leuchs,9999-01-01,Engineer
63326,Filipp,Perin,9999-01-01,Senior Engineer
63329,Mart,Schaaf,9999-01-01,Senior Staff
63331,Changho,Fadgyas,9999-01-01,Assistant Engineer
63341,Akeno,Peck,9999-01-01,Staff
63343,Mark,Ananiadou,9999-01-01,Senior Engineer
63349,Anestis,Comte,9999-01-01,Engineer
63356,Tua,Denos,9999-01-01,Staff
63363,Terresa,Brattka,9999-01-01,Senior Engineer
63367,Hatim,Bondorf,9999-01-01,Senior Engineer
63376,Kiyotoshi,Peir,9999-01-01,Staff
63399,Yonghoan,Azumi,9999-01-01,Assistant Engineer
63412,Domenick,Thisen,9999-01-01,Technique Leader
63422,Mahendra,Gulak,9999-01-01,Engineer
63427,Takahito,Nooteboom,9999-01-01,Senior Staff
63438,Gilbert,Herbst,9999-01-01,Senior Staff
63442,Satyanarayana,Reghbati,9999-01-01,Engineer
63471,Filipp,Bael,9999-01-01,Engineer
63487,Adib,Badr,9999-01-01,Senior Engineer
63495,Mabry,Kleiser,9999-01-01,Senior Engineer
63497,Anneli,Griswold,9999-01-01,Senior Staff
63508,Radhia,Scharstein,9999-01-01,Engineer
63516,Toshimitsu,Steinauer,9999-01-01,Senior Staff
63520,Duro,Kermarrec,9999-01-01,Engineer
63525,Ult,Ginneken,9999-01-01,Senior Engineer
63542,Michaela,Hanratty,9999-01-01,Senior Engineer
63562,Dannz,Heiserman,9999-01-01,Technique Leader
63568,Toshimitsu,Bondorf,9999-01-01,Senior Engineer
63570,Randy,Sudkamp,9999-01-01,Senior Engineer
63574,Insup,Leslie,9999-01-01,Engineer
63576,Cheong,Awdeh,9999-01-01,Staff
63588,Pintsang,Curless,9999-01-01,Senior Staff
63600,Gudjon,Birsak,9999-01-01,Staff
63609,Martins,Lyonns,9999-01-01,Senior Staff
63610,Gudjon,Rosiles,9999-01-01,Engineer
63612,Berto,Foote,9999-01-01,Senior Engineer
63638,Adib,Chepyzhov,9999-01-01,Senior Staff
63672,Fei,Munos,9999-01-01,Assistant Engineer
63675,Kazuhira,Heijenga,9999-01-01,Senior Engineer
63679,Amalendu,Beidas,9999-01-01,Technique Leader
63681,Ferdinand,Zucker,9999-01-01,Engineer
63688,Jouni,Spieker,9999-01-01,Senior Staff
63693,Martien,Zultner,9999-01-01,Senior Engineer
63707,Naftaly,Segond,9999-01-01,Assistant Engineer
63728,Haldon,Steenbeek,9999-01-01,Senior Engineer
63738,Yunming,Ohori,9999-01-01,Senior Engineer
63740,Doohun,Lenart,9999-01-01,Staff
63743,Shugo,Muntz,9999-01-01,Senior Staff
63744,Shaw,Mitchem,9999-01-01,Assistant Engineer
63778,Gio,Sudkamp,9999-01-01,Engineer
63789,Urs,Sgarro,9999-01-01,Staff
63801,Valdiodio,Roccetti,9999-01-01,Engineer
63836,Hitofumi,Petersohn,9999-01-01,Senior Staff
63898,Theirry,Ducloy,9999-01-01,Senior Engineer
63910,Rosalie,Mawatari,9999-01-01,Senior Staff
63922,Jixiang,Gischer,9999-01-01,Senior Staff
63934,Uinam,Hedayat,9999-01-01,Senior Staff
63935,Tadanori,Deyuan,9999-01-01,Senior Engineer
63984,Yongmao,Gerteisen,9999-01-01,Senior Engineer
63987,Jingling,Hockney,9999-01-01,Senior Engineer
63992,Yuping,Cools,9999-01-01,Senior Staff
63997,Stafford,Rosti,9999-01-01,Senior Engineer
64026,Sverrir,VanScheik,9999-01-01,Staff
64043,Yurij,Luiz,9999-01-01,Staff
64052,Hyuckchul,Stroustrup,9999-01-01,Engineer
64054,Kaijung,Ratnakar,9999-01-01,Senior Engineer
64084,Shao,Toyoshima,9999-01-01,Engineer
64090,Uli,Gecseg,9999-01-01,Engineer
64093,Hyuckchul,Nishimukai,9999-01-01,Senior Engineer
64106,Youjian,Krone,9999-01-01,Staff
64111,Godehard,Sherertz,9999-01-01,Technique Leader
64119,Zorica,Brizzi,9999-01-01,Engineer
64130,Yinghua,Merro,9999-01-01,Assistant Engineer
64136,Godehard,Lamba,9999-01-01,Senior Engineer
64138,Yuqun,Fetvedt,9999-01-01,Senior Staff
64147,Richard,Sevcikova,9999-01-01,Engineer
64150,Noritoshi,Ghandeharizadeh,9999-01-01,Engineer
64151,Rasikan,Alameldin,9999-01-01,Senior Engineer
64158,Yechiam,Fujisawa,9999-01-01,Staff
64179,Yongmin,Szemeredi,9999-01-01,Senior Staff
64200,Khun,Bojadziev,9999-01-01,Technique Leader
64226,Margo,Mersereau,9999-01-01,Staff
64240,Goncalo,Hoppenstand,9999-01-01,Senior Staff
64241,Vojin,Gilg,9999-01-01,Engineer
64243,Moss,Maraist,9999-01-01,Engineer
64268,Masasuke,Qiwen,9999-01-01,Senior Staff
64272,Roddy,Vesna,9999-01-01,Staff
64288,Gad,Siochi,9999-01-01,Technique Leader
64290,Hirochika,Merro,9999-01-01,Staff
64298,Toshimori,Lupu,9999-01-01,Senior Staff
64302,Huai,Sgarro,9999-01-01,Staff
64310,Khatoun,Kossowski,9999-01-01,Engineer
64313,Leucio,Schlegelmilch,9999-01-01,Engineer
64316,Bartek,Pesch,9999-01-01,Staff
64320,Khoa,Petereit,9999-01-01,Senior Engineer
64335,Tristan,Thummel,9999-01-01,Technique Leader
64344,Hyuncheol,Karnin,9999-01-01,Senior Engineer
64359,Radhika,Farrar,9999-01-01,Senior Staff
64377,Along,Couchot,9999-01-01,Engineer
64392,Amabile,Bernatsky,9999-01-01,Senior Engineer
64398,Nectarios,Perna,9999-01-01,Senior Staff
64400,Babette,Brendel,9999-01-01,Senior Staff
64401,Kristin,Swiss,9999-01-01,Engineer
64450,Aran,Raney,9999-01-01,Senior Engineer
64477,Boaz,Belinskaya,9999-01-01,Engineer
64488,Jaana,Kandlur,9999-01-01,Senior Engineer
64495,Bilhanan,Bazelow,9999-01-01,Staff
64503,Stafford,Kornatzky,9999-01-01,Engineer
64510,Sachio,Radwan,9999-01-01,Senior Engineer
64519,Kerryn,Eickenmeyer,9999-01-01,Staff
64526,Masoud,Uehara,9999-01-01,Staff
64535,Zongyan,Georgatos,9999-01-01,Staff
64536,Reinhold,Jiang,9999-01-01,Staff
64556,Xiaopeng,Fritzsche,9999-01-01,Senior Engineer
64572,Yinghua,Roccetti,9999-01-01,Senior Engineer
64575,Pradeep,Sridhar,9999-01-01,Senior Staff
64581,Shaunak,Reghbati,9999-01-01,Engineer
64593,Karsten,Kriebel,9999-01-01,Senior Engineer
64598,Chrisa,Kavanagh,9999-01-01,Technique Leader
64599,Trygve,Gubsky,9999-01-01,Assistant Engineer
64616,Hitomi,Zirintsis,9999-01-01,Staff
64625,Geoff,Boissier,9999-01-01,Senior Staff
64655,Jaideep,Nilsson,9999-01-01,Senior Staff
64657,Jianhui,Duclos,9999-01-01,Senior Engineer
64689,Bernice,Jakobus,9999-01-01,Technique Leader
64690,Sanjeeva,Siochi,9999-01-01,Assistant Engineer
64692,Bowen,Ermel,9999-01-01,Senior Engineer
64703,Trygve,Fiebach,9999-01-01,Staff
64707,Brigham,Chachaty,9999-01-01,Senior Staff
64728,Akhilish,Hedayat,9999-01-01,Senior Engineer
64731,Fumino,Rosay,9999-01-01,Engineer
64753,Shahid,Swan,9999-01-01,Senior Staff
64755,Mang,Shackel,9999-01-01,Staff
64761,Dekang,Fujisaki,9999-01-01,Technique Leader
64774,Marsal,Kroft,9999-01-01,Staff
64782,Bluma,Sommer,9999-01-01,Senior Engineer
64783,Willard,Ramsey,9999-01-01,Senior Staff
64784,Charlene,Boreale,9999-01-01,Senior Staff
64785,Zhigen,Miyakawa,9999-01-01,Staff
64794,Khun,Jiang,9999-01-01,Staff
64796,Xiadong,Auria,9999-01-01,Staff
64832,Boalin,Emmerich,9999-01-01,Engineer
64837,Mantis,Petereit,9999-01-01,Technique Leader
64855,Elrique,Hiltgen,9999-01-01,Engineer
64862,Mototsugu,Dulli,9999-01-01,Engineer
64872,Dayanand,Thibadeau,9999-01-01,Senior Staff
64889,Emdad,Pauthner,9999-01-01,Technique Leader
64893,Yoshimitsu,Billawala,9999-01-01,Senior Staff
64904,Xiaocheng,Aloia,9999-01-01,Engineer
64916,Mohit,Hmelo,9999-01-01,Senior Staff
64917,Mokhtar,Litecky,9999-01-01,Staff
64933,Kristin,Mungall,9999-01-01,Staff
64941,Angel,Hockney,9999-01-01,Staff
64955,Mariusz,Karner,9999-01-01,Engineer
64960,Chinho,Gonthier,9999-01-01,Technique Leader
64969,Jasminko,Kawashima,9999-01-01,Engineer
64974,Lijia,Penn,9999-01-01,Senior Engineer
64991,Nirmal,Legleitner,9999-01-01,Senior Staff
65001,Jongsuk,Hardjono,9999-01-01,Technique Leader
65004,Guttorm,Tiemann,9999-01-01,Senior Staff
65014,Geoffry,Narahara,9999-01-01,Technique Leader
65028,Yifei,Businaro,9999-01-01,Senior Staff
65029,Theirry,Kaltofen,9999-01-01,Senior Engineer
65045,Abdelkader,Koshiba,9999-01-01,Senior Engineer
65049,Keung,Kropf,9999-01-01,Staff
65056,Masako,Haldar,9999-01-01,Senior Engineer
65061,Shushma,Flowers,9999-01-01,Technique Leader
65084,Aksel,Bhattacharjee,9999-01-01,Staff
65097,Yinlin,Meszaros,9999-01-01,Staff
65102,Souichi,Delgrange,9999-01-01,Staff
65106,Nadjib,Hartvigsen,9999-01-01,Senior Engineer
65108,Hirochika,Lunn,9999-01-01,Engineer
65113,Arif,Brender,9999-01-01,Staff
65131,Shakhar,Akiyama,9999-01-01,Senior Staff
65136,Terresa,Undy,9999-01-01,Senior Staff
65144,Nectarios,Deyuan,9999-01-01,Senior Staff
65162,Marko,Peot,9999-01-01,Assistant Engineer
65167,Torsten,Borovoy,9999-01-01,Assistant Engineer
65173,Karlis,Binkley,9999-01-01,Staff
65199,Ipke,Spataro,9999-01-01,Senior Staff
65215,Joydip,Garnham,9999-01-01,Staff
65216,Masato,Leuchs,9999-01-01,Engineer
65217,Magdalena,Leijenhorst,9999-01-01,Senior Engineer
65222,Wilmer,Zaumen,9999-01-01,Staff
65240,Sakthirel,Kabayashi,9999-01-01,Engineer
65243,Xiaoheng,Chinen,9999-01-01,Assistant Engineer
65248,Shrikanth,Felcyn,9999-01-01,Senior Engineer
65259,Kazuhide,Luef,9999-01-01,Engineer
65280,Arun,Aloia,9999-01-01,Engineer
65290,Sanjay,Wielonsky,9999-01-01,Engineer
65308,Jouni,Pocchiola,9999-01-01,Senior Staff
65311,Terresa,Assaf,9999-01-01,Senior Staff
65316,Aimee,Papastamatiou,9999-01-01,Senior Engineer
65358,Kshitij,Cooley,9999-01-01,Assistant Engineer
65366,Bartek,Lindenbaum,9999-01-01,Senior Engineer
65367,Weiwu,Heyers,9999-01-01,Engineer
65368,Dung,Ladret,9999-01-01,Senior Engineer
65372,Amalendu,Lenart,9999-01-01,Engineer
65387,Nathalie,Muchinsky,9999-01-01,Senior Engineer
65390,Dayanand,Bail,9999-01-01,Engineer
65392,Poorav,Aseltine,9999-01-01,Staff
65393,Shietung,Lubachevsky,9999-01-01,Staff
65394,Jacqueline,Lamma,9999-01-01,Senior Staff
65417,Toney,Karnin,9999-01-01,Engineer
65428,Herbert,Luby,9999-01-01,Staff
65431,Emdad,Streit,9999-01-01,Senior Engineer
65443,Sreekrishna,Bresenham,9999-01-01,Senior Staff
65448,Menkae,Benzaken,9999-01-01,Staff
65449,Vasiliy,Steenbeek,9999-01-01,Staff
65458,Dmitri,Domenig,9999-01-01,Staff
65466,Mona,Lagarias,9999-01-01,Engineer
65467,Jeane,Perng,9999-01-01,Senior Staff
65486,Arch,Cincotta,9999-01-01,Engineer
65487,Shalesh,Cools,9999-01-01,Senior Staff
65490,Xiaobin,Wixon,9999-01-01,Senior Engineer
65493,Zeydy,Cummings,9999-01-01,Senior Staff
65494,Khoa,Yoshizawa,9999-01-01,Staff
65498,Rildo,Garrabrants,9999-01-01,Senior Staff
65502,Weiru,Junot,9999-01-01,Senior Engineer
65506,Guozhong,Khalil,9999-01-01,Senior Engineer
65510,Valeska,Brodie,9999-01-01,Engineer
65513,Huican,Fandrianto,9999-01-01,Senior Staff
65515,Phillip,Teitelbaum,9999-01-01,Staff
65517,Visit,Ducloy,9999-01-01,Senior Engineer
65533,Monique,Mawatari,9999-01-01,Senior Engineer
65538,Moheb,Plesums,9999-01-01,Technique Leader
65543,Mahmut,Verhoeff,9999-01-01,Technique Leader
65551,Zhenhua,Nittel,9999-01-01,Senior Staff
65559,Feipei,Nishimukai,9999-01-01,Staff
65568,Mark,Ventosa,9999-01-01,Senior Engineer
65569,Sachio,Picci,9999-01-01,Senior Staff
65572,Hironoby,Bernardeschi,9999-01-01,Senior Engineer
65591,Apostol,Riesenhuber,9999-01-01,Senior Staff
65594,Dietrich,Sadowski,9999-01-01,Senior Engineer
65595,Kasidit,Fujisaki,9999-01-01,Engineer
65599,Gen,Sethi,9999-01-01,Staff
65605,Howell,Matzen,9999-01-01,Senior Engineer
65611,Kwangho,Danecki,9999-01-01,Senior Engineer
65612,Somnath,Senzako,9999-01-01,Senior Engineer
65619,Kazuhira,Rosch,9999-01-01,Senior Engineer
65641,Vishu,Winter,9999-01-01,Engineer
65657,Arno,Seiwald,9999-01-01,Staff
65663,Rafael,Leppanen,9999-01-01,Engineer
65669,Rafail,Muhlberg,9999-01-01,Engineer
65674,Cathie,Sadowski,9999-01-01,Senior Staff
65702,Kristian,Nergos,9999-01-01,Senior Engineer
65706,Troy,Munck,9999-01-01,Senior Engineer
65711,Sarita,Kalloufi,9999-01-01,Engineer
65715,Nevin,Gniady,9999-01-01,Engineer
65721,Marjo,Snedden,9999-01-01,Staff
65727,Matt,Ranst,9999-01-01,Engineer
65738,Ramachenga,Marrakchi,9999-01-01,Staff
65746,Xiaoshan,Chiola,9999-01-01,Senior Engineer
65748,Masoud,Gimarc,9999-01-01,Staff
65752,Pasqua,Schreiter,9999-01-01,Senior Engineer
65760,Chenxi,Morrey,9999-01-01,Senior Engineer
65791,Elvia,Raczkowsky,9999-01-01,Senior Engineer
65793,Serenella,Cummings,9999-01-01,Senior Staff
65801,Arif,Munch,9999-01-01,Senior Engineer
65803,Lijia,Michaeli,9999-01-01,Senior Engineer
65804,Otilia,Driscoll,9999-01-01,Senior Staff
65806,Divier,Ellozy,9999-01-01,Senior Staff
65807,Guttorm,Ranze,9999-01-01,Engineer
65832,Anoosh,Lamba,9999-01-01,Staff
65834,Vidya,Marletta,9999-01-01,Staff
65835,Arra,Beetstra,9999-01-01,Senior Staff
65840,Sreekrishna,Magalhaes,9999-01-01,Senior Engineer
65842,Lubomir,Paludetto,9999-01-01,Engineer
65858,Martins,Awdeh,9999-01-01,Senior Engineer
65868,Guoxiang,Cools,9999-01-01,Senior Engineer
65869,Premsyl,Nittel,9999-01-01,Senior Staff
65876,Yagil,Vieth,9999-01-01,Senior Staff
65894,Yakkov,Haraldson,9999-01-01,Staff
65899,Anyuan,Ranta,9999-01-01,Senior Engineer
65952,Debaprosad,Vesna,9999-01-01,Engineer
65958,Heon,Bierman,9999-01-01,Staff
65966,Jessie,Macedo,9999-01-01,Staff
65974,Fayez,Schicker,9999-01-01,Staff
65978,Fay,Chaudhuri,9999-01-01,Senior Staff
65981,Jayson,Bharadwaj,9999-01-01,Engineer
66019,Surveyors,Rosis,9999-01-01,Technique Leader
66062,Zita,Ranta,9999-01-01,Senior Staff
66067,Aruna,Domenig,9999-01-01,Senior Engineer
66073,Zhongwei,Marrevee,9999-01-01,Staff
66086,Sverrir,Salvesen,9999-01-01,Senior Engineer
66120,Nobuyoshi,Pusterhofer,9999-01-01,Senior Staff
66123,Jinxi,Comte,9999-01-01,Engineer
66126,Basil,Schneeberger,9999-01-01,Senior Engineer
66131,Kasturi,Vuskovic,9999-01-01,Engineer
66145,Hironobu,Ashish,9999-01-01,Engineer
66159,Fuqing,Jervis,9999-01-01,Engineer
66170,Aksel,Ohori,9999-01-01,Senior Engineer
66183,Ortrud,Frijda,9999-01-01,Engineer
66198,Seongbin,Edelhoff,9999-01-01,Senior Staff
66202,Kolar,Giveon,9999-01-01,Engineer
66205,Yannik,Argence,9999-01-01,Senior Staff
66217,Dmitry,Karner,9999-01-01,Senior Staff
66218,Branimir,Gulak,9999-01-01,Staff
66223,Yakichi,Rattan,9999-01-01,Senior Staff
66225,Mayumi,Stifter,9999-01-01,Senior Staff
66226,Deniz,Baba,9999-01-01,Assistant Engineer
66229,Dannz,Mayerwieser,9999-01-01,Staff
66231,Chaosheng,Keohane,9999-01-01,Senior Engineer
66247,Aleksandar,Mitina,9999-01-01,Engineer
66254,Ghassan,Mahnke,9999-01-01,Senior Staff
66258,Sumant,Schonegge,9999-01-01,Staff
66289,Taizo,Keohane,9999-01-01,Staff
66291,Tzu,Ouhyoung,9999-01-01,Senior Engineer
66293,Jaewon,Stroustrup,9999-01-01,Senior Staff
66296,Aloke,Iivonen,9999-01-01,Senior Engineer
66314,Alagu,Sluis,9999-01-01,Senior Staff
66336,Youjian,Sidje,9999-01-01,Engineer
66351,Shir,Bierbaum,9999-01-01,Engineer
66356,Masato,Coorg,9999-01-01,Staff
66361,Almudena,Boudaillier,9999-01-01,Staff
66364,Jaewon,Picco,9999-01-01,Engineer
66374,Gen,Thambidurai,9999-01-01,Senior Staff
66376,Berhard,Antonisse,9999-01-01,Senior Staff
66380,Sumant,Furudate,9999-01-01,Senior Staff
66383,Herbert,Marsiglia,9999-01-01,Senior Staff
66419,Przemyslawa,Perna,9999-01-01,Senior Engineer
66425,Mats,Eppinger,9999-01-01,Senior Engineer
66434,Martins,Mungall,9999-01-01,Assistant Engineer
66435,Sampalli,Braunschweig,9999-01-01,Engineer
66445,Kazuyasu,Zykh,9999-01-01,Staff
66447,Greger,Conia,9999-01-01,Engineer
66455,Doohun,Puppo,9999-01-01,Staff
66460,Xiaoheng,Antonisse,9999-01-01,Technique Leader
66467,Zine,Erdmenger,9999-01-01,Technique Leader
66475,Gopalakrishnan,Birsak,9999-01-01,Engineer
66477,Christfried,Borstler,9999-01-01,Engineer
66480,Subhrajyoti,Tempesti,9999-01-01,Senior Staff
66481,Nalini,McClurg,9999-01-01,Engineer
66485,Nadjib,Morrey,9999-01-01,Engineer
66486,Tonia,Ghelli,9999-01-01,Senior Engineer
66502,Changho,Ducloy,9999-01-01,Senior Engineer
66516,Akeel,Crouzet,9999-01-01,Staff
66519,Masami,Selenyi,9999-01-01,Staff
66520,Juichirou,Bakhtari,9999-01-01,Technique Leader
66521,Taiji,Krychniak,9999-01-01,Senior Engineer
66526,Uwe,Casley,9999-01-01,Senior Engineer
66536,DeForest,Malinowski,9999-01-01,Technique Leader
66552,Sakthirel,Erva,9999-01-01,Staff
66556,Hongzhu,Remmele,9999-01-01,Engineer
66560,Leaf,Lammel,9999-01-01,Senior Staff
66565,Kien,Perez,9999-01-01,Senior Engineer
66577,Serap,Reutenauer,9999-01-01,Senior Engineer
66588,Zine,Itschner,9999-01-01,Senior Staff
66589,Troy,Yurov,9999-01-01,Engineer
66597,Hugo,Krychniak,9999-01-01,Senior Staff
66603,Dipankar,Mamelak,9999-01-01,Senior Engineer
66604,Bezalel,Hiroyama,9999-01-01,Senior Engineer
66605,Chiranjit,Suermann,9999-01-01,Senior Staff
66625,Wayne,Jeong,9999-01-01,Engineer
66646,Chanjung,Erman,9999-01-01,Engineer
66647,Charmane,Leppanen,9999-01-01,Engineer
66650,Luigi,Lanzelotte,9999-01-01,Engineer
66655,Tomokazu,Castellani,9999-01-01,Technique Leader
66668,Achilleas,Reeken,9999-01-01,Senior Staff
66686,Gopalakrishnan,Flanders,9999-01-01,Senior Engineer
66687,Kien,Simmen,9999-01-01,Senior Staff
66695,Mihalis,Bondorf,9999-01-01,Staff
66713,LiMin,Zyda,9999-01-01,Senior Staff
66716,Elgin,Kermarrec,9999-01-01,Staff
66743,Hilary,Versino,9999-01-01,Senior Engineer
66744,Chuanyi,Puppe,9999-01-01,Staff
66753,Margo,Ramsey,9999-01-01,Senior Engineer
66754,Mabhin,Angiulli,9999-01-01,Engineer
66775,Mariangiola,Milicia,9999-01-01,Engineer
66801,Bogdan,Orlowska,9999-01-01,Senior Engineer
66802,Mohit,Karlin,9999-01-01,Staff
66828,Frederique,Narahara,9999-01-01,Engineer
66837,Parto,Daescu,9999-01-01,Senior Engineer
66848,Supot,Brickell,9999-01-01,Senior Staff
66851,Mona,Lyonns,9999-01-01,Engineer
66858,Morris,Perng,9999-01-01,Senior Staff
66866,Luise,Sundgren,9999-01-01,Technique Leader
66867,Behnaam,Biron,9999-01-01,Staff
66869,Pasqua,Worfolk,9999-01-01,Engineer
66907,Turgut,Bardell,9999-01-01,Senior Staff
66909,Demin,Sooriamurthi,9999-01-01,Senior Engineer
66921,Weiru,Deville,9999-01-01,Engineer
66937,Chenye,Heering,9999-01-01,Engineer
66945,Perry,Kusakabe,9999-01-01,Staff
66957,Gino,Shrader,9999-01-01,Senior Staff
66961,Lech,Albarhamtoshy,9999-01-01,Senior Staff
66980,Pranay,Osgood,9999-01-01,Staff
66982,Youpyo,Rosti,9999-01-01,Staff
66991,Khoa,Ranum,9999-01-01,Assistant Engineer
66993,Malu,Georgakopoulos,9999-01-01,Staff
67006,Elvia,Alblas,9999-01-01,Staff
67011,Van,McClure,9999-01-01,Staff
67014,Arup,Jakobus,9999-01-01,Senior Staff
67029,Sorina,Heydon,9999-01-01,Senior Staff
67046,Keiichiro,Thebaut,9999-01-01,Staff
67051,Randy,Pearson,9999-01-01,Engineer
67076,Jasminko,Farris,9999-01-01,Senior Engineer
67084,Shigeo,Isaak,9999-01-01,Senior Engineer
67112,Sreekrishna,Henders,9999-01-01,Staff
67115,Siamak,Bernardeschi,9999-01-01,Engineer
67135,Candida,Fendler,9999-01-01,Senior Staff
67138,Surveyors,Kaltofen,9999-01-01,Technique Leader
67146,Horward,Hertweck,9999-01-01,Senior Staff
67164,Eckart,Bade,9999-01-01,Senior Engineer
67165,Chikako,Schapire,9999-01-01,Staff
67198,Fuqing,Schahn,9999-01-01,Senior Staff
67216,Yongmao,Streng,9999-01-01,Technique Leader
67227,Shuky,Showalter,9999-01-01,Engineer
67233,Gad,Baalen,9999-01-01,Staff
67253,Shiv,Szmurlo,9999-01-01,Engineer
67272,Val,Minakawa,9999-01-01,Senior Staff
67301,Xuedong,Danlos,9999-01-01,Staff
67306,Peternela,Molenkamp,9999-01-01,Senior Engineer
67327,Tomokazu,Ernst,9999-01-01,Engineer
67333,Takahiro,Ebeling,9999-01-01,Staff
67345,Mani,Rando,9999-01-01,Engineer
67352,Masaru,Awdeh,9999-01-01,Engineer
67357,Pradeep,Millington,9999-01-01,Staff
67362,Ranga,Cardazo,9999-01-01,Senior Staff
67366,Ayonca,Bratten,9999-01-01,Senior Engineer
67367,Karlis,Birch,9999-01-01,Senior Staff
67377,Mingdong,Sherertz,9999-01-01,Technique Leader
67379,Masadi,Srimani,9999-01-01,Technique Leader
67381,Gita,Weedon,9999-01-01,Staff
67395,Sakthirel,Basart,9999-01-01,Senior Engineer
67402,Maya,Ruemmler,9999-01-01,Senior Staff
67404,Shaz,Shobatake,9999-01-01,Senior Engineer
67426,Haldun,Geffroy,9999-01-01,Senior Engineer
67428,Dharmaraja,Diderrich,9999-01-01,Engineer
67438,Niranjan,Makinen,9999-01-01,Engineer
67450,Khosrow,Seiwald,9999-01-01,Senior Staff
67451,Siamak,Stellhorn,9999-01-01,Senior Engineer
67476,Gino,Kilgour,9999-01-01,Staff
67477,Morrie,Vasanthakumar,9999-01-01,Senior Engineer
67483,Oguz,Chartres,9999-01-01,Senior Engineer
67500,Vasiliy,Laurillard,9999-01-01,Staff
67506,Collette,Verhoeff,9999-01-01,Senior Staff
67523,Pohua,Gelosh,9999-01-01,Engineer
67526,Shay,Roisin,9999-01-01,Senior Engineer
67529,Alejandro,Passino,9999-01-01,Engineer
67537,Somnath,Uludag,9999-01-01,Senior Staff
67549,Ute,Pezzoli,9999-01-01,Engineer
67553,Freyja,Hutter,9999-01-01,Senior Staff
67554,Xiaoheng,Bhattacharjee,9999-01-01,Technique Leader
67567,Yuqun,Delgrossi,9999-01-01,Staff
67570,Odysseas,Baig,9999-01-01,Staff
67571,Gro,Iisaka,9999-01-01,Senior Staff
67572,Gro,Katalagarianos,9999-01-01,Engineer
67574,Lijie,Aingworth,9999-01-01,Engineer
67578,Perry,Muhlberg,9999-01-01,Senior Engineer
67589,Hausi,Lampe,9999-01-01,Staff
67594,Jiann,Aingworth,9999-01-01,Senior Staff
67609,Poornachandra,Berztiss,9999-01-01,Staff
67613,Hyuncheol,Andreotta,9999-01-01,Senior Engineer
67624,Atreyi,Luks,9999-01-01,Senior Staff
67632,Anestis,Schusler,9999-01-01,Engineer
67640,Gen,Glinert,9999-01-01,Senior Staff
67653,Mabo,Rathonyi,9999-01-01,Assistant Engineer
67660,Kwangjo,Pena,9999-01-01,Senior Staff
67667,Basant,Butterworth,9999-01-01,Staff
67675,Gila,Schiper,9999-01-01,Senior Engineer
67682,Moni,Ozeri,9999-01-01,Senior Staff
67683,Domenico,Linares,9999-01-01,Senior Engineer
67684,Vincent,Pintelas,9999-01-01,Engineer
67686,Lucien,Junet,9999-01-01,Senior Staff
67701,Chikara,Herbst,9999-01-01,Engineer
67709,Huei,Attimonelli,9999-01-01,Senior Staff
67729,Candida,Molenkamp,9999-01-01,Senior Engineer
67740,Reinhard,Stifter,9999-01-01,Assistant Engineer
67741,Yishay,Koblitz,9999-01-01,Engineer
67742,Toong,Hasham,9999-01-01,Senior Engineer
67761,Jagoda,Rothe,9999-01-01,Staff
67767,Elvis,Demos,9999-01-01,Staff
67774,Jongsuk,Fabrizio,9999-01-01,Engineer
67779,Niclas,Welham,9999-01-01,Staff
67782,Almudena,Luga,9999-01-01,Senior Engineer
67797,Chaoyi,Azuma,9999-01-01,Staff
67804,Margareta,Vesel,9999-01-01,Senior Staff
67807,Zissis,Ramalingam,9999-01-01,Senior Staff
67812,Reinhold,Reinhart,9999-01-01,Engineer
67815,Zongyan,Coney,9999-01-01,Senior Engineer
67820,Gay,Colorni,9999-01-01,Senior Engineer
67823,Szabolcs,Muhlberg,9999-01-01,Senior Engineer
67826,Selwyn,Detkin,9999-01-01,Senior Staff
67833,Aleksander,Iivonen,9999-01-01,Senior Staff
67835,Behnaam,Luft,9999-01-01,Senior Staff
67837,Barun,Heyers,9999-01-01,Staff
67845,Xuejun,Back,9999-01-01,Staff
67848,Shawna,Litzkow,9999-01-01,Senior Engineer
67853,King,Perl,9999-01-01,Technique Leader
67862,Sven,Brizzi,9999-01-01,Senior Staff
67879,Hongzue,Michaels,9999-01-01,Technique Leader
67885,Nishit,Suermann,9999-01-01,Senior Engineer
67896,Werner,Guardalben,9999-01-01,Senior Engineer
67929,Richard,Iisaka,9999-01-01,Senior Engineer
67937,Odinaldo,Bashian,9999-01-01,Senior Engineer
67948,Shay,Berztiss,9999-01-01,Staff
67954,Aleksandar,Liedekerke,9999-01-01,Senior Engineer
67962,Jiann,Stille,9999-01-01,Senior Engineer
67967,Marin,Stille,9999-01-01,Senior Engineer
67968,Christoper,Narahara,9999-01-01,Senior Staff
67983,Gererd,Heusch,9999-01-01,Engineer
67989,Adib,Schwaller,9999-01-01,Staff
67994,Hatim,Paludetto,9999-01-01,Senior Engineer
67999,Sorina,Herber,9999-01-01,Senior Staff
68001,Marlo,Panwar,9999-01-01,Senior Engineer
68003,Kellie,Ratzlaff,9999-01-01,Technique Leader
68005,Hilary,Montresor,9999-01-01,Engineer
68010,Mohan,Tsunoo,9999-01-01,Senior Engineer
68028,Richara,Syang,9999-01-01,Senior Staff
68055,Narain,Jansen,9999-01-01,Senior Engineer
68063,Karlis,Gide,9999-01-01,Engineer
68110,Ewing,Erni,9999-01-01,Engineer
68123,Shakhar,Rissland,9999-01-01,Staff
68124,Zhiguo,Gonthier,9999-01-01,Senior Staff
68138,Qunsheng,Poujol,9999-01-01,Engineer
68142,Aran,Nishimukai,9999-01-01,Senior Staff
68147,Breannda,Zhang,9999-01-01,Engineer
68170,Etsuo,Kavanagh,9999-01-01,Senior Engineer
68173,Gererd,Litzkow,9999-01-01,Staff
68179,Guangming,Nyanchama,9999-01-01,Senior Engineer
68199,Kwok,Litzkow,9999-01-01,Senior Engineer
68218,Miquel,Renear,9999-01-01,Senior Engineer
68233,Frederique,Penz,9999-01-01,Senior Engineer
68236,Harngdar,Farrow,9999-01-01,Engineer
68245,Valeska,Ramamoorthy,9999-01-01,Senior Staff
68258,Kerryn,Acton,9999-01-01,Senior Engineer
68313,Rosalie,Ferriere,9999-01-01,Senior Engineer
68321,Aris,Harbusch,9999-01-01,Engineer
68350,Arve,Speckmann,9999-01-01,Senior Engineer
68367,Emdad,Vandervoorde,9999-01-01,Senior Staff
68381,Stabislas,Hasham,9999-01-01,Senior Staff
68407,Jahangir,Peternell,9999-01-01,Senior Staff
68432,Tsuneo,Staylopatis,9999-01-01,Senior Staff
68433,Maya,Wossner,9999-01-01,Senior Staff
68454,Weicheng,Kampfer,9999-01-01,Senior Engineer
68478,Rutger,Plotkin,9999-01-01,Staff
68499,Arfst,Bael,9999-01-01,Engineer
68500,Leah,Stellhorn,9999-01-01,Senior Staff
68508,Annemarie,Swist,9999-01-01,Engineer
68528,Sailaja,Ghalwash,9999-01-01,Senior Engineer
68536,Zorica,Perly,9999-01-01,Engineer
68550,Alper,Perin,9999-01-01,Senior Engineer
68552,Abdelkader,Gronowski,9999-01-01,Senior Staff
68568,Iara,Raney,9999-01-01,Staff
68570,Kamakshi,Alvarado,9999-01-01,Senior Staff
68578,Weidon,Baranowski,9999-01-01,Senior Engineer
68585,Vatsa,Bail,9999-01-01,Senior Staff
68596,Sergi,Penz,9999-01-01,Senior Staff
68599,Alair,Zucker,9999-01-01,Staff
68603,Fabrizio,Rusterholz,9999-01-01,Staff
68604,Kannan,Dymetman,9999-01-01,Senior Staff
68607,Xuejia,Zallocco,9999-01-01,Senior Staff
68626,Pragnesh,Schrift,9999-01-01,Engineer
68642,Arvind,Jumpertz,9999-01-01,Staff
68673,Elvia,Bale,9999-01-01,Assistant Engineer
68679,Takahiro,Dredge,9999-01-01,Staff
68690,Elgin,Juneja,9999-01-01,Engineer
68692,Behnaam,Monarch,9999-01-01,Senior Engineer
68699,Harjit,Baby,9999-01-01,Staff
68705,Arunas,Ferretti,9999-01-01,Senior Engineer
68709,Marke,Zaccaria,9999-01-01,Engineer
68714,Alselm,Nishimukai,9999-01-01,Technique Leader
68717,Yishai,Chenoweth,9999-01-01,Senior Engineer
68744,Khedija,Spelt,9999-01-01,Engineer
68747,Chikara,Binkley,9999-01-01,Engineer
68756,Jayesh,Syang,9999-01-01,Staff
68761,Rasikan,Zuberek,9999-01-01,Staff
68769,Gill,Akaboshi,9999-01-01,Senior Staff
68770,Perla,Lunn,9999-01-01,Staff
68773,Hugo,Isaac,9999-01-01,Senior Engineer
68780,Berni,Itschner,9999-01-01,Technique Leader
68788,Reuven,Kaiser,9999-01-01,Senior Engineer
68798,Theirry,Murtagh,9999-01-01,Senior Engineer
68801,Ymte,Ramsay,9999-01-01,Engineer
68808,Morrie,Beerel,9999-01-01,Senior Engineer
68809,Oldrich,Menhardt,9999-01-01,Senior Staff
68839,Shuky,Famili,9999-01-01,Staff
68840,Quingbo,Nourani,9999-01-01,Senior Staff
68843,Yucel,Kalafatis,9999-01-01,Senior Staff
68862,Christoper,Schonegge,9999-01-01,Engineer
68872,Dzung,Munro,9999-01-01,Senior Staff
68880,Elvis,Assaf,9999-01-01,Senior Staff
68890,Mantis,Baer,9999-01-01,Senior Staff
68895,Suvo,Senzako,9999-01-01,Staff
68900,Pohua,Sevcikova,9999-01-01,Senior Engineer
68901,Aron,Gilg,9999-01-01,Technique Leader
68909,Jayson,Rajcani,9999-01-01,Engineer
68910,Basim,Maccarone,9999-01-01,Senior Staff
68911,Francoise,Ratzlaff,9999-01-01,Senior Engineer
68913,Tayeb,Seuren,9999-01-01,Senior Staff
68914,Subhankar,Hebert,9999-01-01,Staff
68917,Menkae,Peot,9999-01-01,Engineer
68919,Licheng,Aamodt,9999-01-01,Engineer
68940,Froduald,Garrabrants,9999-01-01,Senior Staff
68947,Toshimo,Bergere,9999-01-01,Senior Staff
68951,Shichao,Leppanen,9999-01-01,Senior Engineer
68964,Fai,Francisci,9999-01-01,Senior Engineer
68966,Shuho,Carrera,9999-01-01,Senior Staff
68978,Rildo,Dalton,9999-01-01,Staff
68998,Remko,Serra,9999-01-01,Senior Engineer
69007,Brewster,McAffer,9999-01-01,Staff
69014,Xuejun,Chenney,9999-01-01,Engineer
69019,Valdiodio,Rothenberg,9999-01-01,Staff
69020,Udo,Masaki,9999-01-01,Senior Engineer
69022,Kendra,Benzmuller,9999-01-01,Staff
69027,Make,Gihr,9999-01-01,Senior Staff
69032,Dhritiman,Mawatari,9999-01-01,Technique Leader
69050,Nidapan,Anily,9999-01-01,Senior Staff
69064,Alair,Babb,9999-01-01,Engineer
69084,Kazuhisa,Thisen,9999-01-01,Staff
69092,Sreenivas,Denna,9999-01-01,Engineer
69118,Irena,Lakshmanan,9999-01-01,Senior Staff
69122,Weiwu,Templeman,9999-01-01,Senior Staff
69131,Shuzo,Hebert,9999-01-01,Staff
69136,Younwoo,Busillo,9999-01-01,Senior Engineer
69166,Bernd,Chiodo,9999-01-01,Staff
69173,Georgy,Adachi,9999-01-01,Senior Staff
69177,Shan,Marchegay,9999-01-01,Technique Leader
69181,Toshiko,Schiper,9999-01-01,Senior Staff
69206,Bojan,Melichar,9999-01-01,Engineer
69217,Atreyi,Brandsma,9999-01-01,Engineer
69222,Elliott,Llado,9999-01-01,Engineer
69226,Reinhold,Wursthorn,9999-01-01,Senior Engineer
69228,Urs,Shimshoni,9999-01-01,Senior Engineer
69230,Florian,Pews,9999-01-01,Senior Engineer
69246,Yonghoan,Maksimenko,9999-01-01,Senior Engineer
69263,Sreekrishna,Iisaku,9999-01-01,Senior Engineer
69271,Debatosh,Zyda,9999-01-01,Senior Engineer
69287,Frazer,Luders,9999-01-01,Technique Leader
69297,Fei,Range,9999-01-01,Senior Engineer
69316,Paraskevi,Radhakrishnan,9999-01-01,Senior Engineer
69325,Pranas,Dredge,9999-01-01,Staff
69333,Jianhao,Zirintsis,9999-01-01,Engineer
69355,Dmitry,Borovoy,9999-01-01,Technique Leader
69360,Lenore,Hanratty,9999-01-01,Senior Engineer
69366,Georg,Schrift,9999-01-01,Technique Leader
69387,Danny,Mitsuhashi,9999-01-01,Senior Engineer
69405,Lijia,Heping,9999-01-01,Staff
69418,Jixiang,Steinauer,9999-01-01,Senior Staff
69421,Nahla,Clemencon,9999-01-01,Senior Staff
69425,Kristen,Orsini,9999-01-01,Senior Engineer
69428,Dzung,Shimshoni,9999-01-01,Senior Staff
69445,Gift,Puppo,9999-01-01,Senior Staff
69446,Pranay,Melter,9999-01-01,Engineer
69455,Radhakrishnan,Nastansky,9999-01-01,Senior Engineer
69493,Odoardo,Greibach,9999-01-01,Assistant Engineer
69506,Marke,Cappelletti,9999-01-01,Senior Engineer
69507,Alassane,Weedon,9999-01-01,Staff
69524,Leon,Vrecion,9999-01-01,Engineer
69544,Flemming,Falster,9999-01-01,Staff
69555,Golgen,Sabnani,9999-01-01,Senior Staff
69562,Tua,Haumacher,9999-01-01,Engineer
69570,Katsuyuki,Reinhart,9999-01-01,Engineer
69578,Shim,Sewelson,9999-01-01,Senior Staff
69582,Pragnesh,Hofstetter,9999-01-01,Senior Staff
69598,Elvis,Hofstetter,9999-01-01,Engineer
69601,Sachar,Lieblein,9999-01-01,Senior Staff
69602,Naftaly,Litzkow,9999-01-01,Staff
69607,Candido,Parhami,9999-01-01,Staff
69613,Gay,Tsukuda,9999-01-01,Staff
69621,Atilio,Takkinen,9999-01-01,Senior Engineer
69625,Remmert,Taneja,9999-01-01,Staff
69632,Limsoon,Nations,9999-01-01,Engineer
69635,Djelloul,Garrabrants,9999-01-01,Technique Leader
69637,Tse,Basart,9999-01-01,Senior Staff
69639,Christoper,Picci,9999-01-01,Engineer
69647,Deborah,Pileggi,9999-01-01,Senior Staff
69651,Divier,Decaestecker,9999-01-01,Senior Staff
69652,Josyula,Oehlmann,9999-01-01,Senior Engineer
69654,Paris,Hofman,9999-01-01,Engineer
69665,Uzi,Fioravanti,9999-01-01,Senior Staff
69670,Phillip,Limongiello,9999-01-01,Staff
69676,Shin,Henseler,9999-01-01,Engineer
69682,Gor,Siksek,9999-01-01,Engineer
69687,Oksana,Minakawa,9999-01-01,Engineer
69688,Kazuyasu,Skogmar,9999-01-01,Staff
69697,Zengping,Nourani,9999-01-01,Senior Engineer
69714,Anneke,Kavvadias,9999-01-01,Technique Leader
69717,Boalin,Gecsei,9999-01-01,Staff
69732,Vitaly,Maraist,9999-01-01,Senior Staff
69737,Sarita,Conta,9999-01-01,Senior Staff
69758,Arup,Yurov,9999-01-01,Senior Engineer
69767,Nakhoon,Glowinski,9999-01-01,Engineer
69771,Chaitali,Ibel,9999-01-01,Staff
69773,Elzbieta,Kisuki,9999-01-01,Technique Leader
69790,Werner,Leslie,9999-01-01,Staff
69807,Olivera,Emmerich,9999-01-01,Staff
69821,Francoise,Birdsall,9999-01-01,Engineer
69829,Akhilish,Koprowski,9999-01-01,Senior Engineer
69835,Deborah,Birdsall,9999-01-01,Assistant Engineer
69845,Kinh,Tanemo,9999-01-01,Senior Engineer
69874,Doohun,Menyhert,9999-01-01,Technique Leader
69888,Billur,Speel,9999-01-01,Technique Leader
69897,Stamatina,Kamber,9999-01-01,Staff
69928,Abdelkader,Nourani,9999-01-01,Staff
69932,Surveyors,Stenning,9999-01-01,Engineer
69940,Gonzalo,Mattern,9999-01-01,Staff
69946,Theirry,Varker,9999-01-01,Engineer
69960,Lein,Sooriamurthi,9999-01-01,Engineer
69982,Sanjoy,Lindqvist,9999-01-01,Senior Staff
69987,Shem,Collette,9999-01-01,Senior Staff
69993,Anwar,Silva,9999-01-01,Staff
70004,Shih,VanScheik,9999-01-01,Senior Staff
70023,Bodh,Plotkin,9999-01-01,Senior Engineer
70027,Manton,Schieder,9999-01-01,Engineer
70032,Guttorm,Oppitz,9999-01-01,Senior Staff
70040,Along,Montemayor,9999-01-01,Engineer
70049,Dipankar,Domenig,9999-01-01,Engineer
70059,Valeri,Tiemann,9999-01-01,Staff
70068,Noritoshi,Beidas,9999-01-01,Staff
70077,Vesna,Panienski,9999-01-01,Technique Leader
70087,Ronghao,Lemarechal,9999-01-01,Senior Staff
70090,Oldrich,Anandan,9999-01-01,Senior Staff
70091,Vasilii,Haldar,9999-01-01,Staff
70105,Van,Hardjono,9999-01-01,Senior Engineer
70117,Arie,Bail,9999-01-01,Engineer
70132,Gal,Manders,9999-01-01,Staff
70146,Tiina,Atrawala,9999-01-01,Senior Engineer
70162,Danai,Wrigley,9999-01-01,Engineer
70164,Ult,Bergere,9999-01-01,Engineer
70171,Sadun,Himler,9999-01-01,Engineer
70172,Toshimo,Beerel,9999-01-01,Engineer
70180,Renee,Cichocki,9999-01-01,Senior Staff
70190,Zeljko,Luiz,9999-01-01,Technique Leader
70197,Nishit,Fritzsche,9999-01-01,Engineer
70217,Aksel,Iivonen,9999-01-01,Senior Staff
70218,Stabislas,Luga,9999-01-01,Staff
70219,Ramzi,Suessmith,9999-01-01,Engineer
70239,Cedric,McFarlin,9999-01-01,Senior Engineer
70250,Erez,Arlazarov,9999-01-01,Staff
70270,Zsolt,Cusworth,9999-01-01,Senior Engineer
70287,Nimmagadda,McConalogue,9999-01-01,Staff
70296,Nalini,Vadhan,9999-01-01,Engineer
70310,Neven,Ranai,9999-01-01,Staff
70311,Abdelaziz,Kugler,9999-01-01,Staff
70350,Kwun,Swen,9999-01-01,Staff
70354,Minghong,Gammage,9999-01-01,Engineer
70374,Girolamo,Macedo,9999-01-01,Senior Engineer
70380,Alassane,Denos,9999-01-01,Senior Staff
70386,Guiseppe,Mamelak,9999-01-01,Engineer
70400,Srinidhi,Lorcy,9999-01-01,Senior Staff
70421,Amstein,Birke,9999-01-01,Senior Engineer
70422,Zine,Krichel,9999-01-01,Senior Engineer
70425,Mechthild,Businaro,9999-01-01,Senior Staff
70426,Gilbert,Hanratty,9999-01-01,Engineer
70465,Kien,Ligten,9999-01-01,Senior Engineer
70478,Basil,Peac,9999-01-01,Senior Engineer
70485,Sachio,Mondadori,9999-01-01,Engineer
70502,Jiann,Weedon,9999-01-01,Senior Staff
70514,Christoper,Highland,9999-01-01,Senior Engineer
70516,Danny,Mamelak,9999-01-01,Staff
70519,Mohammad,Aingworth,9999-01-01,Senior Engineer
70528,Khun,Gimarc,9999-01-01,Staff
70530,Qunsheng,Stille,9999-01-01,Senior Engineer
70535,Dante,Speel,9999-01-01,Staff
70540,Vasilis,Ullian,9999-01-01,Senior Staff
70550,Maren,Ressouche,9999-01-01,Senior Staff
70564,Supot,Chiola,9999-01-01,Senior Engineer
70565,Fumiya,Bergere,9999-01-01,Senior Engineer
70571,Randy,Sooriamurthi,9999-01-01,Senior Staff
70573,Janalee,Chachaty,9999-01-01,Senior Staff
70579,Seshu,Polajnar,9999-01-01,Engineer
70584,Arun,Flasterstein,9999-01-01,Senior Engineer
70602,Hongzhu,Maquelin,9999-01-01,Engineer
70614,Nevio,Furedi,9999-01-01,Senior Engineer
70629,Shay,DiGiano,9999-01-01,Senior Staff
70659,Kauko,Domenig,9999-01-01,Senior Staff
70661,Leni,Bernardinello,9999-01-01,Engineer
70666,Ronghao,Veeraraghavan,9999-01-01,Senior Staff
70675,Edwin,Avouris,9999-01-01,Staff
70679,Aluzio,Hagimont,9999-01-01,Senior Staff
70720,Hidefumi,Denny,9999-01-01,Senior Staff
70722,Maren,Sudbeck,9999-01-01,Senior Staff
70735,Shaowei,Spataro,9999-01-01,Assistant Engineer
70738,Shaleah,Kemmerer,9999-01-01,Staff
70739,Przemyslawa,Kakkar,9999-01-01,Staff
70743,Matk,Genin,9999-01-01,Assistant Engineer
70751,Danil,Heusch,9999-01-01,Senior Engineer
70752,Vugranam,Chiola,9999-01-01,Senior Engineer
70763,Jahangir,Lorch,9999-01-01,Senior Engineer
70767,Hinrich,Gewali,9999-01-01,Engineer
70785,Jiakeng,Swan,9999-01-01,Senior Engineer
70787,Reinhard,Masaki,9999-01-01,Senior Staff
70791,Aamod,Avouris,9999-01-01,Senior Engineer
70797,Alejandro,Tiemann,9999-01-01,Senior Engineer
70809,Premal,Welham,9999-01-01,Senior Engineer
70810,Vishwani,Brodal,9999-01-01,Staff
70824,Kauko,Mawatari,9999-01-01,Staff
70830,Jiakeng,Maksimenko,9999-01-01,Senior Staff
70877,Prasadram,Weiland,9999-01-01,Engineer
70887,Tsutomu,Bratten,9999-01-01,Technique Leader
70898,Ranan,Radhakrishnan,9999-01-01,Senior Engineer
70914,Dinah,Antonisse,9999-01-01,Senior Staff
70919,Anwar,Casley,9999-01-01,Assistant Engineer
70956,Almudena,Genther,9999-01-01,Engineer
70964,Berhard,Seghrouchni,9999-01-01,Technique Leader
70970,Yuuichi,Vesna,9999-01-01,Senior Engineer
70982,Rasikan,Kamber,9999-01-01,Engineer
71041,Frazer,Borovoy,9999-01-01,Senior Engineer
71057,Christfried,Orsini,9999-01-01,Staff
71060,Suebskul,Tokunaga,9999-01-01,Staff
71076,Huei,Rosca,9999-01-01,Senior Staff
71099,Adly,Azevdeo,9999-01-01,Engineer
71100,Taisook,Karnin,9999-01-01,Engineer
71102,Indrajit,Juneja,9999-01-01,Staff
71113,Anwar,Atrawala,9999-01-01,Staff
71114,Jagoda,Kakkar,9999-01-01,Senior Engineer
71118,Chirstian,Tasistro,9999-01-01,Senior Staff
71120,Kerryn,Marchegay,9999-01-01,Staff
71121,Aris,Atrawala,9999-01-01,Staff
71127,Annemarie,Belinskaya,9999-01-01,Staff
71128,Selwyn,Dolinsky,9999-01-01,Senior Engineer
71130,Khalid,Jervis,9999-01-01,Senior Engineer
71167,Sham,Gimbel,9999-01-01,Senior Staff
71194,Fox,Lampe,9999-01-01,Senior Engineer
71214,Kiyomitsu,Toyoshima,9999-01-01,Engineer
71220,Nadjib,Peek,9999-01-01,Engineer
71246,Toshimitsu,Paludetto,9999-01-01,Senior Staff
71255,Mrinalini,Halloran,9999-01-01,Senior Engineer
71262,Shigenori,Vecchio,9999-01-01,Staff
71263,Suvo,Farrar,9999-01-01,Staff
71268,Remko,Dalphin,9999-01-01,Staff
71270,Saeko,Crooks,9999-01-01,Senior Staff
71300,Deborah,Beilner,9999-01-01,Staff
71302,Zhenbing,Heiserman,9999-01-01,Senior Engineer
71307,Tadahiro,Bade,9999-01-01,Staff
71320,Xuejia,Caine,9999-01-01,Senior Staff
71323,Shunichi,Brizzi,9999-01-01,Engineer
71341,Seongbin,Tetzlaff,9999-01-01,Assistant Engineer
71351,Otmar,Guerreiro,9999-01-01,Senior Staff
71362,Cathie,Mellouli,9999-01-01,Senior Staff
71365,Remzi,Bratsberg,9999-01-01,Engineer
71375,Masoud,Khamsi,9999-01-01,Senior Staff
71383,Vidya,Ohori,9999-01-01,Staff
71391,Youjian,Morris,9999-01-01,Senior Staff
71398,Sanjeeva,Krohn,9999-01-01,Senior Staff
71399,Kasturi,Rodier,9999-01-01,Engineer
71405,Shuzo,Miake,9999-01-01,Engineer
71416,Jayson,Demir,9999-01-01,Senior Engineer
71420,Oksana,Schnelling,9999-01-01,Engineer
71424,Vishu,Kroha,9999-01-01,Senior Engineer
71451,Munenori,Chelton,9999-01-01,Staff
71458,Kazuhiro,Welham,9999-01-01,Senior Engineer
71463,Ferdinand,Lagarias,9999-01-01,Staff
71471,Bernice,Peak,9999-01-01,Engineer
71472,Bingning,Irland,9999-01-01,Technique Leader
71478,Margo,Schahn,9999-01-01,Senior Staff
71490,Yannis,Vieri,9999-01-01,Senior Staff
71501,Nagui,Yurek,9999-01-01,Senior Engineer
71503,Chinhyun,Plumb,9999-01-01,Senior Staff
71509,Ioana,Feinberg,9999-01-01,Engineer
71522,Randi,Flasterstein,9999-01-01,Engineer
71528,Marjo,Deverell,9999-01-01,Engineer
71535,Cristinel,Falco,9999-01-01,Engineer
71541,Kwangsub,Chartres,9999-01-01,Staff
71545,Denny,Nittel,9999-01-01,Staff
71586,Jianwen,Cannard,9999-01-01,Senior Staff
71588,Junichi,Colorni,9999-01-01,Senior Staff
71590,Irene,Beerel,9999-01-01,Senior Engineer
71592,Kitty,Rusterholz,9999-01-01,Senior Staff
71598,Jianhua,Osgood,9999-01-01,Staff
71603,Susanta,Hanratty,9999-01-01,Senior Staff
71609,Berthier,Manderick,9999-01-01,Senior Staff
71627,Aria,Ranta,9999-01-01,Senior Staff
71644,Bogdan,Azuma,9999-01-01,Senior Staff
71674,Udo,Huxford,9999-01-01,Senior Engineer
71678,Kiyokazu,Schapire,9999-01-01,Senior Engineer
71683,Sastry,Hedayat,9999-01-01,Engineer
71690,Annemarie,Steinauer,9999-01-01,Engineer
71699,Ingemar,Tramer,9999-01-01,Staff
71706,Van,Murtha,9999-01-01,Technique Leader
71715,Eberhardt,Niizuma,9999-01-01,Staff
71722,Marco,Lally,9999-01-01,Senior Engineer
71725,Kannan,Yurek,9999-01-01,Engineer
71729,Jongsuk,Rosch,9999-01-01,Technique Leader
71732,Arra,Highland,9999-01-01,Engineer
71750,Berhard,Eppinger,9999-01-01,Engineer
71754,Leen,Hebden,9999-01-01,Engineer
71758,Munehiko,Frijda,9999-01-01,Senior Engineer
71773,Leen,Ebeling,9999-01-01,Senior Staff
71779,Hironoby,Cooman,9999-01-01,Engineer
71780,DeForest,Honglei,9999-01-01,Engineer
71788,Reinhard,Verspoor,9999-01-01,Staff
71791,Bedrich,Lalonde,9999-01-01,Engineer
71796,Magdalena,Rijckaert,9999-01-01,Staff
71810,Hideo,Ertl,9999-01-01,Senior Staff
71812,Younwoo,Cooman,9999-01-01,Senior Staff
71823,Kasidit,Linnainmaa,9999-01-01,Technique Leader
71826,Chandrasekaran,Brickell,9999-01-01,Senior Staff
71837,Munehiro,Babb,9999-01-01,Senior Engineer
71839,Owen,Hasenauer,9999-01-01,Engineer
71842,Bluma,Cummings,9999-01-01,Staff
71847,Seshu,Kadhim,9999-01-01,Senior Staff
71855,Lein,Luef,9999-01-01,Technique Leader
71864,Martina,Bellone,9999-01-01,Senior Engineer
71869,Elzbieta,Puoti,9999-01-01,Technique Leader
71871,Kien,Molenkamp,9999-01-01,Staff
71889,Tristan,Hennebert,9999-01-01,Engineer
71894,Guther,Munawer,9999-01-01,Senior Engineer
71896,Magdalena,Zobel,9999-01-01,Senior Staff
71901,Josyula,Halloran,9999-01-01,Senior Engineer
71913,Tooru,Feinberg,9999-01-01,Technique Leader
71914,Navid,Uludag,9999-01-01,Senior Engineer
71915,Goh,Jakobus,9999-01-01,Staff
71923,Jayesh,Kavanagh,9999-01-01,Technique Leader
71930,Lech,Etalle,9999-01-01,Senior Staff
71948,Angel,Bonifati,9999-01-01,Engineer
71960,Teunis,Karnin,9999-01-01,Staff
71962,Mohamadou,Thorelli,9999-01-01,Senior Engineer
71979,Sugwoo,Kropp,9999-01-01,Senior Staff
71980,Stamatina,Compeau,9999-01-01,Engineer
71984,Fei,Thiria,9999-01-01,Senior Engineer
71985,Kristina,Emmart,9999-01-01,Senior Engineer
71990,Supot,Thiran,9999-01-01,Senior Staff
71993,Bernd,Caine,9999-01-01,Staff
72003,Kamakshi,Besselaar,9999-01-01,Senior Engineer
72004,Macha,Undy,9999-01-01,Engineer
72008,Soenke,Wrigley,9999-01-01,Engineer
72013,Lene,Beilner,9999-01-01,Staff
72015,Reuven,Trystram,9999-01-01,Staff
72024,Takahiro,Wolniewicz,9999-01-01,Engineer
72026,Wilmer,Pesch,9999-01-01,Engineer
72028,Marsja,Szemeredi,9999-01-01,Engineer
72031,Nagui,Makrucki,9999-01-01,Senior Staff
72071,Bilhanan,Rullman,9999-01-01,Staff
72074,Mahmut,Chinal,9999-01-01,Staff
72077,Reuven,Juneja,9999-01-01,Staff
72078,Olivera,Limongiello,9999-01-01,Engineer
72085,Sverrir,Ishibashi,9999-01-01,Engineer
72087,Teiji,Chartres,9999-01-01,Senior Engineer
72092,Alper,Zaumen,9999-01-01,Engineer
72097,Almudena,Perng,9999-01-01,Senior Staff
72116,Lalit,Quadeer,9999-01-01,Engineer
72137,Dulce,Bodoff,9999-01-01,Senior Engineer
72140,Christ,Cronau,9999-01-01,Engineer
72145,Zdislav,Neimat,9999-01-01,Senior Engineer
72160,Sugwoo,Scharstein,9999-01-01,Staff
72207,Wuxu,Marsiglia,9999-01-01,Senior Staff
72211,Apostol,Murrill,9999-01-01,Senior Engineer
72216,Serif,Rebaine,9999-01-01,Staff
72248,Kamran,Rindone,9999-01-01,Engineer
72262,Shahab,Braunmuhl,9999-01-01,Senior Engineer
72264,Alain,Bale,9999-01-01,Senior Engineer
72281,Sariel,Uhrik,9999-01-01,Senior Engineer
72284,Radhakrishnan,Mondadori,9999-01-01,Staff
72298,Lenore,Glinert,9999-01-01,Engineer
72307,Genta,Asser,9999-01-01,Senior Engineer
72338,Sreekrishna,Gubsky,9999-01-01,Senior Engineer
72343,Make,Bodoff,9999-01-01,Technique Leader
72357,Kristina,Krogh,9999-01-01,Technique Leader
72383,Gianluca,Sidou,9999-01-01,Technique Leader
72387,Taiji,Zeilberger,9999-01-01,Engineer
72389,Xuejun,Piancastelli,9999-01-01,Senior Engineer
72397,Shigeu,Einsfeld,9999-01-01,Engineer
72398,Dines,Gulla,9999-01-01,Senior Staff
72400,Charmane,Merel,9999-01-01,Senior Staff
72434,Snehasis,Lueh,9999-01-01,Assistant Engineer
72448,Lena,Assaf,9999-01-01,Staff
72451,Xiong,Stamatiou,9999-01-01,Senior Engineer
72478,Rosli,Motley,9999-01-01,Senior Staff
72485,Hidefumi,Christianini,9999-01-01,Senior Staff
72486,Irena,Brickell,9999-01-01,Engineer
72497,Kwangjo,McAlpine,9999-01-01,Engineer
72510,Miomir,Tomescu,9999-01-01,Senior Engineer
72513,Juichirou,Talmon,9999-01-01,Engineer
72522,Insup,Katzenelson,9999-01-01,Senior Engineer
72551,Bedir,Impagliazzo,9999-01-01,Senior Engineer
72566,Munehiro,Schaaf,9999-01-01,Senior Engineer
72569,Katsuyuki,Halevi,9999-01-01,Engineer
72571,Yurij,Cools,9999-01-01,Senior Engineer
72574,Saeed,Carrere,9999-01-01,Senior Engineer
72586,Jiong,Usery,9999-01-01,Senior Engineer
72587,Krister,Angel,9999-01-01,Staff
72598,Bogdan,Vural,9999-01-01,Engineer
72617,Naraig,Worfolk,9999-01-01,Senior Staff
72625,Moti,Nyanchama,9999-01-01,Engineer
72627,Apostol,Conry,9999-01-01,Engineer
72634,Xuedong,Thiran,9999-01-01,Senior Staff
72639,Jiang,Angel,9999-01-01,Senior Staff
72646,Elgin,Tchuente,9999-01-01,Assistant Engineer
72661,Dinah,Baja,9999-01-01,Senior Staff
72683,Tristan,Frolund,9999-01-01,Senior Engineer
72686,Radoslaw,Marakhovsky,9999-01-01,Senior Engineer
72723,Arve,Danlos,9999-01-01,Senior Staff
72725,Jayesh,Felder,9999-01-01,Senior Engineer
72739,Constantino,Sinicrope,9999-01-01,Engineer
72740,Heather,Greenaway,9999-01-01,Senior Staff
72741,Ulises,Range,9999-01-01,Staff
72745,Tayeb,Vernadat,9999-01-01,Senior Engineer
72752,Kensyu,Gente,9999-01-01,Senior Engineer
72761,Arto,Schlegelmilch,9999-01-01,Senior Staff
72768,Sajjad,Kolvik,9999-01-01,Engineer
72794,Kazuhisa,Awdeh,9999-01-01,Senior Staff
72797,Dmitry,Luders,9999-01-01,Senior Staff
72799,Akeel,Usdin,9999-01-01,Senior Engineer
72826,Pranas,Kuhnemann,9999-01-01,Engineer
72836,Sadun,Baez,9999-01-01,Staff
72861,Chirstian,Pramanik,9999-01-01,Senior Engineer
72863,Mohd,Kavvadias,9999-01-01,Staff
72864,Moie,McConalogue,9999-01-01,Senior Engineer
72866,Sverrir,Zumaque,9999-01-01,Senior Staff
72885,Yinghua,Coullard,9999-01-01,Technique Leader
72891,Florina,Heusch,9999-01-01,Senior Engineer
72897,Faiza,Leslie,9999-01-01,Engineer
72898,Thanasis,Gurbaxani,9999-01-01,Senior Staff
72907,Alejandra,Weisert,9999-01-01,Staff
72916,Arun,Kitsuregawa,9999-01-01,Staff
72917,Paris,Swan,9999-01-01,Senior Staff
72920,Dekang,Radivojevic,9999-01-01,Senior Staff
72922,Kristian,DasSarma,9999-01-01,Staff
72923,Zhenbing,Decaestecker,9999-01-01,Senior Engineer
72928,Xiahua,Rosay,9999-01-01,Staff
72943,Collette,Angot,9999-01-01,Staff
72959,Rosita,Wynblatt,9999-01-01,Senior Staff
72963,Hugh,Butner,9999-01-01,Assistant Engineer
72967,Menkae,Brobst,9999-01-01,Staff
72969,Xinan,Setia,9999-01-01,Staff
72977,Shahid,Servi,9999-01-01,Staff
72981,Chanjung,Imataki,9999-01-01,Staff
72986,Nikolaos,Worfolk,9999-01-01,Senior Engineer
72996,Petter,Castellani,9999-01-01,Engineer
73004,Mitchel,Ballarin,9999-01-01,Senior Engineer
73005,Sachem,Compeau,9999-01-01,Technique Leader
73011,Zdislav,Kaiserswerth,9999-01-01,Engineer
73017,Adel,Iisaka,9999-01-01,Assistant Engineer
73035,Kensyu,Cummings,9999-01-01,Senior Staff
73036,Syozo,Koyama,9999-01-01,Senior Staff
73063,Nigel,Highland,9999-01-01,Senior Staff
73072,Vitali,Zwicker,9999-01-01,Engineer
73082,Ioana,Sadowski,9999-01-01,Engineer
73090,Yoshinari,Takkinen,9999-01-01,Staff
73099,Percy,Strandh,9999-01-01,Assistant Engineer
73104,Mooi,Bressoud,9999-01-01,Engineer
73109,Divine,Pusterhofer,9999-01-01,Senior Engineer
73110,Gift,Osgood,9999-01-01,Technique Leader
73111,Ottavia,Massonet,9999-01-01,Technique Leader
73119,Miyeon,Kavraki,9999-01-01,Senior Engineer
73137,Manohar,Lortz,9999-01-01,Senior Engineer
73142,Gretta,VanScheik,9999-01-01,Senior Engineer
73143,Sreekrishna,Cincotta,9999-01-01,Engineer
73161,Haldon,Denos,9999-01-01,Engineer
73194,Perry,Castellani,9999-01-01,Senior Staff
73207,Kyoichi,Domenig,9999-01-01,Technique Leader
73208,Yuguang,Menhardt,9999-01-01,Senior Staff
73212,Niclas,Maraist,9999-01-01,Senior Staff
73220,Mokhtar,Serre,9999-01-01,Staff
73222,Kendra,Gurbaxani,9999-01-01,Assistant Engineer
73225,Mana,Swick,9999-01-01,Engineer
73237,Sanjoy,Bonifati,9999-01-01,Staff
73283,Shen,Leaver,9999-01-01,Engineer
73305,Heon,Lambe,9999-01-01,Engineer
73318,Elliott,Highland,9999-01-01,Assistant Engineer
73322,Atreye,Tomescu,9999-01-01,Senior Staff
73336,Zhongwei,Molenkamp,9999-01-01,Senior Staff
73339,Leni,Kamble,9999-01-01,Senior Engineer
73350,Takahira,Daescu,9999-01-01,Senior Engineer
73352,Boutros,Fortenbacher,9999-01-01,Engineer
73355,Kannan,Rotem,9999-01-01,Engineer
73364,Wayne,Gaughan,9999-01-01,Engineer
73375,Aiichiro,Kragelund,9999-01-01,Staff
73387,Noritoshi,Axelband,9999-01-01,Staff
73389,IEEE,Sherertz,9999-01-01,Staff
73390,Ishfaq,Beutelspacher,9999-01-01,Engineer
73395,Jouko,Tsukune,9999-01-01,Engineer
73400,Billur,Heemskerk,9999-01-01,Senior Engineer
73406,Basil,Tomescu,9999-01-01,Senior Engineer
73409,Denis,Biros,9999-01-01,Engineer
73415,Renny,Pillow,9999-01-01,Senior Staff
73425,Parviz,Aumann,9999-01-01,Senior Engineer
73430,Khosrow,Beausoleil,9999-01-01,Senior Engineer
73446,Yuguang,Gronowski,9999-01-01,Senior Staff
73456,Toney,Azadmanesh,9999-01-01,Senior Engineer
73462,Sergi,Pelc,9999-01-01,Senior Staff
73465,Susanne,Adachi,9999-01-01,Technique Leader
73466,Tzu,Guerreiro,9999-01-01,Senior Engineer
73497,Sibyl,Huhdanpaa,9999-01-01,Staff
73499,Ult,Ferriere,9999-01-01,Staff
73500,Sahrah,Thambidurai,9999-01-01,Senior Engineer
73515,Khun,Chelton,9999-01-01,Staff
73523,Fei,Parascandalo,9999-01-01,Senior Staff
73532,Becky,dAstous,9999-01-01,Staff
73539,Renee,Serot,9999-01-01,Assistant Engineer
73542,Shigehito,Acton,9999-01-01,Staff
73548,Margareta,Pena,9999-01-01,Staff
73553,Duro,Botman,9999-01-01,Senior Engineer
73559,Masamitsu,Murrill,9999-01-01,Senior Staff
73572,Yuuichi,Schapire,9999-01-01,Technique Leader
73578,Berna,Rohrbach,9999-01-01,Engineer
73595,Nobuyoshi,Vandervoorde,9999-01-01,Senior Staff
73601,Aloke,Vasanthakumar,9999-01-01,Senior Engineer
73612,Toney,Lienhardt,9999-01-01,Staff
73615,Manton,Vecchi,9999-01-01,Engineer
73621,Gadiel,Imataki,9999-01-01,Senior Staff
73628,Lucien,Riefers,9999-01-01,Senior Staff
73635,Roselyn,Desikan,9999-01-01,Staff
73636,Macha,Koblitz,9999-01-01,Engineer
73644,Eberhardt,Backhouse,9999-01-01,Engineer
73655,Aram,Garrabrants,9999-01-01,Technique Leader
73673,Chenxi,Yurov,9999-01-01,Senior Engineer
73674,Yifei,Jahnichen,9999-01-01,Staff
73687,Zito,Bakhtari,9999-01-01,Senior Staff
73689,Mansur,Goldhammer,9999-01-01,Senior Staff
73726,Elvia,Mawatari,9999-01-01,Staff
73733,Takanari,Kusakari,9999-01-01,Senior Staff
73734,Zhongwei,Rodite,9999-01-01,Staff
73739,Marin,Krohm,9999-01-01,Senior Staff
73744,Basil,Baalen,9999-01-01,Staff
73756,Moni,Strooper,9999-01-01,Engineer
73758,Serenella,Sevcikova,9999-01-01,Engineer
73761,Mark,Birge,9999-01-01,Senior Staff
73762,Leaf,Tchuente,9999-01-01,Senior Engineer
73765,Richara,Gimbel,9999-01-01,Engineer
73777,Carrsten,DeMori,9999-01-01,Engineer
73782,Janche,Prochazka,9999-01-01,Technique Leader
73790,Kazunori,Pepe,9999-01-01,Technique Leader
73808,Urs,Skafidas,9999-01-01,Engineer
73811,Valeri,Trogemann,9999-01-01,Senior Engineer
73812,Shugo,Koblitz,9999-01-01,Senior Staff
73817,Nikolaos,Veccia,9999-01-01,Senior Staff
73823,Shaibal,Michaels,9999-01-01,Staff
73835,Leif,Krupka,9999-01-01,Engineer
73841,Xiaocheng,Beznosov,9999-01-01,Senior Staff
73842,Seongbin,Esteva,9999-01-01,Senior Staff
73855,Greger,Blokdijk,9999-01-01,Staff
73868,Moon,Goodrum,9999-01-01,Engineer
73880,Katsuyuki,Gente,9999-01-01,Senior Engineer
73883,Lihong,Comellas,9999-01-01,Senior Staff
73885,Gianluca,Farrow,9999-01-01,Engineer
73891,Rasikan,Rebaine,9999-01-01,Staff
73901,Arif,Ernst,9999-01-01,Engineer
73911,Ziya,Syrotiuk,9999-01-01,Senior Staff
73914,Atreyi,Smailagic,9999-01-01,Senior Engineer
73921,Maja,Rijsenbrij,9999-01-01,Engineer
73937,Kagan,Moehrke,9999-01-01,Senior Staff
73952,Georgy,Matzov,9999-01-01,Senior Engineer
73965,Tonia,Verhaegen,9999-01-01,Engineer
73969,Yongdong,Prampolini,9999-01-01,Engineer
73972,Makato,Biron,9999-01-01,Staff
73984,Ioana,Peltason,9999-01-01,Senior Engineer
73996,Sachar,Yamaashi,9999-01-01,Engineer
74014,Hilary,Benaini,9999-01-01,Engineer
74015,Parke,Lubachevsky,9999-01-01,Staff
74021,Qiwen,Baba,9999-01-01,Engineer
74024,Dinkar,Cools,9999-01-01,Senior Engineer
74025,Paloma,Figueira,9999-01-01,Senior Engineer
74027,Goo,Openshaw,9999-01-01,Senior Engineer
74042,Rosine,Kaiserswerth,9999-01-01,Engineer
74046,Jungsoon,Birta,9999-01-01,Senior Engineer
74048,Krister,Mandell,9999-01-01,Assistant Engineer
74050,Greger,Staylopatis,9999-01-01,Engineer
74056,Fumitake,Ishibashi,9999-01-01,Engineer
74069,Bluma,Schusler,9999-01-01,Senior Staff
74084,Hatem,Vasanthakumar,9999-01-01,Staff
74101,Debaprosad,Porenta,9999-01-01,Technique Leader
74106,Sailaja,Uchoa,9999-01-01,Senior Staff
74116,Adit,Couchot,9999-01-01,Engineer
74122,Sushant,Cappello,9999-01-01,Senior Staff
74126,Dulce,Bala,9999-01-01,Engineer
74151,Munehiro,Bahl,9999-01-01,Senior Staff
74156,Bodo,Lovengreen,9999-01-01,Senior Staff
74164,Yakichi,Ambroszkiewicz,9999-01-01,Senior Engineer
74166,Shawna,Beidas,9999-01-01,Senior Staff
74169,Eldridge,Baek,9999-01-01,Senior Engineer
74176,Mariangiola,Conte,9999-01-01,Engineer
74177,Charmane,Azumi,9999-01-01,Senior Staff
74182,Takushi,Stasinski,9999-01-01,Staff
74184,Demin,Crelier,9999-01-01,Senior Engineer
74186,Nectarios,Landherr,9999-01-01,Staff
74188,Kersti,Cronau,9999-01-01,Senior Engineer
74202,Aamer,Schneeberger,9999-01-01,Engineer
74233,Zvonko,Spell,9999-01-01,Engineer
74246,Tomofumi,Erdi,9999-01-01,Senior Staff
74258,Apostol,Hemaspaandra,9999-01-01,Senior Staff
74271,Guther,Coombs,9999-01-01,Staff
74273,Rosita,Gladwell,9999-01-01,Senior Engineer
74286,Ramya,Bugaenko,9999-01-01,Senior Engineer
74301,Leaf,Sethi,9999-01-01,Senior Engineer
74315,Kristinn,Henseler,9999-01-01,Engineer
74316,Eran,Desikan,9999-01-01,Staff
74323,Katsuo,Yetto,9999-01-01,Senior Engineer
74327,Aloke,Rahier,9999-01-01,Staff
74332,Brigham,Impagliazzo,9999-01-01,Engineer
74342,Jamaludin,Fiutem,9999-01-01,Staff
74353,Shan,Rajala,9999-01-01,Engineer
74354,Aron,Lorys,9999-01-01,Staff
74358,Mohammad,Lanteri,9999-01-01,Senior Staff
74388,Mokhtar,Miyakawa,9999-01-01,Engineer
74406,Jaber,Tzvieli,9999-01-01,Engineer
74408,Padma,Rodite,9999-01-01,Engineer
74413,Juichirou,Nitta,9999-01-01,Engineer
74420,Horward,Marsiglia,9999-01-01,Staff
74425,Shakhar,Pero,9999-01-01,Technique Leader
74447,Atilio,Hebert,9999-01-01,Senior Staff
74450,Ortrun,Radivojevic,9999-01-01,Engineer
74458,Gennady,Guenter,9999-01-01,Engineer
74481,Theirry,Restivo,9999-01-01,Engineer
74493,Susanne,Chelton,9999-01-01,Assistant Engineer
74494,Jongsuk,Czap,9999-01-01,Senior Engineer
74502,Bedrich,Delaune,9999-01-01,Senior Staff
74506,Becky,Picaronny,9999-01-01,Staff
74514,Rosalyn,Benzmuller,9999-01-01,Engineer
74537,Sanjay,Samarati,9999-01-01,Senior Staff
74542,Adin,Naumovich,9999-01-01,Staff
74571,Atilio,Viele,9999-01-01,Engineer
74573,Torsten,DeMori,9999-01-01,Senior Engineer
74576,Sanjiv,Mundy,9999-01-01,Senior Engineer
74585,Youssef,Maliniak,9999-01-01,Engineer
74605,Kayoko,Berstel,9999-01-01,Engineer
74609,Divier,Conta,9999-01-01,Engineer
74618,Sanjiv,Zyda,9999-01-01,Engineer
74634,Gad,Strandh,9999-01-01,Staff
74639,Heeju,Cooley,9999-01-01,Technique Leader
74642,Billur,Range,9999-01-01,Engineer
74656,Mayuri,Radivojevic,9999-01-01,Senior Engineer
74672,Vishu,Genther,9999-01-01,Senior Engineer
74681,Marjo,Passafiume,9999-01-01,Senior Engineer
74683,Takanari,Clouatre,9999-01-01,Senior Staff
74684,Oguz,Bernatsky,9999-01-01,Senior Staff
74690,Kristin,Streit,9999-01-01,Senior Engineer
74695,Bluma,Yamaashi,9999-01-01,Engineer
74699,Moon,Rotem,9999-01-01,Engineer
74706,Fen,Tibblin,9999-01-01,Engineer
74723,Sibyl,Chiodo,9999-01-01,Engineer
74733,Val,Sabnani,9999-01-01,Senior Staff
74742,Troy,Gurbaxani,9999-01-01,Senior Engineer
74766,Mats,Nitta,9999-01-01,Technique Leader
74772,Anoosh,Esteva,9999-01-01,Staff
74779,Beshir,Thibadeau,9999-01-01,Staff
74783,Eckart,Schaaf,9999-01-01,Engineer
74802,Mingzeng,Demizu,9999-01-01,Technique Leader
74811,Khatoun,Pardalos,9999-01-01,Senior Engineer
74817,Quingbo,Ranai,9999-01-01,Senior Staff
74837,Vitaly,Gunderson,9999-01-01,Staff
74851,Takanari,Ratzlaff,9999-01-01,Staff
74868,Shuji,Parfitt,9999-01-01,Staff
74878,Mark,Leaver,9999-01-01,Senior Engineer
74883,Yonghoan,Hofman,9999-01-01,Engineer
74888,Falguni,Jansen,9999-01-01,Senior Engineer
74897,Ayonca,Danlos,9999-01-01,Staff
74903,Xinan,Farris,9999-01-01,Staff
74907,Golgen,Murtha,9999-01-01,Senior Engineer
74914,Xiaopeng,Melter,9999-01-01,Senior Engineer
74921,Holgard,Rehfuss,9999-01-01,Senior Engineer
74922,Etsuo,Milicic,9999-01-01,Assistant Engineer
74923,Geoffry,Pepe,9999-01-01,Engineer
74935,Manohar,Vendrig,9999-01-01,Engineer
74938,Mohit,Felcyn,9999-01-01,Senior Engineer
74939,Rimli,Valiente,9999-01-01,Senior Engineer
74950,Weidon,Trelles,9999-01-01,Technique Leader
74958,Mantis,Rissland,9999-01-01,Staff
74965,Owen,Babu,9999-01-01,Senior Staff
74984,Udi,Thorensen,9999-01-01,Staff
75007,Yunming,Bharadwaj,9999-01-01,Senior Engineer
75020,Lidong,Cannard,9999-01-01,Senior Staff
75042,Rance,Negoita,9999-01-01,Staff
75051,Roddy,Mansanne,9999-01-01,Staff
75052,Angus,Kroha,9999-01-01,Senior Staff
75061,Jeanne,Benner,9999-01-01,Senior Staff
75064,Insup,Kalorkoti,9999-01-01,Senior Staff
75065,Chenyi,Sinitsyn,9999-01-01,Staff
75066,Aiman,Mungall,9999-01-01,Senior Staff
75068,Vasilii,Rando,9999-01-01,Senior Staff
75074,Koldo,Gyimothy,9999-01-01,Senior Engineer
75076,Licheng,Ratnakar,9999-01-01,Staff
75081,Vesna,Gien,9999-01-01,Staff
75086,Sorina,Passino,9999-01-01,Engineer
75096,Faiza,Himler,9999-01-01,Senior Staff
75114,Lillian,Ladret,9999-01-01,Staff
75126,Arif,Schaar,9999-01-01,Senior Engineer
75129,Kayoko,Potthoff,9999-01-01,Senior Staff
75133,Tayeb,Spataro,9999-01-01,Senior Staff
75134,Rimli,Cullers,9999-01-01,Senior Staff
75142,Uwe,Speckmann,9999-01-01,Staff
75151,Weicheng,Gecsei,9999-01-01,Staff
75166,Aamod,Snyers,9999-01-01,Engineer
75172,Xianlong,Kohling,9999-01-01,Senior Engineer
75186,Filipp,Miyakawa,9999-01-01,Senior Staff
75192,Zejun,Speer,9999-01-01,Senior Engineer
75196,Marla,Kenevan,9999-01-01,Senior Staff
75201,Boguslaw,Basagni,9999-01-01,Senior Staff
75218,Jaroslava,Fujisawa,9999-01-01,Engineer
75221,Bilhanan,Pelc,9999-01-01,Senior Staff
75226,Nechama,Couchot,9999-01-01,Senior Engineer
75228,Sadok,Bierman,9999-01-01,Senior Engineer
75236,Supot,Lorin,9999-01-01,Engineer
75249,Parto,Junet,9999-01-01,Senior Staff
75253,Kwee,Schaar,9999-01-01,Engineer
75272,Hidekazu,Imataki,9999-01-01,Senior Engineer
75277,Arne,Demri,9999-01-01,Staff
75285,Shahid,Ranft,9999-01-01,Senior Engineer
75290,Maren,Kobara,9999-01-01,Staff
75292,Lucien,Cairo,9999-01-01,Senior Staff
75308,Selwyn,Gire,9999-01-01,Staff
75309,Shih,Weisert,9999-01-01,Senior Staff
75314,Valter,Ranst,9999-01-01,Senior Staff
75335,Supot,Versino,9999-01-01,Staff
75347,Aemilian,Simmen,9999-01-01,Engineer
75370,Kwee,Alameldin,9999-01-01,Senior Staff
75379,Geraldo,Desikan,9999-01-01,Technique Leader
75388,Angus,Cangellaris,9999-01-01,Staff
75390,Ulf,Gewali,9999-01-01,Staff
75406,Paraskevi,Luca,9999-01-01,Staff
75416,Chanjung,Pell,9999-01-01,Senior Engineer
75417,Arif,Sanella,9999-01-01,Engineer
75418,Kristine,Kroll,9999-01-01,Senior Engineer
75435,Maria,Veccia,9999-01-01,Technique Leader
75456,Lalit,Edelhoff,9999-01-01,Technique Leader
75471,Karoline,Simmen,9999-01-01,Staff
75477,Dekang,Tsukuda,9999-01-01,Senior Engineer
75505,Jacopo,Isaac,9999-01-01,Senior Staff
75506,Lokesh,Nastansky,9999-01-01,Senior Engineer
75511,Jianhua,Luby,9999-01-01,Engineer
75514,Jaihie,Ozeri,9999-01-01,Senior Engineer
75530,Martial,Beutelspacher,9999-01-01,Staff
75533,Tomoyuki,Coorg,9999-01-01,Senior Staff
75538,Alenka,Krohm,9999-01-01,Senior Engineer
75546,Geoffrey,Samarati,9999-01-01,Senior Engineer
75549,King,Schiettecatte,9999-01-01,Staff
75551,Sreekrishna,Schrift,9999-01-01,Technique Leader
75561,Nahum,Jervis,9999-01-01,Technique Leader
75568,Susanta,Meszaros,9999-01-01,Engineer
75574,Utpal,Melton,9999-01-01,Senior Staff
75589,Sudharsan,Ghazalie,9999-01-01,Senior Staff
75640,Bokyung,Pocchiola,9999-01-01,Senior Staff
75643,Chrisa,Oberman,9999-01-01,Engineer
75646,Hideo,Cools,9999-01-01,Engineer
75659,Saniya,Riefers,9999-01-01,Technique Leader
75668,Sarita,Bratsberg,9999-01-01,Senior Staff
75688,Adamantios,Crooks,9999-01-01,Staff
75695,Patricia,Speek,9999-01-01,Engineer
75699,Toshimi,Uhrig,9999-01-01,Senior Staff
75704,Sanjoy,Zweizig,9999-01-01,Senior Engineer
75712,Aleksander,Sooriamurthi,9999-01-01,Senior Engineer
75717,Waiman,Schach,9999-01-01,Engineer
75722,Poorav,Furudate,9999-01-01,Senior Staff
75725,Stella,Rijsenbrij,9999-01-01,Senior Staff
75737,Koldo,Jording,9999-01-01,Senior Staff
75740,Mang,Range,9999-01-01,Senior Engineer
75741,Candido,Birsak,9999-01-01,Senior Staff
75748,Xuejia,Varman,9999-01-01,Senior Staff
75755,Harjit,Mullainathan,9999-01-01,Senior Engineer
75785,Zissis,Irland,9999-01-01,Senior Staff
75805,Berry,Benveniste,9999-01-01,Senior Staff
75832,Guiseppe,Sherertz,9999-01-01,Engineer
75840,Unal,Baar,9999-01-01,Senior Staff
75851,Gor,Leonhardt,9999-01-01,Senior Engineer
75854,Shahab,Grabner,9999-01-01,Engineer
75868,Marko,Sadowski,9999-01-01,Staff
75874,Tsz,Cusworth,9999-01-01,Staff
75885,Tua,Strehl,9999-01-01,Senior Staff
75891,Przemyslawa,Moffat,9999-01-01,Staff
75900,Uri,Deverell,9999-01-01,Staff
75911,Jessie,Lipner,9999-01-01,Engineer
75914,Ortrun,Mersereau,9999-01-01,Senior Staff
75915,Luisa,Maierhofer,9999-01-01,Senior Engineer
75916,Dante,Besselaar,9999-01-01,Engineer
75918,Maik,Rodiger,9999-01-01,Engineer
75923,Paddy,Krichel,9999-01-01,Senior Engineer
75927,Mooi,Debuse,9999-01-01,Technique Leader
75938,Naraig,McFarlan,9999-01-01,Technique Leader
75944,Deborah,Rohrbach,9999-01-01,Engineer
75952,Luerbio,Toyoshima,9999-01-01,Engineer
75956,Zine,Gaughan,9999-01-01,Senior Engineer
75965,Geraldo,Babu,9999-01-01,Senior Staff
75971,Honesty,Kisuki,9999-01-01,Engineer
75983,Martins,Kermarrec,9999-01-01,Staff
75990,Irene,Montemayor,9999-01-01,Senior Staff
75994,Muzhong,Michaeli,9999-01-01,Senior Staff
75996,Eberhardt,Langford,9999-01-01,Engineer
76006,Filipp,Vakili,9999-01-01,Senior Engineer
76012,Barton,Hofting,9999-01-01,Engineer
76018,Leon,Honglei,9999-01-01,Senior Staff
76022,Xuejia,Hanabata,9999-01-01,Engineer
76030,TRUE,Jakobus,9999-01-01,Senior Staff
76050,Perry,Pramanik,9999-01-01,Senior Engineer
76077,Yunming,McAlpine,9999-01-01,Senior Staff
76078,Hausi,Poehlman,9999-01-01,Senior Staff
76085,Christfried,Bratsberg,9999-01-01,Technique Leader
76092,Manohar,Sevcikova,9999-01-01,Staff
76104,TRUE,Garrabrants,9999-01-01,Staff
76121,Ioana,Vakili,9999-01-01,Senior Engineer
76136,Sakthirel,Rando,9999-01-01,Staff
76137,Utz,Llado,9999-01-01,Senior Staff
76139,Mark,Speer,9999-01-01,Staff
76142,Nikolaos,Ambroszkiewicz,9999-01-01,Senior Staff
76143,Perla,Cappelletti,9999-01-01,Staff
76144,Khue,Clemencon,9999-01-01,Technique Leader
76145,Mitsuyuki,Byoun,9999-01-01,Technique Leader
76151,Manton,Marakhovsky,9999-01-01,Engineer
76159,Almudena,Molenaar,9999-01-01,Engineer
76177,Kerryn,Sommen,9999-01-01,Technique Leader
76198,Toshiki,Waeselynck,9999-01-01,Senior Engineer
76211,Kenton,Hashii,9999-01-01,Senior Staff
76225,Dinkar,Zumaque,9999-01-01,Staff
76234,Takahito,Lovengreen,9999-01-01,Engineer
76239,Nectarios,Baca,9999-01-01,Assistant Engineer
76250,Fumiyo,Linnainmaa,9999-01-01,Assistant Engineer
76252,Marco,Khamsi,9999-01-01,Senior Staff
76265,Doowon,Stavenow,9999-01-01,Engineer
76277,Yuqun,Schieder,9999-01-01,Senior Staff
76278,Oldrich,Heiserman,9999-01-01,Senior Engineer
76293,Nagui,Reinhart,9999-01-01,Senior Engineer
76300,Ranga,Luan,9999-01-01,Staff
76322,Sanjoy,Pepe,9999-01-01,Senior Staff
76325,Rosalie,Maierhofer,9999-01-01,Staff
76331,Jaroslava,Delgrange,9999-01-01,Staff
76339,Aloys,Ohori,9999-01-01,Assistant Engineer
76358,Jordanka,Chinal,9999-01-01,Senior Engineer
76373,Duangkaew,Tsunoo,9999-01-01,Staff
76374,Giao,Brookman,9999-01-01,Engineer
76396,Khun,Kakkad,9999-01-01,Senior Staff
76398,Younwoo,Heijenga,9999-01-01,Senior Staff
76408,JiYoung,Ananiadou,9999-01-01,Engineer
76425,Kshitij,Hockney,9999-01-01,Engineer
76427,Dhritiman,Conte,9999-01-01,Senior Staff
76443,Ute,Arlazarov,9999-01-01,Staff
76444,Geoff,Validov,9999-01-01,Senior Engineer
76455,Jolita,Redmiles,9999-01-01,Staff
76477,Fumitake,Callaway,9999-01-01,Engineer
76484,Leucio,Raoux,9999-01-01,Senior Staff
76488,Baruch,Sridhar,9999-01-01,Technique Leader
76493,Mansur,Oxman,9999-01-01,Senior Staff
76516,Arnd,Kroll,9999-01-01,Senior Staff
76521,Uinam,Fritzsche,9999-01-01,Engineer
76530,Honesty,Benner,9999-01-01,Engineer
76536,Mikhail,Daescu,9999-01-01,Senior Engineer
76539,Cordelia,Monarch,9999-01-01,Engineer
76541,Nigel,Bharadwaj,9999-01-01,Senior Staff
76543,Reinhold,Miculan,9999-01-01,Senior Staff
76549,Goetz,Narwekar,9999-01-01,Senior Staff
76562,Renee,Basart,9999-01-01,Senior Staff
76586,Karlis,Schurmann,9999-01-01,Senior Engineer
76590,Mats,Bazelow,9999-01-01,Senior Staff
76605,Randy,Slobodova,9999-01-01,Senior Staff
76642,Hein,Goldhammer,9999-01-01,Engineer
76644,Huei,Junet,9999-01-01,Engineer
76667,Luisa,Puppe,9999-01-01,Senior Staff
76672,Remko,Peris,9999-01-01,Engineer
76673,Cathie,Rando,9999-01-01,Engineer
76680,Uriel,Collette,9999-01-01,Senior Staff
76687,Heeju,Siochi,9999-01-01,Senior Engineer
76689,Mansur,Steinauer,9999-01-01,Senior Engineer
76690,Shaowen,Danley,9999-01-01,Senior Engineer
76696,Saniya,Steenbeek,9999-01-01,Staff
76703,Hairong,Huttel,9999-01-01,Senior Engineer
76704,Valery,Shackel,9999-01-01,Senior Engineer
76709,Berto,Georg,9999-01-01,Engineer
76724,Gino,Lueh,9999-01-01,Senior Staff
76727,Valeri,Dusink,9999-01-01,Engineer
76743,Mechthild,Simmel,9999-01-01,Senior Staff
76749,Luise,Raoux,9999-01-01,Staff
76750,Tomoyuki,Eastman,9999-01-01,Technique Leader
76754,Sanjay,Roison,9999-01-01,Engineer
76759,Zvonko,Hammerschmidt,9999-01-01,Staff
76760,Adib,Bale,9999-01-01,Assistant Engineer
76761,Raimond,Aloia,9999-01-01,Staff
76764,Shuzo,Gien,9999-01-01,Engineer
76766,Sariel,Maierhofer,9999-01-01,Senior Staff
76772,Gao,Garigliano,9999-01-01,Senior Engineer
76775,Arfst,Pietrzykowski,9999-01-01,Senior Engineer
76786,Tomofumi,Karlin,9999-01-01,Senior Engineer
76809,Sariel,Zhiwei,9999-01-01,Senior Engineer
76811,Ronnie,Kushner,9999-01-01,Staff
76813,Tua,Pietrzykowski,9999-01-01,Engineer
76816,Aamod,Terlouw,9999-01-01,Engineer
76822,Rafail,Gniady,9999-01-01,Senior Engineer
76825,Sasan,Zaumen,9999-01-01,Engineer
76843,Dmitri,Bhattacharjee,9999-01-01,Senior Engineer
76853,Sanjit,Puppo,9999-01-01,Senior Engineer
76878,Abdelwaheb,Turnbull,9999-01-01,Staff
76886,Shaw,Makrucki,9999-01-01,Senior Engineer
76895,Souichi,Meriste,9999-01-01,Senior Engineer
76897,Achilleas,Bamford,9999-01-01,Engineer
76899,Hongzhu,Comte,9999-01-01,Senior Engineer
76905,Honesty,Rajcani,9999-01-01,Staff
76909,Samphel,Luft,9999-01-01,Engineer
76916,Yonghong,Morton,9999-01-01,Engineer
76923,Shigehito,Blokdijk,9999-01-01,Senior Engineer
76957,Saniya,Rosca,9999-01-01,Technique Leader
76961,Luisa,Nishimukai,9999-01-01,Senior Engineer
76977,Sigeru,Stroustrup,9999-01-01,Senior Staff
76979,Claude,Fiutem,9999-01-01,Staff
76985,Amalendu,Fontan,9999-01-01,Senior Engineer
77002,Aran,Ratnakar,9999-01-01,Senior Engineer
77005,Hercules,Rosin,9999-01-01,Staff
77014,Barry,Redmiles,9999-01-01,Technique Leader
77039,Susanta,Walston,9999-01-01,Engineer
77043,Shaibal,Argence,9999-01-01,Senior Staff
77052,Pohua,Hagimont,9999-01-01,Engineer
77059,Garnik,Slobodova,9999-01-01,Senior Staff
77060,Menkae,Kleiser,9999-01-01,Engineer
77067,Cheong,Tokunaga,9999-01-01,Senior Engineer
77068,Leucio,Rattan,9999-01-01,Senior Engineer
77081,Rance,Fritzsche,9999-01-01,Senior Staff
77089,Renee,Wrigley,9999-01-01,Senior Engineer
77100,Mihalis,Baaleh,9999-01-01,Senior Engineer
77138,Haldun,Karner,9999-01-01,Staff
77144,Gill,Milicia,9999-01-01,Senior Staff
77147,Elrique,Baez,9999-01-01,Engineer
77159,Naftaly,Awdeh,9999-01-01,Senior Staff
77173,Sachem,Merey,9999-01-01,Senior Staff
77179,Gonzalo,Garigliano,9999-01-01,Staff
77181,Aiman,Irland,9999-01-01,Senior Engineer
77184,Vatsa,Kusakari,9999-01-01,Senior Engineer
77186,Irene,Crooks,9999-01-01,Staff
77193,Keiichiro,Benzmuller,9999-01-01,Engineer
77195,Owen,Birrer,9999-01-01,Staff
77196,Lillian,Benner,9999-01-01,Staff
77201,Kiyotoshi,Butner,9999-01-01,Staff
77205,Toshiki,Nivat,9999-01-01,Senior Staff
77208,Bartek,Malabarba,9999-01-01,Technique Leader
77211,Kasturi,Msuda,9999-01-01,Senior Staff
77212,Shaowen,Einsfeld,9999-01-01,Technique Leader
77218,Zhilian,Hettesheimer,9999-01-01,Engineer
77225,Tomokazu,Cannard,9999-01-01,Senior Engineer
77231,Yuqun,Luft,9999-01-01,Senior Engineer
77232,Kinh,Krogh,9999-01-01,Staff
77234,Kazuhisa,Krohm,9999-01-01,Senior Engineer
77241,Uri,Sommen,9999-01-01,Engineer
77244,Garnet,Docker,9999-01-01,Staff
77263,Arto,Keustermans,9999-01-01,Senior Staff
77279,Xuejun,Burnard,9999-01-01,Staff
77292,Berhard,Roccetti,9999-01-01,Engineer
77295,Weijing,Taubman,9999-01-01,Staff
77297,Wanqing,Zumaque,9999-01-01,Staff
77302,Lihong,Reinhart,9999-01-01,Senior Engineer
77314,Augustine,Fabrizio,9999-01-01,Senior Engineer
77316,Peternela,Milicic,9999-01-01,Senior Engineer
77324,Gila,Isaac,9999-01-01,Senior Staff
77325,Feiyu,Brickell,9999-01-01,Senior Staff
77331,Jolita,Restivo,9999-01-01,Senior Staff
77334,Jaber,Hegner,9999-01-01,Engineer
77344,Gian,Lorch,9999-01-01,Technique Leader
77346,Shir,Walston,9999-01-01,Senior Staff
77349,Goncalo,Butterworth,9999-01-01,Staff
77359,Anneke,Dengi,9999-01-01,Staff
77365,Elvia,Haddadi,9999-01-01,Senior Staff
77374,Laurentiu,Greibach,9999-01-01,Engineer
77378,Zissis,Crelier,9999-01-01,Senior Engineer
77386,Bowen,McFarlan,9999-01-01,Senior Staff
77390,Gully,Larfeldt,9999-01-01,Senior Staff
77391,JiYoung,Polupanov,9999-01-01,Technique Leader
77394,Mary,Wielonsky,9999-01-01,Senior Engineer
77406,Surveyors,Choobineh,9999-01-01,Senior Engineer
77414,Kwun,Lienhardt,9999-01-01,Senior Engineer
77420,Jiakeng,Masand,9999-01-01,Engineer
77438,Dekang,Engberts,9999-01-01,Engineer
77441,Sachio,Luca,9999-01-01,Engineer
77455,Atilio,Coullard,9999-01-01,Senior Engineer
77458,Subhankar,Cannard,9999-01-01,Engineer
77460,Kiam,Usdin,9999-01-01,Engineer
77466,Takahiro,Matzel,9999-01-01,Senior Engineer
77469,Constantino,Lanzelotte,9999-01-01,Senior Staff
77475,Chinho,Ouhyoung,9999-01-01,Senior Engineer
77481,Kitty,Picel,9999-01-01,Senior Staff
77500,Takahira,Iwayama,9999-01-01,Senior Staff
77531,Padma,Czaja,9999-01-01,Assistant Engineer
77535,Yonghong,Codenie,9999-01-01,Staff
77538,Masadi,Remmers,9999-01-01,Engineer
77540,Tse,Werthner,9999-01-01,Senior Engineer
77541,Hideo,Furudate,9999-01-01,Engineer
77545,Gopalakrishnan,Paciorek,9999-01-01,Engineer
77551,Lansing,Ossenbruggen,9999-01-01,Senior Staff
77554,Troy,Iisaka,9999-01-01,Senior Engineer
77558,Ranga,Welham,9999-01-01,Senior Engineer
77562,Gianluca,Openshaw,9999-01-01,Senior Engineer
77568,Erzsebet,Peck,9999-01-01,Staff
77571,Odoardo,Coorg,9999-01-01,Senior Staff
77573,Gro,Barriga,9999-01-01,Staff
77599,Gudjon,Rosca,9999-01-01,Senior Staff
77601,Frederique,Toyoshima,9999-01-01,Senior Staff
77610,Sanjeeva,Kadhim,9999-01-01,Senior Engineer
77613,Stabislas,Frijda,9999-01-01,Staff
77615,Jianwen,Krupka,9999-01-01,Staff
77641,Berni,Nishimukai,9999-01-01,Senior Staff
77644,Ziva,Swen,9999-01-01,Senior Engineer
77653,Geraldo,Chartres,9999-01-01,Engineer
77659,Owen,Sridhar,9999-01-01,Senior Staff
77663,Taiji,Lamma,9999-01-01,Engineer
77665,Paddy,Fargier,9999-01-01,Engineer
77675,Mohua,Domenig,9999-01-01,Senior Staff
77689,Abdelkader,Swan,9999-01-01,Senior Staff
77691,Christoper,Showalter,9999-01-01,Staff
77702,Barna,Jiang,9999-01-01,Staff
77712,Hercules,Casley,9999-01-01,Senior Staff
77722,Bodo,Denti,9999-01-01,Senior Staff
77741,Claude,Felcyn,9999-01-01,Senior Staff
77743,Fen,Pollacia,9999-01-01,Senior Staff
77746,Yuqun,Lanzelotte,9999-01-01,Senior Staff
77749,Mayumi,Bharadwaj,9999-01-01,Engineer
77763,Mahmut,Mitchem,9999-01-01,Senior Staff
77768,Tokuyasu,Picel,9999-01-01,Engineer
77770,Gen,Przulj,9999-01-01,Senior Engineer
77803,Armond,Schwartzburd,9999-01-01,Senior Staff
77814,Ferdinand,Otillio,9999-01-01,Senior Engineer
77829,Flemming,Parfitt,9999-01-01,Staff
77838,Shuzo,Piazza,9999-01-01,Senior Engineer
77847,Aron,Haumacher,9999-01-01,Senior Engineer
77852,Niranjan,Parascandalo,9999-01-01,Staff
77856,Basil,Crelier,9999-01-01,Staff
77869,Masamitsu,Swick,9999-01-01,Engineer
77884,Danel,Pollacia,9999-01-01,Senior Engineer
77893,Kien,Wegerle,9999-01-01,Senior Engineer
77898,Yuchang,Christianini,9999-01-01,Engineer
77908,Frederique,Shimshoni,9999-01-01,Engineer
77915,Shimshon,Schnelling,9999-01-01,Staff
77923,Kasidit,Schrooten,9999-01-01,Senior Staff
77926,Herbert,Thibadeau,9999-01-01,Engineer
77936,Horward,Azevdeo,9999-01-01,Engineer
77948,Demin,Merks,9999-01-01,Staff
77949,Koichi,Dusink,9999-01-01,Engineer
77956,Mona,Binding,9999-01-01,Senior Staff
77974,Fei,Shihab,9999-01-01,Engineer
77975,Chikako,Christ,9999-01-01,Senior Staff
77980,Yongmin,Sidje,9999-01-01,Senior Staff
77988,Tze,Gyimothy,9999-01-01,Senior Engineer
78006,Palash,Rosca,9999-01-01,Technique Leader
78014,Gay,Ressouche,9999-01-01,Senior Engineer
78038,Dmitry,Sooriamurthi,9999-01-01,Senior Staff
78039,Genki,Heemskerk,9999-01-01,Senior Staff
78043,Constantijn,Ozeri,9999-01-01,Engineer
78048,Jaewoo,Jumpertz,9999-01-01,Senior Staff
78082,Dung,Fontan,9999-01-01,Senior Engineer
78085,Bingning,Gargeya,9999-01-01,Senior Engineer
78102,Kristinn,Welham,9999-01-01,Staff
78111,Teunis,Ushiama,9999-01-01,Senior Staff
78116,Tokuyasu,Beerel,9999-01-01,Senior Staff
78152,Zhongwei,Spelt,9999-01-01,Senior Staff
78153,Kwan,Akiyama,9999-01-01,Engineer
78155,Hironoby,Alvarado,9999-01-01,Engineer
78168,Yinlin,Kushnir,9999-01-01,Senior Engineer
78181,Ramya,Papastamatiou,9999-01-01,Engineer
78185,Mamdouh,Klassen,9999-01-01,Engineer
78195,Suvo,Hofting,9999-01-01,Engineer
78212,Zito,Ligten,9999-01-01,Senior Engineer
78225,Mircea,Ishibashi,9999-01-01,Engineer
78226,Yannis,Potthoff,9999-01-01,Engineer
78229,Tonia,Kalafatis,9999-01-01,Senior Engineer
78245,Kankanahalli,Bashian,9999-01-01,Engineer
78251,Subbu,Conti,9999-01-01,Staff
78252,Shahaf,Rosti,9999-01-01,Senior Staff
78253,Jacopo,Erie,9999-01-01,Senior Engineer
78271,Gennady,Dayang,9999-01-01,Engineer
78273,Mona,Verhoeff,9999-01-01,Staff
78310,Aria,Chaudhury,9999-01-01,Senior Engineer
78313,Branimir,Stassinopoulos,9999-01-01,Senior Staff
78321,Van,Monkewich,9999-01-01,Senior Engineer
78327,Tetsushi,Stranks,9999-01-01,Senior Staff
78328,Berto,Gruenwald,9999-01-01,Engineer
78331,Guozhong,Erol,9999-01-01,Senior Staff
78332,Sachio,Beausoleil,9999-01-01,Senior Engineer
78348,Guoxiang,Serov,9999-01-01,Senior Engineer
78350,Eric,Kobara,9999-01-01,Staff
78373,Aimee,Schlumberger,9999-01-01,Engineer
78385,Syozo,Hasenauer,9999-01-01,Engineer
78387,Chaosheng,Lunt,9999-01-01,Senior Staff
78397,Sham,Kulisch,9999-01-01,Engineer
78402,Seongbin,Heering,9999-01-01,Engineer
78403,Heping,Muntz,9999-01-01,Engineer
78410,Sreenivas,Albarhamtoshy,9999-01-01,Senior Engineer
78419,Unal,Azadmanesh,9999-01-01,Senior Engineer
78429,Chinhyun,Andreotta,9999-01-01,Technique Leader
78436,Arne,Schaap,9999-01-01,Engineer
78438,Susanne,Vuskovic,9999-01-01,Senior Staff
78441,Abdulla,Beetstra,9999-01-01,Engineer
78444,Rafols,Peot,9999-01-01,Senior Engineer
78445,Lein,Baar,9999-01-01,Senior Staff
78447,Chiranjit,Bahk,9999-01-01,Staff
78452,Hironoby,Walstra,9999-01-01,Senior Engineer
78454,Masaki,Marciano,9999-01-01,Senior Staff
78460,Guttorm,Swiss,9999-01-01,Engineer
78463,Zita,Kaelbling,9999-01-01,Engineer
78474,Youssef,Belinskaya,9999-01-01,Engineer
78475,Lakshmi,Renear,9999-01-01,Technique Leader
78488,Toshimori,Morton,9999-01-01,Senior Engineer
78493,Kaijung,Basagni,9999-01-01,Technique Leader
78508,Val,Pluym,9999-01-01,Staff
78511,Pramod,Mitina,9999-01-01,Senior Engineer
78515,Otilia,Sury,9999-01-01,Senior Staff
78524,Zhiwei,Bahk,9999-01-01,Senior Staff
78542,Atilio,Matzat,9999-01-01,Senior Engineer
78551,Lobel,Cooman,9999-01-01,Technique Leader
78561,Perry,Birke,9999-01-01,Engineer
78571,Sandeepan,Munch,9999-01-01,Senior Engineer
78573,Berry,Rosiles,9999-01-01,Staff
78583,Rafols,Oskamp,9999-01-01,Engineer
78589,Kazuhisa,Schaft,9999-01-01,Senior Staff
78598,Xiaopeng,Garnier,9999-01-01,Senior Staff
78618,Teiji,Peres,9999-01-01,Assistant Engineer
78622,Rosita,Chepyzhov,9999-01-01,Senior Staff
78629,Geoff,Muniz,9999-01-01,Senior Staff
78649,Gino,Lorys,9999-01-01,Senior Staff
78692,Turgut,Nollmann,9999-01-01,Senior Engineer
78693,Xinan,Luce,9999-01-01,Staff
78697,Troy,Stavenow,9999-01-01,Staff
78710,Theirry,Benantar,9999-01-01,Senior Engineer
78715,Heeju,Ozeri,9999-01-01,Engineer
78738,Masadi,Jervis,9999-01-01,Senior Staff
78745,Subbu,Peris,9999-01-01,Staff
78755,Emran,Christianini,9999-01-01,Staff
78777,Goetz,Henders,9999-01-01,Senior Engineer
78779,Xuejun,Warwick,9999-01-01,Senior Engineer
78784,Udo,Speek,9999-01-01,Senior Engineer
78794,Fun,Rajaraman,9999-01-01,Senior Staff
78802,Vojin,Garigliano,9999-01-01,Senior Staff
78814,Kasidit,Pollock,9999-01-01,Senior Engineer
78819,Vojin,Compeau,9999-01-01,Senior Staff
78836,Tiina,Janocha,9999-01-01,Senior Staff
78841,Aloys,Flasterstein,9999-01-01,Senior Staff
78852,Kazunori,Vuskovic,9999-01-01,Staff
78863,Arie,Chinen,9999-01-01,Staff
78866,Olivera,Rusmann,9999-01-01,Staff
78888,Shimshon,Lung,9999-01-01,Staff
78907,Georgi,Detkin,9999-01-01,Engineer
78908,Arne,Molenaar,9999-01-01,Staff
78932,Yannis,Marquardt,9999-01-01,Senior Staff
78938,Kerhong,Krybus,9999-01-01,Senior Staff
78940,Thodoros,Steenbeek,9999-01-01,Senior Engineer
78979,Gurbir,Wolniewicz,9999-01-01,Engineer
78990,Toshiki,Engelmann,9999-01-01,Senior Engineer
79002,Lena,Pappas,9999-01-01,Engineer
79010,Marsal,Pusterhofer,9999-01-01,Assistant Engineer
79026,Armond,Frijda,9999-01-01,Senior Engineer
79031,Morris,Arlazarov,9999-01-01,Senior Engineer
79037,Ewing,Encarnacion,9999-01-01,Senior Engineer
79041,Pranav,Barvinok,9999-01-01,Staff
79042,Iara,Narwekar,9999-01-01,Senior Engineer
79049,Lijie,Besancenot,9999-01-01,Staff
79057,Chikako,Pelc,9999-01-01,Engineer
79064,Kenroku,Coors,9999-01-01,Engineer
79072,Nevio,Cochrane,9999-01-01,Engineer
79073,Almudena,Bhattacharjee,9999-01-01,Senior Staff
79090,Shigenori,Rajaraman,9999-01-01,Engineer
79100,Kiyotoshi,Schlegelmilch,9999-01-01,Staff
79110,Aiichiro,Vecchi,9999-01-01,Engineer
79114,Jessie,Baranowski,9999-01-01,Engineer
79117,Selwyn,Coors,9999-01-01,Senior Engineer
79119,Navid,Maccarone,9999-01-01,Engineer
79131,Tayeb,Speer,9999-01-01,Engineer
79140,Huiqun,Gyorkos,9999-01-01,Senior Engineer
79145,Oscar,Domenig,9999-01-01,Senior Staff
79158,Georgi,Merro,9999-01-01,Senior Staff
79177,Mooi,Herbst,9999-01-01,Technique Leader
79178,Danae,Worfolk,9999-01-01,Senior Engineer
79183,Mingsen,Lamba,9999-01-01,Senior Staff
79203,Gilbert,Reinhart,9999-01-01,Senior Engineer
79204,Juyoung,Lund,9999-01-01,Senior Staff
79210,Mansur,Antonakopoulos,9999-01-01,Senior Engineer
79218,Rosita,Luce,9999-01-01,Engineer
79219,Yaghout,Irland,9999-01-01,Senior Engineer
79247,Yinlin,Beetstra,9999-01-01,Senior Engineer
79251,Gennady,Taubenfeld,9999-01-01,Staff
79264,Chaosheng,Demizu,9999-01-01,Engineer
79265,Lokesh,Kenevan,9999-01-01,Senior Staff
79267,Chinhyun,Rebaine,9999-01-01,Engineer
79285,Bingning,Lieblein,9999-01-01,Engineer
79290,Mohit,Perelgut,9999-01-01,Assistant Engineer
79320,Hausi,Ramsay,9999-01-01,Engineer
79323,Zhiwei,Feinberg,9999-01-01,Senior Staff
79338,Boaz,Kading,9999-01-01,Engineer
79348,Mari,Gire,9999-01-01,Technique Leader
79367,Shir,Kandlur,9999-01-01,Engineer
79369,Jianwen,Collette,9999-01-01,Staff
79376,Faiza,Kragelund,9999-01-01,Staff
79390,Bernt,Shigei,9999-01-01,Staff
79391,Gritta,Garnham,9999-01-01,Engineer
79401,Zvonko,Bage,9999-01-01,Senior Staff
79409,Kayoko,Pluym,9999-01-01,Senior Engineer
79411,Akemi,Beidas,9999-01-01,Staff
79429,Koldo,Swab,9999-01-01,Engineer
79432,Younwoo,Gerteisen,9999-01-01,Staff
79434,Claudi,Byoun,9999-01-01,Senior Engineer
79442,Yannis,McClurg,9999-01-01,Staff
79446,Filipe,Pettis,9999-01-01,Technique Leader
79449,Tonny,Stavenow,9999-01-01,Engineer
79463,Mizuhito,Hennebert,9999-01-01,Staff
79470,Sadegh,Schmittgen,9999-01-01,Engineer
79473,Denny,Ellozy,9999-01-01,Technique Leader
79477,Teruyuki,Gronowski,9999-01-01,Staff
79486,Mitchel,Garigliano,9999-01-01,Engineer
79488,Yolla,Shumilov,9999-01-01,Senior Engineer
79505,Sariel,Farrel,9999-01-01,Senior Engineer
79509,Vitaly,Akiyama,9999-01-01,Senior Staff
79563,Golgen,Chleq,9999-01-01,Senior Staff
79566,Fumino,Peron,9999-01-01,Staff
79567,Karoline,Willoner,9999-01-01,Senior Engineer
79590,Jiakeng,Ariola,9999-01-01,Senior Staff
79612,Jaewon,Monarch,9999-01-01,Engineer
79644,Radoslaw,Lindenbaum,9999-01-01,Technique Leader
79668,Kyoichi,Eterovic,9999-01-01,Technique Leader
79669,Premsyl,Meszaros,9999-01-01,Assistant Engineer
79681,Demin,Panwar,9999-01-01,Senior Engineer
79684,JiYoung,Janocha,9999-01-01,Senior Staff
79688,Gift,Billingsley,9999-01-01,Engineer
79696,Gopalakrishnan,Vadhan,9999-01-01,Engineer
79703,Remco,Einsfeld,9999-01-01,Engineer
79704,Ipke,Neiman,9999-01-01,Engineer
79708,Yechiam,Baak,9999-01-01,Senior Staff
79735,Hideo,Conti,9999-01-01,Technique Leader
79748,George,Beutelspacher,9999-01-01,Senior Engineer
79750,Jongsuk,Benzmuller,9999-01-01,Senior Staff
79761,Prasadram,Encarnacion,9999-01-01,Senior Engineer
79765,Gonzalo,Danecki,9999-01-01,Staff
79766,Fox,Swiler,9999-01-01,Engineer
79772,Xiaoqiu,Gulik,9999-01-01,Senior Staff
79779,Stella,Orlowska,9999-01-01,Senior Engineer
79783,Thodoros,Szilard,9999-01-01,Engineer
79789,Kotesh,Crelier,9999-01-01,Engineer
79794,Yaghout,Rissland,9999-01-01,Senior Staff
79811,Tze,Krohm,9999-01-01,Senior Staff
79833,Yongdong,Homond,9999-01-01,Engineer
79834,Guiseppe,Wuwongse,9999-01-01,Senior Staff
79839,Khue,Bolotov,9999-01-01,Senior Engineer
79855,Gudjon,Constantine,9999-01-01,Senior Engineer
79858,Mansur,Marzano,9999-01-01,Engineer
79876,Randy,Feinberg,9999-01-01,Senior Staff
79879,Masako,Schaap,9999-01-01,Senior Staff
79900,Mong,Luck,9999-01-01,Senior Staff
79906,Tomoyuki,Waterhouse,9999-01-01,Staff
79910,Gad,Honglei,9999-01-01,Senior Staff
79911,Heather,Zaumen,9999-01-01,Senior Engineer
79921,Hatim,Cochrane,9999-01-01,Senior Engineer
79958,Xinglin,Versino,9999-01-01,Senior Engineer
79972,Abdelghani,Thummel,9999-01-01,Senior Staff
79973,Zine,Socorro,9999-01-01,Senior Staff
79979,Yunming,Papsdorf,9999-01-01,Engineer
79991,Yahiko,Czap,9999-01-01,Senior Engineer
79999,Chuanti,Jakobus,9999-01-01,Engineer
80031,Wayne,Bach,9999-01-01,Engineer
80032,Yurij,Isaac,9999-01-01,Staff
80038,Vitaly,Gewali,9999-01-01,Technique Leader
80046,Zhanqiu,Yemenis,9999-01-01,Engineer
80070,Mana,Thisen,9999-01-01,Senior Staff
80072,Erzsebet,Kampfer,9999-01-01,Staff
80092,Yucel,Wilharm,9999-01-01,Senior Engineer
80098,TRUE,Kusakabe,9999-01-01,Staff
80128,Genta,Ushiama,9999-01-01,Engineer
80129,Hairong,Fargier,9999-01-01,Senior Staff
80130,Jinya,Waschkowski,9999-01-01,Senior Staff
80131,Gill,Schurmann,9999-01-01,Staff
80132,Nidapan,Hedayat,9999-01-01,Engineer
80136,Gaurav,Berstel,9999-01-01,Engineer
80137,Kiyokazu,Vuskovic,9999-01-01,Senior Staff
80144,Boutros,Dechter,9999-01-01,Engineer
80156,Terresa,Pleszkun,9999-01-01,Senior Engineer
80159,Jiafu,Rijckaert,9999-01-01,Senior Staff
80160,Nigel,Oberman,9999-01-01,Technique Leader
80166,Monique,Murrill,9999-01-01,Senior Engineer
80171,Kshitij,Zykh,9999-01-01,Technique Leader
80183,Mats,Munke,9999-01-01,Senior Staff
80184,Pintsang,Couchot,9999-01-01,Senior Staff
80186,Tayeb,Huttel,9999-01-01,Senior Engineer
80195,Sorina,Peral,9999-01-01,Senior Staff
80198,Yefim,Anger,9999-01-01,Senior Staff
80200,Yurii,Ghazalie,9999-01-01,Engineer
80207,Yifei,Matzov,9999-01-01,Staff
80208,Elvia,Samarati,9999-01-01,Technique Leader
80223,Sadegh,Einsfeld,9999-01-01,Senior Engineer
80224,Reinhard,Zaiane,9999-01-01,Senior Staff
80225,Shridhar,Malabarba,9999-01-01,Staff
80227,Kerryn,Braunschweig,9999-01-01,Senior Engineer
80251,Yoshinari,Kitai,9999-01-01,Engineer
80258,Hirochika,Hiyoshi,9999-01-01,Senior Staff
80259,Haldon,Siprelle,9999-01-01,Assistant Engineer
80263,Gilbert,Etalle,9999-01-01,Senior Engineer
80270,Fen,Jonsson,9999-01-01,Staff
80288,Teiji,Rousseau,9999-01-01,Senior Engineer
80318,Angus,Schneeberger,9999-01-01,Engineer
80332,Behnaam,Masand,9999-01-01,Senior Staff
80358,Mong,Huhdanpaa,9999-01-01,Engineer
80370,Honesty,Weiland,9999-01-01,Senior Engineer
80372,Aleksandar,Khasidashvili,9999-01-01,Staff
80375,Atreye,Peac,9999-01-01,Senior Engineer
80389,Pasqua,Rosiles,9999-01-01,Engineer
80429,Prodip,Suermann,9999-01-01,Senior Staff
80439,Jolita,Calkin,9999-01-01,Engineer
80451,Raimond,Undy,9999-01-01,Senior Engineer
80455,Guther,Murrill,9999-01-01,Senior Engineer
80456,Aemilian,Gire,9999-01-01,Engineer
80466,Takahiro,Bala,9999-01-01,Staff
80479,Sanjay,Kragelund,9999-01-01,Staff
80489,Mani,Billawala,9999-01-01,Senior Engineer
80498,Arve,Pokrovskii,9999-01-01,Staff
80520,Lijie,Crelier,9999-01-01,Senior Engineer
80546,Fuqing,Matzel,9999-01-01,Staff
80550,Candida,Cullers,9999-01-01,Senior Engineer
80561,Visit,Solovay,9999-01-01,Engineer
80570,Martial,Zykh,9999-01-01,Senior Engineer
80600,Yongdong,Werthner,9999-01-01,Engineer
80611,Pramod,Sifakis,9999-01-01,Senior Engineer
80617,Prodip,Kugler,9999-01-01,Engineer
80620,Filipe,Gischer,9999-01-01,Staff
80637,Eishiro,Larfeldt,9999-01-01,Senior Staff
80639,Uma,Mahnke,9999-01-01,Senior Engineer
80653,Chiranjit,Kavanagh,9999-01-01,Senior Engineer
80665,Angel,Angot,9999-01-01,Senior Staff
80681,Gina,DasSarma,9999-01-01,Engineer
80684,Takanari,VanScheik,9999-01-01,Senior Staff
80687,Pradeep,Calkin,9999-01-01,Senior Engineer
80689,Hitofumi,Conta,9999-01-01,Senior Engineer
80705,Josyula,Shackel,9999-01-01,Technique Leader
80717,Valdiodio,Frijda,9999-01-01,Senior Staff
80721,Katsuyuki,Delgrossi,9999-01-01,Senior Staff
80722,Yechiam,Bage,9999-01-01,Senior Staff
80724,Yongdong,Casperson,9999-01-01,Senior Staff
80740,Shuzo,Kermarrec,9999-01-01,Senior Engineer
80744,Badri,Bauknecht,9999-01-01,Staff
80746,Keiichiro,Jahnichen,9999-01-01,Senior Engineer
80751,Zhensheng,Swan,9999-01-01,Senior Engineer
80768,Shounak,Janocha,9999-01-01,Technique Leader
80774,Vishv,Pollacia,9999-01-01,Engineer
80781,Xudong,Danner,9999-01-01,Senior Engineer
80790,Stepehn,Unno,9999-01-01,Senior Engineer
80791,Takahiro,Molenkamp,9999-01-01,Senior Engineer
80801,Bluma,Ambroszkiewicz,9999-01-01,Senior Staff
80805,Mabo,Lorin,9999-01-01,Engineer
80810,Khalid,Merkl,9999-01-01,Senior Staff
80833,Jaihie,Demri,9999-01-01,Senior Engineer
80834,Sham,Reinhart,9999-01-01,Senior Engineer
80838,Cheong,Ruemmler,9999-01-01,Senior Staff
80844,Brigham,Hellwagner,9999-01-01,Technique Leader
80851,Sastry,Escriba,9999-01-01,Engineer
80852,Yannis,Randt,9999-01-01,Technique Leader
80853,Claude,Bashian,9999-01-01,Senior Staff
80859,Ottavia,Krychniak,9999-01-01,Senior Engineer
80862,Serenella,Improta,9999-01-01,Staff
80869,Ishfaq,Randi,9999-01-01,Senior Engineer
80873,Marsal,Nishimukai,9999-01-01,Senior Staff
80894,Kousuke,Georgakopoulos,9999-01-01,Senior Engineer
80896,Paloma,Hardjono,9999-01-01,Senior Staff
80903,Yakichi,Dulin,9999-01-01,Engineer
80923,Yaghout,Kavanagh,9999-01-01,Senior Staff
80929,Nevio,Kading,9999-01-01,Senior Staff
80935,Terresa,Birke,9999-01-01,Senior Engineer
80937,Chikako,Jiang,9999-01-01,Senior Staff
80940,Kazuhiko,Smeets,9999-01-01,Senior Engineer
80955,Marc,Fioravanti,9999-01-01,Senior Staff
80962,Ute,Broder,9999-01-01,Senior Staff
80971,Mountaz,Rijckaert,9999-01-01,Engineer
80977,Mana,Danner,9999-01-01,Senior Engineer
80980,Hyuncheol,Stentiford,9999-01-01,Staff
80981,Fumitake,Niizuma,9999-01-01,Assistant Engineer
80987,Zito,Gulla,9999-01-01,Senior Engineer
80991,Marco,Schreiter,9999-01-01,Staff
80998,Leandro,Lampe,9999-01-01,Senior Engineer
81000,Neelam,Thisen,9999-01-01,Senior Engineer
81001,Toshimori,Krider,9999-01-01,Senior Staff
81007,Mototsugu,Rande,9999-01-01,Staff
81015,Marke,Breugel,9999-01-01,Senior Engineer
81035,Hsiangchu,Boreale,9999-01-01,Staff
81036,Alassane,Fargier,9999-01-01,Technique Leader
81047,Masaki,Dulay,9999-01-01,Senior Engineer
81050,Moti,Sridhar,9999-01-01,Engineer
81052,Ziya,Levergood,9999-01-01,Staff
81068,Uno,Ecklund,9999-01-01,Senior Engineer
81070,Mariangiola,Rosaz,9999-01-01,Senior Engineer
81079,Nahla,Mellouli,9999-01-01,Staff
81142,Heon,Zastre,9999-01-01,Senior Staff
81149,Tianruo,Georg,9999-01-01,Engineer
81152,Macha,Junet,9999-01-01,Engineer
81158,Filipp,Percebois,9999-01-01,Senior Engineer
81166,Tayeb,Przulj,9999-01-01,Senior Staff
81167,Yurij,Francisci,9999-01-01,Senior Staff
81177,Bodh,Berendt,9999-01-01,Assistant Engineer
81185,Takushi,Kossowski,9999-01-01,Senior Engineer
81189,Serge,Broomell,9999-01-01,Staff
81201,Werner,Knightly,9999-01-01,Staff
81207,Barry,Hofstetter,9999-01-01,Senior Engineer
81208,Sumant,Rindone,9999-01-01,Senior Engineer
81218,Nectarios,Impagliazzo,9999-01-01,Senior Engineer
81245,Matk,Krzyzanowski,9999-01-01,Engineer
81264,Dannz,Erdmenger,9999-01-01,Staff
81271,Kendra,Bade,9999-01-01,Staff
81286,Richara,Fontet,9999-01-01,Senior Staff
81292,Ortrun,Copas,9999-01-01,Senior Engineer
81299,Visit,Ghemri,9999-01-01,Staff
81303,Ghassan,Berstel,9999-01-01,Staff
81324,Marl,Rossi,9999-01-01,Assistant Engineer
81329,Divine,Gire,9999-01-01,Senior Engineer
81338,Xiaoqiang,Erol,9999-01-01,Staff
81340,Baocai,Poehlman,9999-01-01,Senior Staff
81344,Leif,Hiraishi,9999-01-01,Engineer
81358,Premal,Quadeer,9999-01-01,Senior Staff
81368,Frederique,Ghemri,9999-01-01,Engineer
81376,Gunilla,Fabrizio,9999-01-01,Senior Engineer
81398,Hyuncheol,Gulak,9999-01-01,Technique Leader
81401,Monique,Kaltofen,9999-01-01,Staff
81407,Hsiangchu,Rosin,9999-01-01,Staff
81408,Atreye,Picaronny,9999-01-01,Senior Staff
81411,Eben,Stenning,9999-01-01,Senior Engineer
81412,Zhenhua,Menyhert,9999-01-01,Senior Staff
81430,Jackson,Milicia,9999-01-01,Senior Staff
81432,Hideyuki,Veldwijk,9999-01-01,Engineer
81438,Mack,McClure,9999-01-01,Engineer
81440,Fumitake,Melski,9999-01-01,Engineer
81449,Arve,Halloran,9999-01-01,Senior Staff
81466,Zejun,Krone,9999-01-01,Engineer
81468,Aiman,Bodoff,9999-01-01,Engineer
81479,Girolamo,Vuskovic,9999-01-01,Engineer
81494,Hatsukazu,Litzkow,9999-01-01,Technique Leader
81503,Kolar,Rabejac,9999-01-01,Senior Engineer
81508,Bokyung,Janocha,9999-01-01,Staff
81509,Munehiko,Trachtenberg,9999-01-01,Engineer
81510,Mamdouh,Penttonen,9999-01-01,Senior Staff
81517,Xiong,Reutenauer,9999-01-01,Senior Staff
81527,Arnd,Bouloucos,9999-01-01,Senior Staff
81537,Beshir,Pezzoli,9999-01-01,Senior Staff
81543,Jianhui,Ishibashi,9999-01-01,Senior Staff
81549,Takahira,Leslie,9999-01-01,Engineer
81553,Adin,Fortenbacher,9999-01-01,Staff
81564,Martijn,Michaels,9999-01-01,Engineer
81572,Ingemar,DiGiano,9999-01-01,Senior Engineer
81587,Mani,Pluym,9999-01-01,Engineer
81589,Bernd,Wilfing,9999-01-01,Senior Engineer
81592,Monique,Rehfuss,9999-01-01,Senior Staff
81594,Saddek,Spinelli,9999-01-01,Technique Leader
81599,Oldrich,Emmerich,9999-01-01,Senior Staff
81603,Suzette,Zuberek,9999-01-01,Senior Staff
81645,Jasminko,Reinhart,9999-01-01,Engineer
81648,Jungsoon,Doering,9999-01-01,Engineer
81649,Xuedong,Krohn,9999-01-01,Senior Staff
81653,Adit,Brobst,9999-01-01,Engineer
81658,Rosine,Pearson,9999-01-01,Engineer
81660,Arno,Schaap,9999-01-01,Senior Staff
81672,Kazuhito,Aloia,9999-01-01,Engineer
81676,Sham,Wrigley,9999-01-01,Senior Staff
81710,Girolamo,Hennings,9999-01-01,Senior Staff
81717,Toney,Anguita,9999-01-01,Senior Staff
81730,Sergi,DuBourdieux,9999-01-01,Staff
81747,Vitali,Tanemo,9999-01-01,Staff
81751,Ulises,Salinas,9999-01-01,Staff
81755,Peer,Beeson,9999-01-01,Senior Staff
81767,Augustine,Matzov,9999-01-01,Staff
81785,Patricia,Rando,9999-01-01,Senior Staff
81805,Gianluca,Bail,9999-01-01,Engineer
81810,Baruch,Schaap,9999-01-01,Technique Leader
81815,Chaitali,Kuhnemann,9999-01-01,Senior Engineer
81817,Demos,Aloia,9999-01-01,Senior Engineer
81839,Leah,Curless,9999-01-01,Engineer
81847,Ymte,Figueira,9999-01-01,Senior Engineer
81849,Debatosh,Bednarek,9999-01-01,Senior Staff
81851,Dante,Heystek,9999-01-01,Engineer
81856,Masamitsu,Maierhofer,9999-01-01,Senior Staff
81861,Tesuro,Walstra,9999-01-01,Engineer
81872,Shin,Pashtan,9999-01-01,Engineer
81876,Chenye,Shackell,9999-01-01,Staff
81896,Kwan,Bashian,9999-01-01,Senior Engineer
81900,Mario,Bernatsky,9999-01-01,Engineer
81907,Jouko,Merkl,9999-01-01,Staff
81940,Ioana,Siksek,9999-01-01,Senior Engineer
81973,Shigenori,Panienski,9999-01-01,Senior Staff
81981,Weicheng,Welham,9999-01-01,Engineer
81988,Lene,Pews,9999-01-01,Staff
81998,Mari,Iwayama,9999-01-01,Senior Staff
81999,Mabhin,Vigier,9999-01-01,Senior Staff
82002,King,Farris,9999-01-01,Senior Staff
82003,Saeko,Tomescu,9999-01-01,Senior Engineer
82014,Quingbo,Ariola,9999-01-01,Senior Engineer
82024,Yongqiao,Grospietsch,9999-01-01,Senior Engineer
82027,Henk,Ellozy,9999-01-01,Senior Staff
82040,Avishai,Velasco,9999-01-01,Senior Engineer
82045,Tse,Bolsens,9999-01-01,Engineer
82052,Lidong,Rahier,9999-01-01,Staff
82059,Satosi,Ecklund,9999-01-01,Senior Staff
82060,Arvind,Michaeli,9999-01-01,Engineer
82063,Shaunak,Plump,9999-01-01,Engineer
82065,Christophe,Anger,9999-01-01,Senior Engineer
82066,Masasuke,Birch,9999-01-01,Senior Staff
82107,Gunilla,Heping,9999-01-01,Staff
82110,Vugranam,Gecsel,9999-01-01,Staff
82123,Tokuyasu,Dayana,9999-01-01,Senior Engineer
82131,Mayuko,Kulisch,9999-01-01,Senior Staff
82137,Panayotis,Thibadeau,9999-01-01,Senior Staff
82139,Satoru,Zucker,9999-01-01,Engineer
82144,Marek,Dusink,9999-01-01,Senior Staff
82145,Zhongwei,Pagter,9999-01-01,Staff
82151,Keiichiro,Terekhov,9999-01-01,Senior Staff
82162,Shigeo,Kroft,9999-01-01,Engineer
82187,Stevo,Marakhovsky,9999-01-01,Senior Staff
82194,Geoff,Eastman,9999-01-01,Senior Engineer
82206,Yishay,Majewski,9999-01-01,Engineer
82211,Sugwoo,Melter,9999-01-01,Senior Engineer
82222,Sampalli,Luit,9999-01-01,Senior Engineer
82227,Xiaocheng,Sethi,9999-01-01,Engineer
82234,Christoper,Woycyznski,9999-01-01,Engineer
82237,Shen,Zaccaria,9999-01-01,Senior Staff
82252,Kwangyoen,Edelhoff,9999-01-01,Engineer
82255,Amabile,Sudbeck,9999-01-01,Staff
82257,Hugo,Linares,9999-01-01,Engineer
82263,Vishv,Haumacher,9999-01-01,Staff
82276,Frederique,Genin,9999-01-01,Staff
82278,Tomokazu,Murillo,9999-01-01,Senior Staff
82295,Manohar,Parfitt,9999-01-01,Engineer
82305,Mahmut,Biros,9999-01-01,Engineer
82309,Hideyuki,Ramsak,9999-01-01,Senior Staff
82310,Jinxi,Panangaden,9999-01-01,Engineer
82318,Branimir,Hashii,9999-01-01,Staff
82324,Ashish,Knightly,9999-01-01,Staff
82339,Jeanna,Schrift,9999-01-01,Senior Engineer
82349,Tsz,Birjandi,9999-01-01,Staff
82350,Nahla,Stifter,9999-01-01,Senior Engineer
82354,Badri,Trogemann,9999-01-01,Senior Staff
82367,Miyeon,Halloran,9999-01-01,Staff
82371,Frederique,Erev,9999-01-01,Senior Staff
82379,Sanjai,Bala,9999-01-01,Engineer
82385,Sanjai,Biran,9999-01-01,Staff
82388,Munehiko,Zucker,9999-01-01,Engineer
82391,Mayuko,McAffer,9999-01-01,Senior Staff
82397,Mart,Peris,9999-01-01,Senior Staff
82419,Karoline,Rindone,9999-01-01,Senior Engineer
82422,Tesuya,Falby,9999-01-01,Senior Staff
82434,Bojan,Mullainathan,9999-01-01,Engineer
82443,Vincent,Perry,9999-01-01,Engineer
82457,Vidar,Pauthner,9999-01-01,Engineer
82460,Claude,Zhang,9999-01-01,Engineer
82478,Vishwani,Ginneken,9999-01-01,Engineer
82491,Lalit,Lorho,9999-01-01,Engineer
82495,Jahangir,Perly,9999-01-01,Staff
82530,Ioana,Morton,9999-01-01,Senior Staff
82540,Aleksander,Bratten,9999-01-01,Engineer
82544,Eberhardt,Keirsey,9999-01-01,Senior Staff
82553,Barry,Georgakopoulos,9999-01-01,Staff
82555,Fabrizio,Kavraki,9999-01-01,Senior Engineer
82557,Cheong,McClure,9999-01-01,Technique Leader
82566,Mary,Portugali,9999-01-01,Senior Engineer
82568,Giri,Flanders,9999-01-01,Senior Staff
82571,Padma,Argence,9999-01-01,Senior Engineer
82572,Moie,Brattka,9999-01-01,Staff
82573,Genevieve,Berendt,9999-01-01,Staff
82585,Berry,Bodoff,9999-01-01,Senior Staff
82591,Ugo,Lampe,9999-01-01,Senior Engineer
82595,Valdiodio,Zeleznik,9999-01-01,Senior Staff
82598,Palash,Chenoweth,9999-01-01,Engineer
82601,Munehiko,Nitto,9999-01-01,Senior Engineer
82626,Adit,Reeken,9999-01-01,Senior Engineer
82634,Volkmar,Plesums,9999-01-01,Technique Leader
82644,Kellyn,Pleszkun,9999-01-01,Senior Engineer
82646,Shugo,Plump,9999-01-01,Engineer
82668,Feipei,Menhardt,9999-01-01,Senior Staff
82678,Poorav,Haldar,9999-01-01,Engineer
82683,Pantung,Dayang,9999-01-01,Senior Staff
82689,Zijian,Crouzet,9999-01-01,Engineer
82704,Marla,Lunn,9999-01-01,Engineer
82705,Ingmar,Ladret,9999-01-01,Senior Staff
82708,Rajmohan,Basagni,9999-01-01,Senior Staff
82721,Arvind,Showalter,9999-01-01,Staff
82737,Kien,Mamelak,9999-01-01,Technique Leader
82747,Kankanahalli,Danlos,9999-01-01,Engineer
82751,Nirmal,Haumacher,9999-01-01,Engineer
82760,Weiwu,Dulay,9999-01-01,Senior Engineer
82761,Mabry,Underwood,9999-01-01,Senior Staff
82774,Aral,Maierhofer,9999-01-01,Senior Staff
82808,Sumant,Reinhart,9999-01-01,Senior Engineer
82812,Heather,Morrey,9999-01-01,Senior Engineer
82815,Alper,Ranum,9999-01-01,Senior Engineer
82821,Bokyung,Cappelletti,9999-01-01,Senior Engineer
82823,Geraldo,Alvarado,9999-01-01,Senior Engineer
82834,Kersti,Lieblein,9999-01-01,Engineer
82835,Jaber,Dredge,9999-01-01,Senior Engineer
82849,Makato,VanScheik,9999-01-01,Staff
82856,Hidefumi,Erez,9999-01-01,Engineer
82858,TRUE,Taubman,9999-01-01,Senior Staff
82875,Domenick,Terekhov,9999-01-01,Senior Staff
82886,Rayond,Pettis,9999-01-01,Engineer
82893,Junsik,Unni,9999-01-01,Senior Staff
82895,Ramya,Peck,9999-01-01,Engineer
82905,Domenick,Luks,9999-01-01,Engineer
82911,Irena,Bierman,9999-01-01,Staff
82944,Alois,Gomatam,9999-01-01,Technique Leader
82970,Qiwen,Servieres,9999-01-01,Senior Staff
82979,Magdalena,Yeung,9999-01-01,Technique Leader
82981,Fayez,Mitina,9999-01-01,Senior Engineer
82992,Jixiang,Marwedel,9999-01-01,Engineer
82996,Shahab,Ramras,9999-01-01,Engineer
82998,Mary,Linares,9999-01-01,Senior Staff
83000,Apostol,Talmor,9999-01-01,Senior Engineer
83009,Francesca,Gerteisen,9999-01-01,Senior Staff
83018,Ohad,Kitsuregawa,9999-01-01,Engineer
83035,Mart,Lamparter,9999-01-01,Technique Leader
83039,Yonghong,Facello,9999-01-01,Staff
83052,Henk,Whitcomb,9999-01-01,Engineer
83055,Kwun,Luon,9999-01-01,Staff
83056,Muneo,Pesch,9999-01-01,Engineer
83057,Niteen,Passafiume,9999-01-01,Senior Staff
83068,Cristinel,Kawashima,9999-01-01,Engineer
83092,Bernt,Kranzdorf,9999-01-01,Engineer
83106,Limsoon,Wossner,9999-01-01,Senior Engineer
83123,Aemilian,Randt,9999-01-01,Staff
83125,Frederique,Staudhammer,9999-01-01,Senior Engineer
83143,Luisa,Krupka,9999-01-01,Senior Engineer
83167,Nagui,Chachaty,9999-01-01,Senior Staff
83168,Yechiam,Danner,9999-01-01,Staff
83179,Jaques,Ermel,9999-01-01,Senior Staff
83189,Kristian,Birrer,9999-01-01,Senior Engineer
83194,Vidar,Bridgland,9999-01-01,Senior Staff
83210,Seongbae,Zockler,9999-01-01,Engineer
83230,Jaana,Lammel,9999-01-01,Engineer
83232,Satyanarayana,Chimia,9999-01-01,Engineer
83233,Kerryn,Giarratana,9999-01-01,Engineer
83244,Constantine,Hiroyama,9999-01-01,Senior Staff
83260,Premsyl,Markovitch,9999-01-01,Senior Staff
83284,Genta,Ghalwash,9999-01-01,Senior Engineer
83294,Gudjon,Petersohn,9999-01-01,Technique Leader
83296,Pascal,Lorin,9999-01-01,Technique Leader
83304,Lenore,Pocchiola,9999-01-01,Staff
83310,Tsvetan,Valette,9999-01-01,Senior Engineer
83326,Rajmohan,Schlegelmilch,9999-01-01,Engineer
83328,Ute,Demri,9999-01-01,Senior Engineer
83334,Arno,Thebaut,9999-01-01,Senior Staff
83336,Ewing,Zongker,9999-01-01,Staff
83342,King,Piancastelli,9999-01-01,Engineer
83348,Bokyung,Kuszyk,9999-01-01,Senior Engineer
83356,Vishwani,Begiun,9999-01-01,Senior Engineer
83375,Anestis,Kenevan,9999-01-01,Assistant Engineer
83381,Dietrich,Borovoy,9999-01-01,Engineer
83385,Berry,Falco,9999-01-01,Senior Staff
83392,Evgueni,Junet,9999-01-01,Senior Engineer
83408,Brewster,Pettey,9999-01-01,Senior Engineer
83411,Tonny,Swiss,9999-01-01,Staff
83436,Ult,Serdy,9999-01-01,Assistant Engineer
83443,Shigeu,Nooteboom,9999-01-01,Engineer
83448,Heping,Polajnar,9999-01-01,Staff
83468,Charlene,Beilner,9999-01-01,Staff
83476,Steve,Porenta,9999-01-01,Staff
83477,Jayson,Frijda,9999-01-01,Engineer
83478,Goa,Budinsky,9999-01-01,Senior Staff
83493,Oksana,Danlos,9999-01-01,Senior Engineer
83506,Mohamadou,Lamma,9999-01-01,Engineer
83507,Shugo,Chimia,9999-01-01,Senior Staff
83515,Fay,Collavizza,9999-01-01,Senior Engineer
83531,DAIDA,Pezzoli,9999-01-01,Staff
83540,Rafail,Andreotta,9999-01-01,Technique Leader
83546,Maha,Kawashimo,9999-01-01,Senior Engineer
83557,Elvis,Candan,9999-01-01,Engineer
83559,Mircea,Schmittgen,9999-01-01,Engineer
83565,Nevio,Beidas,9999-01-01,Senior Staff
83573,Slavian,Thummel,9999-01-01,Engineer
83574,Gonzalo,Masamoto,9999-01-01,Senior Staff
83576,Mayumi,Cronan,9999-01-01,Engineer
83583,Guadalupe,Sethi,9999-01-01,Senior Staff
83584,Bojan,Weiland,9999-01-01,Senior Engineer
83585,Susuma,Himler,9999-01-01,Engineer
83592,Georgy,Baek,9999-01-01,Engineer
83595,Divine,Koshino,9999-01-01,Senior Engineer
83600,Muzhong,Mayerwieser,9999-01-01,Senior Engineer
83614,Takanari,Schach,9999-01-01,Engineer
83626,Reuven,Maccarone,9999-01-01,Technique Leader
83629,Tamiya,Fabrizio,9999-01-01,Senior Engineer
83634,Danae,Randi,9999-01-01,Senior Staff
83643,Jinxi,Tsukune,9999-01-01,Engineer
83650,Mariangiola,Raoux,9999-01-01,Senior Engineer
83669,Kasidit,Zlotek,9999-01-01,Senior Engineer
83698,Adib,Krohn,9999-01-01,Senior Staff
83699,Fayez,Luby,9999-01-01,Senior Staff
83715,Zeydy,Steinauer,9999-01-01,Engineer
83730,Dharmaraja,Lorie,9999-01-01,Senior Staff
83747,Kristine,Schwabacher,9999-01-01,Senior Staff
83748,Hyuncheol,Molberg,9999-01-01,Engineer
83753,Sachar,Liedekerke,9999-01-01,Engineer
83756,Constantijn,Esposito,9999-01-01,Engineer
83757,Radhia,Zielinski,9999-01-01,Engineer
83768,Mark,Ariola,9999-01-01,Senior Staff
83778,Premsyl,Nitto,9999-01-01,Senior Staff
83787,Xuejia,Lanzelotte,9999-01-01,Senior Staff
83792,Otmar,Nishimukai,9999-01-01,Senior Staff
83797,Kazuhisa,Fontan,9999-01-01,Senior Staff
83798,Shigeo,Kropp,9999-01-01,Engineer
83804,Iara,Kragelund,9999-01-01,Senior Engineer
83806,Froduald,Kumaresan,9999-01-01,Senior Engineer
83808,Danel,Setiz,9999-01-01,Staff
83822,Menkae,Haddadi,9999-01-01,Engineer
83829,Cristinel,Zielinski,9999-01-01,Staff
83845,Franziska,Chleq,9999-01-01,Staff
83849,Shaleah,Schwartzburd,9999-01-01,Engineer
83850,Mooi,Bugaenko,9999-01-01,Staff
83856,Udi,Ernst,9999-01-01,Staff
83858,Gregory,Matzke,9999-01-01,Engineer
83873,Jaihie,Bednarek,9999-01-01,Senior Staff
83875,Neelam,Herber,9999-01-01,Senior Staff
83881,Gino,Michaels,9999-01-01,Engineer
83887,Doohun,Ciolek,9999-01-01,Staff
83895,Hyuncheol,Pettey,9999-01-01,Technique Leader
83898,Erzsebet,England,9999-01-01,Technique Leader
83905,Alejandra,Savasere,9999-01-01,Senior Staff
83910,Zdislav,Flexer,9999-01-01,Technique Leader
83913,Xuejia,Mitsuhashi,9999-01-01,Senior Engineer
83923,Bedir,Garnham,9999-01-01,Engineer
83928,Paraskevi,Apsitis,9999-01-01,Senior Staff
83934,Mabhin,Edelhoff,9999-01-01,Assistant Engineer
83947,Lucien,Usdin,9999-01-01,Senior Engineer
83949,Tomokazu,Biran,9999-01-01,Engineer
83968,Giap,Rando,9999-01-01,Senior Engineer
83977,Masali,Yetim,9999-01-01,Senior Staff
83980,Zhigen,Vrecion,9999-01-01,Engineer
83984,Mingsen,Pluym,9999-01-01,Staff
83986,Danae,Cusworth,9999-01-01,Staff
83988,Georg,Kruskal,9999-01-01,Senior Staff
84000,Val,Antonakopoulos,9999-01-01,Senior Engineer
84001,Badri,Facello,9999-01-01,Senior Engineer
84012,Marko,Salvesen,9999-01-01,Engineer
84021,Parviz,Bierbaum,9999-01-01,Staff
84025,Ugo,Ariola,9999-01-01,Technique Leader
84042,Gita,Maraist,9999-01-01,Senior Staff
84048,Lillian,Portugali,9999-01-01,Technique Leader
84051,Kirk,Taubman,9999-01-01,Staff
84059,Lidong,Hofting,9999-01-01,Engineer
84061,Khaled,Gopalakrishnan,9999-01-01,Senior Staff
84062,Shuichi,Comyn,9999-01-01,Senior Engineer
84066,Jianhui,Thambidurai,9999-01-01,Engineer
84093,Masamitsu,Cronau,9999-01-01,Engineer
84095,Ziyad,Boudaillier,9999-01-01,Senior Staff
84098,Shalesh,Merle,9999-01-01,Senior Staff
84114,Gaetan,Naudin,9999-01-01,Senior Engineer
84137,Genevieve,Baik,9999-01-01,Staff
84138,Jovan,Maginnis,9999-01-01,Senior Engineer
84144,Radhia,Wursthorn,9999-01-01,Senior Staff
84160,Jaideep,Sherertz,9999-01-01,Staff
84188,Serenella,Holburn,9999-01-01,Senior Engineer
84202,Atreye,Serre,9999-01-01,Senior Engineer
84214,Van,Chaudhuri,9999-01-01,Engineer
84219,DeForest,Vuskovic,9999-01-01,Staff
84242,Tremaine,Panienski,9999-01-01,Staff
84255,Ramalingam,Nations,9999-01-01,Staff
84260,Gunilla,Boreale,9999-01-01,Technique Leader
84263,Jackson,Henseler,9999-01-01,Senior Staff
84268,Kazuhira,Belinskaya,9999-01-01,Engineer
84282,Saddek,Mateescu,9999-01-01,Engineer
84283,Gal,Slaats,9999-01-01,Engineer
84292,Leaf,Luff,9999-01-01,Engineer
84305,Minghong,Kalloufi,9999-01-01,Senior Engineer
84318,Shin,Lally,9999-01-01,Staff
84322,Berto,Gide,9999-01-01,Engineer
84331,Ziyad,Rousseau,9999-01-01,Staff
84334,Zdislav,Emden,9999-01-01,Senior Staff
84340,Moriyoshi,Granlund,9999-01-01,Senior Staff
84353,Genta,Pesch,9999-01-01,Staff
84362,JoAnne,Maccarone,9999-01-01,Technique Leader
84370,Fei,Reghbati,9999-01-01,Senior Staff
84382,Harjit,Wallrath,9999-01-01,Senior Engineer
84388,Chikako,Sifakis,9999-01-01,Assistant Engineer
84393,Marke,Yemenis,9999-01-01,Staff
84407,Chaoyi,Plessier,9999-01-01,Staff
84408,Itzchak,Kruskal,9999-01-01,Staff
84412,Somnath,Delgrande,9999-01-01,Senior Staff
84416,Satosi,Lanphier,9999-01-01,Staff
84419,Hailing,Foote,9999-01-01,Senior Engineer
84421,Lokesh,Schaar,9999-01-01,Engineer
84427,IEEE,Valiente,9999-01-01,Senior Engineer
84459,Amalendu,Barreiro,9999-01-01,Engineer
84475,Kien,Erni,9999-01-01,Assistant Engineer
84487,Apostol,Hashii,9999-01-01,Senior Engineer
84502,Murthy,Tomescu,9999-01-01,Engineer
84510,Matt,Leaver,9999-01-01,Technique Leader
84552,Pramod,Sidou,9999-01-01,Engineer
84553,Ekawit,Lamparter,9999-01-01,Senior Engineer
84568,Denny,Peltason,9999-01-01,Senior Engineer
84578,Shigeaki,Chorvat,9999-01-01,Staff
84587,Sangeeta,Bressoud,9999-01-01,Senior Engineer
84596,Poornachandra,Picht,9999-01-01,Technique Leader
84600,Sham,Chachaty,9999-01-01,Engineer
84606,Gully,Kawashimo,9999-01-01,Engineer
84626,Yonghong,Pena,9999-01-01,Engineer
84629,Heon,Kaltofen,9999-01-01,Senior Staff
84656,Danai,Lubachevsky,9999-01-01,Engineer
84662,Sanjeeva,Kalafatis,9999-01-01,Staff
84671,Lenore,Dalphin,9999-01-01,Engineer
84672,Mihalis,Lamparter,9999-01-01,Senior Staff
84685,Alejandra,Jullig,9999-01-01,Senior Engineer
84686,Rosli,Vieri,9999-01-01,Engineer
84707,Odinaldo,Ushiama,9999-01-01,Senior Engineer
84720,Akemi,Champarnaud,9999-01-01,Staff
84722,Hercules,Slutz,9999-01-01,Senior Engineer
84725,Zejun,Boyle,9999-01-01,Senior Engineer
84734,Khedija,Kadhim,9999-01-01,Senior Engineer
84743,Juichirou,Picaronny,9999-01-01,Assistant Engineer
84747,Yoshinari,Felcyn,9999-01-01,Senior Staff
84748,Jianhao,Crelier,9999-01-01,Engineer
84758,Toong,Usery,9999-01-01,Engineer
84773,Naraig,Frolund,9999-01-01,Senior Engineer
84797,Tadanori,Baig,9999-01-01,Technique Leader
84809,Hironoby,Zobel,9999-01-01,Senior Engineer
84821,Magy,Vieri,9999-01-01,Senior Staff
84827,Moheb,Schmittgen,9999-01-01,Engineer
84849,Kenroku,Carrera,9999-01-01,Senior Engineer
84860,Paris,Angot,9999-01-01,Senior Engineer
84883,Vishv,Khalil,9999-01-01,Staff
84901,Lucien,Peak,9999-01-01,Staff
84907,Miomir,Smailagic,9999-01-01,Senior Staff
84910,Kaijung,Mondadori,9999-01-01,Staff
84916,Saddek,Jiafu,9999-01-01,Staff
84917,Rafael,Fetvedt,9999-01-01,Engineer
84931,Basem,Sommer,9999-01-01,Senior Staff
84933,Sailaja,Plessier,9999-01-01,Senior Engineer
84943,Hugo,Benantar,9999-01-01,Engineer
84945,DeForest,Hinsberger,9999-01-01,Staff
84974,Baocai,Pell,9999-01-01,Technique Leader
84976,Eran,Perez,9999-01-01,Staff
84982,Gino,Biron,9999-01-01,Senior Staff
84983,Shigeo,Bashian,9999-01-01,Senior Engineer
84994,Seongbae,Haraldson,9999-01-01,Senior Staff
84999,Turgut,Koblitz,9999-01-01,Senior Staff
85007,Tze,Hiyoshi,9999-01-01,Senior Staff
85015,Lijia,Lipner,9999-01-01,Staff
85018,Marjo,Billingsley,9999-01-01,Engineer
85020,Tiina,Peir,9999-01-01,Senior Staff
85024,Zeydy,Hmelo,9999-01-01,Senior Staff
85028,Ebru,Heydon,9999-01-01,Senior Staff
85033,Garnet,Luke,9999-01-01,Staff
85040,Chikako,Legleitner,9999-01-01,Staff
85057,Charlene,Sadowsky,9999-01-01,Senior Engineer
85062,Vasilis,Luks,9999-01-01,Senior Engineer
85079,Shan,Wossner,9999-01-01,Senior Staff
85080,Munir,Hofmeyr,9999-01-01,Engineer
85096,Xinglin,Feinberg,9999-01-01,Engineer
85109,Ottavia,Rebaine,9999-01-01,Assistant Engineer
85111,Sastry,Kavraki,9999-01-01,Senior Staff
85119,Xiaobin,Himler,9999-01-01,Senior Staff
85146,Hironobu,Nittel,9999-01-01,Staff
85150,Olivera,Cangellaris,9999-01-01,Senior Engineer
85154,Moss,Narahara,9999-01-01,Senior Staff
85159,Kendra,Buescher,9999-01-01,Senior Staff
85173,Stepehn,Coombs,9999-01-01,Senior Staff
85184,Gretta,Peng,9999-01-01,Senior Engineer
85195,Jiafu,Quadeer,9999-01-01,Senior Staff
85199,Souichi,Barbanera,9999-01-01,Engineer
85200,Ebbe,Serna,9999-01-01,Engineer
85202,Guttorm,Erdi,9999-01-01,Senior Engineer
85204,Moni,Silva,9999-01-01,Senior Staff
85206,Shahar,Navazio,9999-01-01,Technique Leader
85210,Yolla,Openshaw,9999-01-01,Senior Staff
85215,Along,Detkin,9999-01-01,Staff
85219,Anyuan,Zaiane,9999-01-01,Senior Engineer
85220,Kristin,Lipner,9999-01-01,Senior Staff
85225,Felicidad,Dulli,9999-01-01,Staff
85230,Gal,Demke,9999-01-01,Staff
85241,Martijn,Falck,9999-01-01,Staff
85242,Kirk,Ernst,9999-01-01,Staff
85256,Odinaldo,Kroha,9999-01-01,Senior Engineer
85258,Elzbieta,Schwabacher,9999-01-01,Senior Engineer
85264,Annemarie,Silva,9999-01-01,Senior Engineer
85267,Masaru,Winter,9999-01-01,Senior Staff
85278,Kamakshi,Karnin,9999-01-01,Senior Engineer
85281,Tamiya,Grospietsch,9999-01-01,Senior Engineer
85295,Zvonko,Kroon,9999-01-01,Assistant Engineer
85300,Panayotis,Domenig,9999-01-01,Technique Leader
85318,Navid,Hanratty,9999-01-01,Senior Engineer
85325,Nagui,Kadhim,9999-01-01,Technique Leader
85328,Kien,Kitsuregawa,9999-01-01,Senior Engineer
85344,Owen,Dayana,9999-01-01,Senior Staff
85347,Heeju,Prochazka,9999-01-01,Senior Staff
85353,Kien,Tasistro,9999-01-01,Senior Staff
85371,Suebskul,Lanphier,9999-01-01,Staff
85374,Hairong,Herber,9999-01-01,Technique Leader
85377,Ishfaq,Vecchio,9999-01-01,Engineer
85385,Alper,Bennis,9999-01-01,Staff
85391,Aleksander,Glinert,9999-01-01,Staff
85394,Sastry,Conta,9999-01-01,Engineer
85406,Serap,Matzke,9999-01-01,Senior Staff
85416,Haldun,Melton,9999-01-01,Engineer
85433,Eberhardt,Stanfel,9999-01-01,Senior Engineer
85463,Kyoichi,Picht,9999-01-01,Engineer
85469,Sasan,Schmiedel,9999-01-01,Engineer
85470,Domenick,Mahmud,9999-01-01,Technique Leader
85489,Adas,Zwicker,9999-01-01,Senior Staff
85494,Lech,Gulik,9999-01-01,Staff
85504,Ghassan,Streit,9999-01-01,Senior Engineer
85513,Yagil,Spieker,9999-01-01,Senior Staff
85524,Lillian,Tokunaga,9999-01-01,Engineer
85525,Chenyi,Schlenzig,9999-01-01,Staff
85526,Tzvetan,Frolund,9999-01-01,Senior Engineer
85532,Jinxi,Imataki,9999-01-01,Senior Engineer
85537,Tzu,Bernatsky,9999-01-01,Senior Staff
85551,Mohit,Perry,9999-01-01,Technique Leader
85552,Atilio,Perko,9999-01-01,Senior Engineer
85555,Parke,Morrow,9999-01-01,Engineer
85570,Shigehito,Karlin,9999-01-01,Senior Staff
85575,Kiyotoshi,Matzov,9999-01-01,Senior Staff
85577,Deniz,Sadowski,9999-01-01,Staff
85583,Sanjeeva,Hiyoshi,9999-01-01,Assistant Engineer
85589,Amstein,Bressoud,9999-01-01,Senior Engineer
85607,Yucai,Hertweck,9999-01-01,Senior Engineer
85609,Otmar,Benner,9999-01-01,Assistant Engineer
85620,Yoshinari,Chvatal,9999-01-01,Staff
85621,Steen,Peha,9999-01-01,Senior Staff
85622,Berthier,Dengi,9999-01-01,Staff
85624,Ayonca,Keustermans,9999-01-01,Senior Staff
85631,Munehiro,Murtagh,9999-01-01,Staff
85633,Salvador,Snedden,9999-01-01,Senior Staff
85641,Breannda,Buescher,9999-01-01,Staff
85645,Henk,Ashish,9999-01-01,Assistant Engineer
85647,Kristian,Waymire,9999-01-01,Staff
85669,Yishay,Denis,9999-01-01,Engineer
85675,Ziya,Spell,9999-01-01,Technique Leader
85692,Marin,Petersohn,9999-01-01,Senior Engineer
85696,Wuxu,Mitzlaff,9999-01-01,Senior Staff
85708,Steen,Otillio,9999-01-01,Senior Engineer
85719,Satosi,Rosti,9999-01-01,Senior Staff
85739,Fumino,Benzaken,9999-01-01,Senior Engineer
85743,Ramalingam,Wissmann,9999-01-01,Senior Staff
85755,Aloys,Ozeri,9999-01-01,Staff
85757,Kannan,Bach,9999-01-01,Senior Staff
85761,Kazuyasu,Hofting,9999-01-01,Engineer
85775,Georgy,Engberts,9999-01-01,Engineer
85776,Dante,Reutenauer,9999-01-01,Staff
85784,Nechama,Cronau,9999-01-01,Senior Staff
85786,Rafail,Chaudhuri,9999-01-01,Senior Staff
85796,Honglan,Boissier,9999-01-01,Staff
85799,Radhika,Parveen,9999-01-01,Staff
85811,Dayanand,Bain,9999-01-01,Engineer
85812,Seshu,Erbe,9999-01-01,Senior Engineer
85825,Hongzhu,Zedlitz,9999-01-01,Staff
85827,Basant,Schach,9999-01-01,Senior Staff
85835,Pantung,Gyorkos,9999-01-01,Engineer
85840,Kazuhiko,Reinhart,9999-01-01,Engineer
85850,Leszek,Usdin,9999-01-01,Senior Engineer
85866,Dinkar,Baek,9999-01-01,Staff
85876,Kellyn,Merks,9999-01-01,Engineer
85883,Takahito,Reghbati,9999-01-01,Engineer
85892,Rasikan,Binkley,9999-01-01,Engineer
85894,Teunis,Eugenio,9999-01-01,Engineer
85899,Chinhyun,Zaiane,9999-01-01,Staff
85901,Tommaso,Hagimont,9999-01-01,Staff
85910,Nishit,Lemarechal,9999-01-01,Staff
85913,Anwar,Rehfuss,9999-01-01,Engineer
85924,Gita,Menhardt,9999-01-01,Senior Engineer
85939,Xinyu,Schlegelmilch,9999-01-01,Senior Staff
85941,Sampalli,Lunt,9999-01-01,Senior Staff
85942,Jaber,Sankaranarayanan,9999-01-01,Engineer
85949,Thodoros,Penttonen,9999-01-01,Senior Engineer
85958,Fusako,Vadhan,9999-01-01,Senior Staff
85968,Idoia,Lorch,9999-01-01,Technique Leader
85988,Aiichiro,Brlek,9999-01-01,Staff
85990,Saeko,Jakobus,9999-01-01,Senior Engineer
85999,Arch,Dymetman,9999-01-01,Senior Staff
86003,Khaled,Zielinski,9999-01-01,Engineer
86005,Sahrah,Samarati,9999-01-01,Senior Staff
86014,Maris,Zeilberger,9999-01-01,Technique Leader
86016,Eldridge,Compeau,9999-01-01,Engineer
86023,Yuqun,Braunschweig,9999-01-01,Staff
86029,Yuguang,Cronau,9999-01-01,Senior Engineer
86037,Khaled,Badache,9999-01-01,Staff
86045,Leah,Kavanagh,9999-01-01,Engineer
86047,Ebru,Suppi,9999-01-01,Engineer
86052,Hidekazu,Badache,9999-01-01,Staff
86060,Arvind,Luce,9999-01-01,Senior Staff
86062,Zengping,Anido,9999-01-01,Staff
86065,Suebskul,Fetvedt,9999-01-01,Senior Engineer
86070,Diederik,Restivo,9999-01-01,Senior Engineer
86071,Premsyl,Kavvadias,9999-01-01,Staff
86074,Susanne,Zirintsis,9999-01-01,Senior Staff
86081,Valery,Iwayama,9999-01-01,Staff
86082,Marsha,Redmiles,9999-01-01,Senior Staff
86083,Parke,Spell,9999-01-01,Senior Engineer
86111,Flemming,Mondadori,9999-01-01,Senior Engineer
86139,Arif,Lichtman,9999-01-01,Staff
86155,Tadahiko,Luke,9999-01-01,Technique Leader
86157,Kwangsub,Demizu,9999-01-01,Assistant Engineer
86164,Adit,Rothe,9999-01-01,Senior Staff
86175,Marc,Herbst,9999-01-01,Senior Engineer
86178,Sakthirel,Krogh,9999-01-01,Staff
86183,Takahiro,Baja,9999-01-01,Senior Engineer
86196,Ugo,Cincotta,9999-01-01,Staff
86211,Shih,Vanwelkenhuysen,9999-01-01,Senior Engineer
86217,Mari,Asrin,9999-01-01,Assistant Engineer
86224,Shaunak,Ishibashi,9999-01-01,Senior Staff
86252,Mahendra,Selenyi,9999-01-01,Staff
86267,Masato,Guting,9999-01-01,Senior Engineer
86269,Kristinn,Swift,9999-01-01,Staff
86270,Prodip,Menhoudj,9999-01-01,Senior Staff
86271,Ipke,Llado,9999-01-01,Senior Staff
86275,Ipke,Genin,9999-01-01,Engineer
86282,Martien,Baak,9999-01-01,Staff
86284,Fabrizio,Wrigley,9999-01-01,Engineer
86287,Masami,Liesche,9999-01-01,Senior Staff
86297,Susuma,Feldmann,9999-01-01,Technique Leader
86305,Nadjib,Weisert,9999-01-01,Senior Engineer
86308,Dipankar,Muhling,9999-01-01,Engineer
86321,Shiv,Vasanthakumar,9999-01-01,Engineer
86342,Marit,Boguraev,9999-01-01,Engineer
86351,Jackson,Staylopatis,9999-01-01,Senior Staff
86357,Rosalyn,Sessa,9999-01-01,Technique Leader
86364,Shushma,Decaestecker,9999-01-01,Senior Engineer
86369,Barton,Stemann,9999-01-01,Senior Engineer
86395,Duke,Grospietsch,9999-01-01,Senior Staff
86404,Jungsoon,Quaggetto,9999-01-01,Engineer
86405,Sreekrishna,Bale,9999-01-01,Engineer
86416,Kazuhiro,Budinsky,9999-01-01,Senior Engineer
86436,Hilari,Kropf,9999-01-01,Senior Staff
86437,Zvonko,Bednarek,9999-01-01,Senior Engineer
86445,Chaoyi,Wynblatt,9999-01-01,Senior Staff
86448,Fumino,Garnier,9999-01-01,Engineer
86459,Gritta,Etalle,9999-01-01,Senior Staff
86480,Navid,Tramer,9999-01-01,Engineer
86491,Shuzo,Conta,9999-01-01,Senior Engineer
86494,Masato,Perng,9999-01-01,Senior Staff
86499,Lech,Escriba,9999-01-01,Senior Staff
86513,Yishay,Murtha,9999-01-01,Senior Staff
86527,Toshiko,Pollacia,9999-01-01,Staff
86539,Adam,Junet,9999-01-01,Senior Staff
86554,George,Itschner,9999-01-01,Engineer
86559,Weiye,Tsukuda,9999-01-01,Engineer
86561,Thodoros,Frolund,9999-01-01,Assistant Engineer
86564,Jaideep,Theuretzbacher,9999-01-01,Senior Engineer
86575,Berthier,Sinitsyn,9999-01-01,Staff
86600,Baocai,Baba,9999-01-01,Staff
86608,Honglan,Shigei,9999-01-01,Staff
86612,Yuchang,McAffer,9999-01-01,Staff
86617,Mingsen,Desikan,9999-01-01,Senior Staff
86626,Sashi,Polajnar,9999-01-01,Senior Staff
86629,Yolla,Sommer,9999-01-01,Staff
86631,Tristan,Isaac,9999-01-01,Senior Engineer
86634,Odysseas,Terlouw,9999-01-01,Technique Leader
86641,Kamran,Gladwell,9999-01-01,Senior Engineer
86654,Jeane,Taubenfeld,9999-01-01,Staff
86667,King,Slobodova,9999-01-01,Engineer
86674,Fumiya,Candan,9999-01-01,Staff
86690,Carrsten,Whitcomb,9999-01-01,Assistant Engineer
86691,Kagan,Serdy,9999-01-01,Staff
86715,Katsuo,Farrag,9999-01-01,Engineer
86746,Parke,Seiwald,9999-01-01,Senior Engineer
86751,Feiyu,Swick,9999-01-01,Senior Engineer
86754,Guadalupe,Vigier,9999-01-01,Senior Staff
86772,Kayoko,Chepyzhov,9999-01-01,Staff
86776,Palash,Danecki,9999-01-01,Senior Staff
86788,Golgen,Saoudi,9999-01-01,Staff
86817,Shmuel,Sommen,9999-01-01,Senior Engineer
86819,Wuxu,Bisiani,9999-01-01,Senior Staff
86822,Halsur,Veccia,9999-01-01,Senior Engineer
86823,Xiaopeng,Perly,9999-01-01,Engineer
86831,KayLiang,Nanard,9999-01-01,Staff
86832,Duro,Magalhaes,9999-01-01,Engineer
86838,Janche,Gecseg,9999-01-01,Senior Staff
86851,Kensyu,Schusler,9999-01-01,Senior Staff
86852,Lijie,McFarlin,9999-01-01,Engineer
86853,Dhritiman,Giveon,9999-01-01,Staff
86856,Vasilis,Perelgut,9999-01-01,Staff
86862,Pascal,Fetvedt,9999-01-01,Engineer
86871,Djenana,Zolotykh,9999-01-01,Senior Engineer
86887,Martijn,Roison,9999-01-01,Senior Staff
86905,Alenka,Streng,9999-01-01,Senior Engineer
86906,Adel,Fiutem,9999-01-01,Senior Engineer
86934,Jovan,Strooper,9999-01-01,Engineer
86941,Zhiguo,Tanemo,9999-01-01,Senior Staff
86947,Vitali,Hooghiemstra,9999-01-01,Senior Staff
86948,Rosita,Swan,9999-01-01,Staff
86951,Martijn,Coors,9999-01-01,Senior Engineer
86952,Richard,Oskamp,9999-01-01,Staff
86957,Aris,Guenter,9999-01-01,Senior Engineer
86969,Shai,Rijckaert,9999-01-01,Senior Engineer
86970,Hugo,Zizka,9999-01-01,Senior Engineer
86973,Shao,Honiden,9999-01-01,Engineer
86977,Volkmar,Hofstetter,9999-01-01,Senior Engineer
86984,Lakshmi,Kawashima,9999-01-01,Senior Engineer
87001,Sanjit,Maquelin,9999-01-01,Senior Staff
87022,Mario,Eterovic,9999-01-01,Senior Engineer
87028,Greger,Perfilyeva,9999-01-01,Engineer
87030,Shmuel,Prenel,9999-01-01,Staff
87043,Fay,Anily,9999-01-01,Engineer
87047,TRUE,Beilner,9999-01-01,Staff
87054,Szabolcs,Kandlur,9999-01-01,Senior Engineer
87059,Girolamo,Leuchs,9999-01-01,Staff
87060,Willard,Birdsall,9999-01-01,Senior Staff
87064,Ewing,Bednarek,9999-01-01,Engineer
87066,Jaber,Zobel,9999-01-01,Senior Staff
87070,Tsz,Farrow,9999-01-01,Senior Engineer
87078,Boalin,Muntz,9999-01-01,Senior Engineer
87091,Sashi,Hiraishi,9999-01-01,Senior Staff
87094,Stevo,Turnbull,9999-01-01,Engineer
87095,Jixiang,Laurillard,9999-01-01,Staff
87107,Kasturi,Peir,9999-01-01,Staff
87115,Charlene,Zyda,9999-01-01,Senior Staff
87133,Alexius,Schoegge,9999-01-01,Senior Staff
87137,Aluzio,Tsunoo,9999-01-01,Senior Staff
87144,Kshitij,Naudin,9999-01-01,Engineer
87152,Nakhoon,Byoun,9999-01-01,Senior Staff
87158,Nahid,Neiman,9999-01-01,Technique Leader
87160,Nevio,Gihr,9999-01-01,Senior Engineer
87161,Ennio,Sudkamp,9999-01-01,Senior Staff
87168,Herb,Beerel,9999-01-01,Senior Engineer
87170,Macha,Gide,9999-01-01,Senior Engineer
87186,Shaowei,Luby,9999-01-01,Senior Staff
87196,Caolyn,Ozery,9999-01-01,Engineer
87197,Shahab,Unni,9999-01-01,Senior Engineer
87199,Yefim,Luck,9999-01-01,Engineer
87202,Hatem,Coors,9999-01-01,Staff
87211,Ohad,Masada,9999-01-01,Assistant Engineer
87232,Arch,Thebaut,9999-01-01,Senior Engineer
87234,Boriana,Mungall,9999-01-01,Senior Staff
87246,Boaz,Melichar,9999-01-01,Staff
87269,IEEE,Etalle,9999-01-01,Staff
87274,Hilari,Gide,9999-01-01,Staff
87278,Masato,Kragelund,9999-01-01,Engineer
87284,Ranga,Fandrianto,9999-01-01,Senior Staff
87293,Kwangho,Champarnaud,9999-01-01,Senior Staff
87302,Martina,Garigliano,9999-01-01,Staff
87306,Mabhin,Speckmann,9999-01-01,Staff
87308,Shaz,Bresenham,9999-01-01,Staff
87319,Zita,Bain,9999-01-01,Senior Staff
87323,Akemi,Nastansky,9999-01-01,Senior Engineer
87336,Arco,Dusink,9999-01-01,Staff
87337,Huai,Barbanera,9999-01-01,Senior Staff
87339,Kamakshi,Aseltine,9999-01-01,Technique Leader
87357,Constantijn,Kambil,9999-01-01,Engineer
87359,Sadok,Bael,9999-01-01,Staff
87372,Maren,Stellhorn,9999-01-01,Senior Staff
87374,Sampalli,Maraist,9999-01-01,Senior Staff
87401,Shietung,Zweizig,9999-01-01,Senior Engineer
87415,Radhia,Thibadeau,9999-01-01,Engineer
87422,Mohamadou,Lorcy,9999-01-01,Senior Engineer
87442,Marjo,Jeong,9999-01-01,Assistant Engineer
87446,Theron,Wilharm,9999-01-01,Senior Engineer
87448,Weidon,Serna,9999-01-01,Assistant Engineer
87449,Golgen,Validov,9999-01-01,Assistant Engineer
87450,Xuedong,Shobatake,9999-01-01,Engineer
87451,Zhonghui,Denos,9999-01-01,Senior Engineer
87454,Terresa,Veeraraghavan,9999-01-01,Staff
87461,Moni,Decaestecker,9999-01-01,Senior Engineer
87476,Amabile,Niizuma,9999-01-01,Engineer
87480,Geoff,Mitzlaff,9999-01-01,Senior Staff
87483,Vesna,Baranowski,9999-01-01,Senior Engineer
87492,Susuma,Kushner,9999-01-01,Senior Engineer
87498,Rafols,Shobatake,9999-01-01,Staff
87504,Fumiya,Takanami,9999-01-01,Senior Engineer
87526,Turgut,Lanphier,9999-01-01,Staff
87560,Mansur,Gniady,9999-01-01,Senior Staff
87568,Erez,Usery,9999-01-01,Engineer
87585,Oscar,Morrin,9999-01-01,Engineer
87637,Qingxiang,Aamodt,9999-01-01,Staff
87638,Fay,Raczkowsky,9999-01-01,Senior Staff
87640,Shigehito,Swift,9999-01-01,Senior Engineer
87663,Lenore,Pews,9999-01-01,Senior Engineer
87671,Oldrich,Kandlur,9999-01-01,Senior Staff
87672,Sadok,Zlotek,9999-01-01,Senior Staff
87679,Guenter,Marciano,9999-01-01,Senior Staff
87681,IEEE,Birge,9999-01-01,Senior Engineer
87693,Mikhail,Osgood,9999-01-01,Technique Leader
87697,Sanjoy,Luit,9999-01-01,Staff
87723,Uwe,Kowalchuk,9999-01-01,Assistant Engineer
87738,Ipke,Sluis,9999-01-01,Senior Staff
87751,Lakshmi,Frolund,9999-01-01,Staff
87752,Yurii,Hasenauer,9999-01-01,Senior Staff
87757,Syozo,Ghalwash,9999-01-01,Assistant Engineer
87765,Theirry,Garnham,9999-01-01,Staff
87769,Subhrajyoti,Tomescu,9999-01-01,Engineer
87793,Fatemeh,Kakkar,9999-01-01,Staff
87796,Boriana,Middleton,9999-01-01,Senior Engineer
87806,Khatoun,Shokrollahi,9999-01-01,Staff
87807,Berni,Diderrich,9999-01-01,Senior Engineer
87824,Serenella,Falster,9999-01-01,Engineer
87829,Genki,Etalle,9999-01-01,Engineer
87840,Sungwon,Wendorf,9999-01-01,Engineer
87851,Aloys,Asser,9999-01-01,Staff
87852,Nikolaos,Pokrovskii,9999-01-01,Senior Staff
87856,Lunjin,Erol,9999-01-01,Senior Staff
87869,Alassane,Luit,9999-01-01,Senior Staff
87875,Anneli,Reeker,9999-01-01,Senior Engineer
87876,Dante,Perfilyeva,9999-01-01,Senior Engineer
87881,Yechezkel,Masaki,9999-01-01,Senior Engineer
87897,Tzu,Suwa,9999-01-01,Staff
87902,Phuoc,Compeau,9999-01-01,Senior Engineer
87944,Mahendra,Schmezko,9999-01-01,Senior Engineer
87948,Subhash,Kalafatis,9999-01-01,Engineer
87951,Ottavia,Rohrbach,9999-01-01,Engineer
87958,Leandro,Mattern,9999-01-01,Senior Engineer
87964,Alejandro,Luon,9999-01-01,Senior Staff
87974,Shunichi,Peac,9999-01-01,Senior Staff
87982,Lijia,Conia,9999-01-01,Engineer
87991,Fusako,Gubsky,9999-01-01,Senior Staff
87992,Moriyoshi,Iivonen,9999-01-01,Senior Staff
87993,Masasuke,Hiraishi,9999-01-01,Assistant Engineer
88005,Mrinalini,Brookman,9999-01-01,Engineer
88010,Prodip,Ventosa,9999-01-01,Staff
88015,Dmitry,Akiyama,9999-01-01,Assistant Engineer
88032,Urs,Serra,9999-01-01,Senior Staff
88033,Masato,Callaway,9999-01-01,Senior Engineer
88038,Monique,Jarecki,9999-01-01,Engineer
88060,Emdad,Ferriere,9999-01-01,Engineer
88079,Karlis,Hmelo,9999-01-01,Staff
88080,Mack,Heuser,9999-01-01,Senior Staff
88089,Kwok,Alpin,9999-01-01,Senior Engineer
88101,Zongyan,Strooper,9999-01-01,Engineer
88116,Luerbio,Butterworth,9999-01-01,Senior Engineer
88127,Sushant,Hooghiemstra,9999-01-01,Senior Staff
88136,Shir,Stille,9999-01-01,Engineer
88137,Domenick,Brodie,9999-01-01,Senior Engineer
88145,Sanjit,Ernst,9999-01-01,Engineer
88190,Lech,Radivojevic,9999-01-01,Staff
88191,Monique,Sigstam,9999-01-01,Engineer
88195,Ghassan,Krogh,9999-01-01,Senior Engineer
88213,Zvonko,Varman,9999-01-01,Technique Leader
88219,Palash,Krzyzanowski,9999-01-01,Senior Engineer
88246,Munenori,Slobodova,9999-01-01,Senior Staff
88247,Marjo,Fasbender,9999-01-01,Senior Staff
88255,Tesuro,Barbanera,9999-01-01,Senior Staff
88260,Miomir,Krzyzanowski,9999-01-01,Senior Engineer
88262,Sham,Stassinopoulos,9999-01-01,Senior Engineer
88269,Demin,Kaelbling,9999-01-01,Senior Staff
88287,Parke,Reistad,9999-01-01,Engineer
88298,Shuji,Vidya,9999-01-01,Engineer
88314,Tsutomu,Denti,9999-01-01,Engineer
88340,Gad,Fiutem,9999-01-01,Senior Staff
88346,Francesca,Wissmann,9999-01-01,Senior Engineer
88353,Anneke,Ranka,9999-01-01,Engineer
88354,Lijia,Jiafu,9999-01-01,Senior Staff
88358,Trygve,Salinas,9999-01-01,Senior Engineer
88377,Mrinalini,Sifakis,9999-01-01,Senior Engineer
88378,Shaz,Rodier,9999-01-01,Engineer
88381,Jackson,Bondorf,9999-01-01,Senior Staff
88382,Genta,Penz,9999-01-01,Assistant Engineer
88385,Tran,Besancenot,9999-01-01,Senior Staff
88386,Jiann,Bondorf,9999-01-01,Senior Engineer
88387,Sanjeeva,Lundstrom,9999-01-01,Engineer
88389,Jiakeng,Waymire,9999-01-01,Staff
88393,Kauko,Farris,9999-01-01,Senior Engineer
88399,Thodoros,Pettit,9999-01-01,Staff
88401,Evgueni,Eiter,9999-01-01,Senior Staff
88403,Nigel,Ramaiah,9999-01-01,Staff
88408,Rasiah,Skrikant,9999-01-01,Senior Staff
88419,Luerbio,Murillo,9999-01-01,Technique Leader
88421,Mariusz,Kusalik,9999-01-01,Staff
88441,Mart,Moehrke,9999-01-01,Senior Engineer
88449,Lihong,Naudin,9999-01-01,Senior Engineer
88489,Monique,Soloway,9999-01-01,Senior Engineer
88491,Mabry,Swiler,9999-01-01,Staff
88495,Wilmer,Molenaar,9999-01-01,Senior Staff
88503,Anestis,Rosenbaum,9999-01-01,Senior Engineer
88512,Giao,Vigier,9999-01-01,Senior Engineer
88524,Zorica,Einsfeld,9999-01-01,Senior Engineer
88543,Geoff,Brodie,9999-01-01,Senior Engineer
88544,Yannik,Gilg,9999-01-01,Senior Staff
88548,Baruch,Heijenga,9999-01-01,Senior Engineer
88556,Ute,Ravishankar,9999-01-01,Assistant Engineer
88563,Mototsugu,Rodite,9999-01-01,Staff
88570,Genta,Rosenbaum,9999-01-01,Senior Engineer
88579,Vasilii,Himler,9999-01-01,Senior Engineer
88584,Sakthirel,Rikino,9999-01-01,Senior Engineer
88597,Zita,Narwekar,9999-01-01,Senior Engineer
88599,Kristin,Schneeberger,9999-01-01,Senior Engineer
88600,Bernd,Ranze,9999-01-01,Senior Staff
88615,Weicheng,Shrader,9999-01-01,Senior Staff
88616,Tadahiro,Esposito,9999-01-01,Engineer
88628,Guoxiang,Polajnar,9999-01-01,Assistant Engineer
88636,Xiping,Jeansoulin,9999-01-01,Engineer
88646,Joydip,Niizuma,9999-01-01,Engineer
88656,Oddvar,Parveen,9999-01-01,Technique Leader
88661,Moheb,Frijda,9999-01-01,Engineer
88663,Adly,Deville,9999-01-01,Senior Engineer
88679,Genta,Lichtner,9999-01-01,Senior Staff
88681,Genta,Alvarado,9999-01-01,Senior Engineer
88698,Mary,Lundstrom,9999-01-01,Senior Staff
88701,Terresa,Krzyzanowski,9999-01-01,Senior Engineer
88707,Adit,Ermel,9999-01-01,Engineer
88722,Falguni,Lagarias,9999-01-01,Engineer
88741,Ottavia,Rattan,9999-01-01,Engineer
88748,Satoru,Sigstam,9999-01-01,Staff
88754,Garnet,Thorensen,9999-01-01,Staff
88764,Aloys,Turnbull,9999-01-01,Senior Staff
88765,Xuejun,Honglei,9999-01-01,Engineer
88770,Jaroslava,Mukaidono,9999-01-01,Staff
88772,Bangqing,Pesch,9999-01-01,Senior Engineer
88776,Bedir,Kaiser,9999-01-01,Staff
88778,Mohammed,Gruenwald,9999-01-01,Engineer
88788,Aamer,Picel,9999-01-01,Senior Staff
88791,Yunming,Salvesen,9999-01-01,Engineer
88792,Stevo,Reghbati,9999-01-01,Senior Engineer
88796,Mang,Erol,9999-01-01,Assistant Engineer
88803,Bikash,Zambonelli,9999-01-01,Engineer
88806,Laurentiu,Ernst,9999-01-01,Staff
88821,Shen,Gihr,9999-01-01,Engineer
88825,Fun,Alvarado,9999-01-01,Staff
88830,Shih,Auria,9999-01-01,Engineer
88835,Gad,Nivat,9999-01-01,Assistant Engineer
88865,Lalit,Peng,9999-01-01,Engineer
88869,Miomir,Plump,9999-01-01,Senior Engineer
88890,Pranjal,Aloisi,9999-01-01,Staff
88893,Shaleah,Shanbhogue,9999-01-01,Senior Engineer
88905,Yakichi,Muhlberg,9999-01-01,Senior Engineer
88914,Masali,Ozeki,9999-01-01,Senior Engineer
88919,Aleksander,Savasere,9999-01-01,Technique Leader
88924,Qiwen,Alameldin,9999-01-01,Senior Engineer
88936,Hironobu,Belinskaya,9999-01-01,Senior Staff
88937,Angel,Waschkowski,9999-01-01,Engineer
88938,Rosine,Detkin,9999-01-01,Staff
88942,Leif,Senzako,9999-01-01,Senior Engineer
88945,Miomir,Jahnichen,9999-01-01,Senior Staff
88947,Ronghao,Marletta,9999-01-01,Senior Staff
88973,Ingemar,Peng,9999-01-01,Engineer
88975,Miomir,Baak,9999-01-01,Staff
88976,Younwoo,Peron,9999-01-01,Senior Staff
88987,Miomir,Prenel,9999-01-01,Engineer
88989,Jaber,Gulik,9999-01-01,Senior Staff
88997,Leif,Giveon,9999-01-01,Engineer
89001,Zeydy,Sommen,9999-01-01,Senior Staff
89002,Luisa,Pelz,9999-01-01,Senior Engineer
89010,Jingling,Weisert,9999-01-01,Engineer
89014,Piyush,Jiafu,9999-01-01,Engineer
89022,Atilio,Orlowski,9999-01-01,Staff
89026,Rafols,Siprelle,9999-01-01,Senior Staff
89030,Xinglin,Prochazka,9999-01-01,Senior Engineer
89033,Sailaja,Jansen,9999-01-01,Senior Engineer
89038,Troy,Kambil,9999-01-01,Senior Engineer
89039,Marek,Quadeer,9999-01-01,Engineer
89043,Mohammed,Riefers,9999-01-01,Engineer
89047,Rayond,Ishibashi,9999-01-01,Engineer
89051,Demos,Ritzmann,9999-01-01,Senior Staff
89053,Arunachalam,Bolsens,9999-01-01,Senior Engineer
89060,Matt,Chandrasekhar,9999-01-01,Senior Engineer
89063,Gen,Marshall,9999-01-01,Senior Engineer
89074,Dmitry,Chandrasekhar,9999-01-01,Staff
89080,Gil,Smeets,9999-01-01,Engineer
89112,Kwangho,Zeidenstein,9999-01-01,Engineer
89119,Pranjal,Cyne,9999-01-01,Engineer
89123,Leen,Selvestrel,9999-01-01,Engineer
89125,Danel,Sinitsyn,9999-01-01,Technique Leader
89133,Fumino,Kermarrec,9999-01-01,Technique Leader
89136,Poornachandra,Swab,9999-01-01,Engineer
89148,Mads,Heering,9999-01-01,Senior Engineer
89154,Dietrich,Isaak,9999-01-01,Staff
89158,Qingxiang,Marwedel,9999-01-01,Senior Engineer
89162,Yongqiao,Melter,9999-01-01,Staff
89179,Weijing,Kranzdorf,9999-01-01,Senior Staff
89184,Chriss,Fargier,9999-01-01,Senior Staff
89186,Gor,Marshall,9999-01-01,Senior Engineer
89194,Arunachalam,Picht,9999-01-01,Senior Staff
89232,Remzi,Herath,9999-01-01,Staff
89240,Arfst,Ecklund,9999-01-01,Engineer
89265,Munir,Gopalakrishnan,9999-01-01,Senior Staff
89270,Francoise,Chachaty,9999-01-01,Engineer
89275,Menkae,Jonsson,9999-01-01,Senior Staff
89300,Xiaoqiang,Schaar,9999-01-01,Senior Engineer
89305,Nidapan,Bernardinello,9999-01-01,Senior Engineer
89315,Susumu,Montemayor,9999-01-01,Senior Staff
89318,Uli,Plump,9999-01-01,Senior Staff
89331,Ranga,Narahara,9999-01-01,Senior Engineer
89333,Mona,Iisaka,9999-01-01,Engineer
89353,Mostafa,Akiyama,9999-01-01,Engineer
89354,Aiman,Schicker,9999-01-01,Senior Staff
89362,Jiafu,Flasterstein,9999-01-01,Engineer
89374,Ingemar,Itzigehl,9999-01-01,Engineer
89381,Paraskevi,Anily,9999-01-01,Senior Staff
89388,Divier,Hasenauer,9999-01-01,Senior Engineer
89391,Aram,Steenbeek,9999-01-01,Senior Staff
89392,Leen,Casperson,9999-01-01,Senior Engineer
89399,Erzsebet,Smeets,9999-01-01,Senior Engineer
89404,Arnd,Peng,9999-01-01,Staff
89416,Mariangiola,Nitsch,9999-01-01,Senior Staff
89425,Chandrasekaran,Baba,9999-01-01,Senior Staff
89431,Yunming,Pileggi,9999-01-01,Senior Engineer
89448,Vidya,Akiyama,9999-01-01,Staff
89457,Kousuke,Peir,9999-01-01,Engineer
89476,Xiaoqiang,Perna,9999-01-01,Senior Engineer
89480,Palash,Angelov,9999-01-01,Staff
89507,Diederik,Orlowska,9999-01-01,Engineer
89512,Susanta,Lung,9999-01-01,Assistant Engineer
89525,Kristin,Pleszkun,9999-01-01,Engineer
89537,Gaurav,Tasistro,9999-01-01,Technique Leader
89553,Gilbert,Pocchiola,9999-01-01,Engineer
89567,Kankanahalli,Masand,9999-01-01,Senior Staff
89573,Ute,Varley,9999-01-01,Senior Staff
89598,Nectarios,Alpin,9999-01-01,Engineer
89608,Susanne,Niizuma,9999-01-01,Senior Staff
89624,Pohua,Cherinka,9999-01-01,Technique Leader
89632,Hausi,Theuretzbacher,9999-01-01,Senior Staff
89640,Sreekrishna,Muhling,9999-01-01,Staff
89641,Geoff,Lundstrom,9999-01-01,Staff
89669,Ult,Miake,9999-01-01,Technique Leader
89672,Ebbe,Feldmann,9999-01-01,Senior Engineer
89694,Dulce,Wuwongse,9999-01-01,Staff
89699,Uma,Keustermans,9999-01-01,Senior Engineer
89715,Toshimori,Sanella,9999-01-01,Engineer
89724,Naftali,Kalorkoti,9999-01-01,Senior Staff
89743,Hugo,Ferriere,9999-01-01,Technique Leader
89755,Lalit,Klerer,9999-01-01,Staff
89760,Mandell,Ducloy,9999-01-01,Staff
89776,Seongbae,Remmers,9999-01-01,Senior Staff
89783,Volkmar,Georg,9999-01-01,Senior Staff
89785,Amabile,Beerel,9999-01-01,Senior Staff
89795,Yinlin,Kirkerud,9999-01-01,Senior Engineer
89801,Zvonko,Giarratana,9999-01-01,Staff
89812,Boriana,Vingron,9999-01-01,Senior Engineer
89825,Ingmar,Isard,9999-01-01,Senior Staff
89838,Zhonghua,Luby,9999-01-01,Senior Engineer
89843,Boalin,Ghelli,9999-01-01,Staff
89859,Guangming,Lalonde,9999-01-01,Assistant Engineer
89872,Visit,Bugrara,9999-01-01,Staff
89882,Abdulla,Murrill,9999-01-01,Engineer
89883,Berry,Paludetto,9999-01-01,Senior Staff
89885,Supot,Zumaque,9999-01-01,Senior Engineer
89887,Zhonghui,Munro,9999-01-01,Senior Staff
89904,Ottavia,Olivero,9999-01-01,Staff
89912,Dietrich,Ouhyoung,9999-01-01,Engineer
89915,Qunsheng,Lores,9999-01-01,Engineer
89932,Kerryn,Sanella,9999-01-01,Senior Engineer
89939,Zhongwei,Larfeldt,9999-01-01,Senior Staff
89961,Yuping,Stenning,9999-01-01,Senior Staff
89969,Conrado,Cappelletti,9999-01-01,Staff
89981,Shahaf,Masamoto,9999-01-01,Senior Engineer
90009,Denny,Ozeki,9999-01-01,Assistant Engineer
90013,Guenter,Cappelli,9999-01-01,Staff
90020,Oldrich,Holburn,9999-01-01,Senior Engineer
90029,Boaz,Melton,9999-01-01,Senior Engineer
90048,Odinaldo,Duclos,9999-01-01,Staff
90052,Gill,Cangellaris,9999-01-01,Staff
90059,Fumiyo,Setia,9999-01-01,Senior Engineer
90061,Supot,Ramaiah,9999-01-01,Engineer
90070,Remmert,Chiola,9999-01-01,Senior Staff
90080,Hyuncheol,Taubenfeld,9999-01-01,Engineer
90110,Przemyslawa,Orsini,9999-01-01,Engineer
90122,Taisook,Halevi,9999-01-01,Staff
90125,Shugo,Reghbati,9999-01-01,Technique Leader
90138,Shin,Selvestrel,9999-01-01,Engineer
90145,Steen,Walstra,9999-01-01,Senior Engineer
90147,Tomokazu,Plump,9999-01-01,Staff
90152,Chenye,Birrer,9999-01-01,Senior Engineer
90163,Harjit,Ghandeharizadeh,9999-01-01,Senior Engineer
90189,Tzu,Bernardeschi,9999-01-01,Senior Engineer
90213,Kotesh,Kobara,9999-01-01,Senior Engineer
90215,Poorav,Liesche,9999-01-01,Staff
90233,Martien,Setlzner,9999-01-01,Senior Staff
90250,Richard,Sluis,9999-01-01,Staff
90256,Toney,Brender,9999-01-01,Assistant Engineer
90261,Rimli,Merle,9999-01-01,Engineer
90270,Djenana,Spieker,9999-01-01,Engineer
90272,Dinah,Tramer,9999-01-01,Senior Staff
90277,Conor,Alencar,9999-01-01,Senior Engineer
90279,Arch,Geffroy,9999-01-01,Senior Staff
90288,Jaideep,Shumilov,9999-01-01,Senior Engineer
90309,Zengping,Siegrist,9999-01-01,Engineer
90314,Masaki,Rosen,9999-01-01,Senior Staff
90327,Jacopo,Chiola,9999-01-01,Senior Staff
90329,Palash,Renear,9999-01-01,Senior Staff
90336,Shridhar,Chaudhury,9999-01-01,Staff
90342,King,Koshiba,9999-01-01,Senior Staff
90345,Willard,Liedekerke,9999-01-01,Engineer
90348,Makato,Merks,9999-01-01,Staff
90353,Mingzeng,Cooley,9999-01-01,Senior Engineer
90357,Honglan,Lunn,9999-01-01,Senior Engineer
90367,Josyula,Riexinger,9999-01-01,Engineer
90386,Marc,Rosis,9999-01-01,Engineer
90390,Marko,Kadhim,9999-01-01,Senior Staff
90405,Theirry,Muchinsky,9999-01-01,Staff
90411,Shahid,Gimbel,9999-01-01,Senior Staff
90413,Qunsheng,Ramamoorthy,9999-01-01,Senior Engineer
90425,Masasuke,Schrift,9999-01-01,Technique Leader
90428,Niranjan,Braunschweig,9999-01-01,Staff
90442,Suzette,Merkl,9999-01-01,Staff
90453,Beshir,Pashtan,9999-01-01,Engineer
90458,Rimli,Kadhim,9999-01-01,Senior Staff
90463,Takahito,Fabrizio,9999-01-01,Staff
90480,Fai,Mitina,9999-01-01,Engineer
90481,Goh,Kemmerer,9999-01-01,Senior Staff
90493,Ravishankar,Fargier,9999-01-01,Senior Staff
90519,Syozo,Rodite,9999-01-01,Staff
90522,IEEE,Beerel,9999-01-01,Engineer
90527,Shuzo,Erman,9999-01-01,Engineer
90536,Leah,Hutton,9999-01-01,Engineer
90559,Amalendu,Schlegelmilch,9999-01-01,Senior Staff
90572,Naraig,Tokunaga,9999-01-01,Senior Engineer
90582,Tuval,Akiyama,9999-01-01,Senior Engineer
90589,Bluma,Reinhard,9999-01-01,Senior Engineer
90591,Mark,Vesna,9999-01-01,Senior Staff
90603,Kristine,Birge,9999-01-01,Senior Engineer
90637,Kauko,Kusakabe,9999-01-01,Senior Staff
90642,Yinlin,Savasere,9999-01-01,Engineer
90648,Christoper,Bottner,9999-01-01,Senior Staff
90661,Christ,Marquardt,9999-01-01,Senior Engineer
90664,Ziva,Backhouse,9999-01-01,Staff
90672,Xiaoqiang,Vernadat,9999-01-01,Senior Engineer
90673,Younwoo,Hutton,9999-01-01,Engineer
90674,Tzu,Nastansky,9999-01-01,Staff
90680,Frederique,Nyrup,9999-01-01,Senior Engineer
90687,Babette,Limongiello,9999-01-01,Senior Engineer
90703,Badri,Perz,9999-01-01,Senior Staff
90714,Boriana,Manderick,9999-01-01,Senior Staff
90734,Alejandro,Zirintsis,9999-01-01,Technique Leader
90743,Rayond,Emden,9999-01-01,Senior Staff
90745,Richard,Marletta,9999-01-01,Senior Engineer
90749,Martins,Vesna,9999-01-01,Staff
90760,Hein,Vingron,9999-01-01,Senior Engineer
90762,Paris,Choobineh,9999-01-01,Staff
90765,Lein,Neiman,9999-01-01,Senior Engineer
90771,Divier,Luon,9999-01-01,Senior Engineer
90776,Bouchung,Skrikant,9999-01-01,Staff
90778,Leucio,Kaiserswerth,9999-01-01,Assistant Engineer
90793,Jinpo,Acton,9999-01-01,Engineer
90802,Magy,Isard,9999-01-01,Engineer
90805,Masoud,Sessa,9999-01-01,Technique Leader
90821,Jingling,Kadhim,9999-01-01,Senior Engineer
90857,Kish,Thisen,9999-01-01,Staff
90862,Masadi,Billingsley,9999-01-01,Senior Staff
90867,Kristin,Parfitt,9999-01-01,Senior Engineer
90878,Odysseas,Tagansky,9999-01-01,Senior Engineer
90880,Prodip,Einsfeld,9999-01-01,Senior Staff
90886,Harngdar,Heusch,9999-01-01,Engineer
90889,Berhard,Braccini,9999-01-01,Senior Engineer
90895,Guenter,Lorch,9999-01-01,Senior Engineer
90903,Richara,Sadowski,9999-01-01,Engineer
90908,Toshimi,Cronan,9999-01-01,Senior Staff
90912,Kazunori,Feldmann,9999-01-01,Senior Engineer
90913,Xiahua,Levergood,9999-01-01,Senior Engineer
90914,Danel,Mandell,9999-01-01,Engineer
90923,Raimond,Bhattacharjee,9999-01-01,Staff
90925,Odinaldo,Bugrara,9999-01-01,Senior Staff
90931,Sadun,Rousseau,9999-01-01,Senior Staff
90936,Xinglin,Yavatkar,9999-01-01,Senior Staff
90946,Arunas,Chaudhuri,9999-01-01,Engineer
90948,Gully,Matteis,9999-01-01,Senior Staff
90964,Basil,Kuszyk,9999-01-01,Senior Staff
90975,Dulce,Brickell,9999-01-01,Technique Leader
90978,Ramya,Ouhyoung,9999-01-01,Senior Staff
90994,Xinyu,Merel,9999-01-01,Engineer
90998,Jessie,Schwartzbauer,9999-01-01,Senior Staff
91009,Minghong,Liedekerke,9999-01-01,Senior Engineer
91018,Vitali,Binding,9999-01-01,Senior Engineer
91022,Alagu,Kropatsch,9999-01-01,Technique Leader
91023,Volkmar,Nitsche,9999-01-01,Technique Leader
91029,Navin,Crooks,9999-01-01,Staff
91034,Masali,Hopewell,9999-01-01,Engineer
91058,Weijing,Litzkow,9999-01-01,Senior Staff
91080,Parviz,Skogmar,9999-01-01,Senior Staff
91093,Josyula,Luders,9999-01-01,Staff
91101,Gennady,Siksek,9999-01-01,Senior Staff
91107,Fuqing,Hmelo,9999-01-01,Staff
91113,Goncalo,Begiun,9999-01-01,Staff
91126,Constantijn,Piazza,9999-01-01,Senior Engineer
91127,Phuoc,Baar,9999-01-01,Senior Staff
91139,Gererd,Quittner,9999-01-01,Staff
91150,Kwee,Schaad,9999-01-01,Senior Staff
91153,Yefim,Clouatre,9999-01-01,Senior Engineer
91187,Shigehito,Falby,9999-01-01,Senior Staff
91204,Wanqing,Shigei,9999-01-01,Senior Engineer
91217,Xuedong,Nilsson,9999-01-01,Senior Staff
91225,Pranjal,Mamelak,9999-01-01,Staff
91227,Spyrose,Bala,9999-01-01,Assistant Engineer
91228,Hauke,Leijenhorst,9999-01-01,Engineer
91243,Mads,Anick,9999-01-01,Staff
91246,Xiaoshan,Makrucki,9999-01-01,Engineer
91265,Somnath,Ohori,9999-01-01,Staff
91270,Xiahua,Hiraishi,9999-01-01,Senior Engineer
91274,Khalid,Gecsel,9999-01-01,Senior Engineer
91307,Gladys,Erva,9999-01-01,Senior Engineer
91310,Gaurav,Kakkad,9999-01-01,Senior Staff
91314,Hilari,Fendler,9999-01-01,Senior Engineer
91325,Phillip,Beutelspacher,9999-01-01,Senior Staff
91341,Weiru,Fontan,9999-01-01,Senior Engineer
91348,Basim,Muchinsky,9999-01-01,Senior Staff
91350,Boriana,Murrill,9999-01-01,Staff
91365,Xudong,Caine,9999-01-01,Senior Engineer
91367,Kerryn,Sluis,9999-01-01,Senior Staff
91373,Shigenori,Cusworth,9999-01-01,Senior Staff
91387,Shakhar,Jumpertz,9999-01-01,Engineer
91395,Golgen,Aseltine,9999-01-01,Senior Staff
91401,Taegyun,Fetvedt,9999-01-01,Senior Engineer
91411,Chenyi,Keirsey,9999-01-01,Senior Engineer
91413,Ekawit,Asser,9999-01-01,Senior Engineer
91420,Jacqueline,Suppi,9999-01-01,Senior Staff
91424,Mabry,Talmon,9999-01-01,Senior Engineer
91429,Shaunak,Pollock,9999-01-01,Staff
91438,Feiyu,Comellas,9999-01-01,Senior Engineer
91451,Akeno,Savasere,9999-01-01,Assistant Engineer
91452,Nevio,Flasterstein,9999-01-01,Senior Staff
91457,Volkmar,Schusler,9999-01-01,Senior Staff
91473,Gadiel,Kuzuoka,9999-01-01,Engineer
91475,Pranay,Raczkowsky,9999-01-01,Senior Staff
91489,Leucio,Viele,9999-01-01,Senior Staff
91493,Filipe,Gien,9999-01-01,Engineer
91496,Sven,Casperson,9999-01-01,Senior Staff
91500,Bogdan,Kriebel,9999-01-01,Engineer
91506,Lillian,Isaac,9999-01-01,Senior Staff
91510,Chandrasekaran,Murthy,9999-01-01,Senior Engineer
91516,Kolar,Bazzichi,9999-01-01,Staff
91517,Serif,Hofstetter,9999-01-01,Staff
91519,Danco,Panienski,9999-01-01,Senior Staff
91521,Akeel,Murthy,9999-01-01,Staff
91527,Basant,Klerer,9999-01-01,Staff
91541,Slavian,McFarlin,9999-01-01,Staff
91557,Yuping,Gomatam,9999-01-01,Staff
91563,Hugh,Munos,9999-01-01,Engineer
91566,Hongzue,Rohrbach,9999-01-01,Senior Staff
91583,Dinkar,Kroft,9999-01-01,Senior Staff
91607,Josyula,Speckmann,9999-01-01,Senior Engineer
91608,Sachio,Osgood,9999-01-01,Staff
91614,Yechezkel,Wixon,9999-01-01,Senior Engineer
91620,Jenwei,McDermid,9999-01-01,Engineer
91623,Haldun,Manderick,9999-01-01,Staff
91630,Saniya,Maquelin,9999-01-01,Engineer
91637,Gino,Menhoudj,9999-01-01,Staff
91638,Youjian,Siprelle,9999-01-01,Senior Engineer
91656,Clyde,Collavizza,9999-01-01,Senior Engineer
91675,Parke,Wrigley,9999-01-01,Senior Staff
91688,Vishv,Veevers,9999-01-01,Engineer
91694,Maha,Showalter,9999-01-01,Senior Engineer
91702,Kensei,Stanfel,9999-01-01,Engineer
91708,Mori,Bahi,9999-01-01,Engineer
91720,Phillip,Suwa,9999-01-01,Engineer
91722,Yonghoan,Dolinsky,9999-01-01,Engineer
91746,Kiam,Cools,9999-01-01,Engineer
91763,Abdulla,Gronowski,9999-01-01,Engineer
91774,Hugo,Pietracaprina,9999-01-01,Senior Staff
91775,Kristian,Nishimukai,9999-01-01,Senior Engineer
91799,Dayanand,Gill,9999-01-01,Senior Engineer
91802,Alassane,Meriste,9999-01-01,Staff
91807,Susuma,Masaki,9999-01-01,Senior Engineer
91813,Zhiwei,Bernini,9999-01-01,Staff
91820,Arunachalam,Hofman,9999-01-01,Senior Engineer
91845,Caolyn,Zeidenstein,9999-01-01,Senior Engineer
91846,Subbu,Selvestrel,9999-01-01,Staff
91850,Rasikan,Keirsey,9999-01-01,Engineer
91871,Selwyn,Androutsos,9999-01-01,Senior Engineer
91885,Fai,Moehrke,9999-01-01,Engineer
91888,Peer,Werthner,9999-01-01,Senior Engineer
91898,Dines,Brlek,9999-01-01,Senior Staff
91903,Rosalie,Kaiser,9999-01-01,Engineer
91904,Cordelia,Penttonen,9999-01-01,Senior Staff
91908,Munenori,Kalsbeek,9999-01-01,Staff
91912,Dzung,Marletta,9999-01-01,Senior Engineer
91913,Alain,Hofmeyr,9999-01-01,Engineer
91927,Yongqiao,Valtorta,9999-01-01,Senior Staff
91932,Zhenhua,Crooks,9999-01-01,Senior Engineer
91933,Alassane,Radivojevic,9999-01-01,Engineer
91947,Bikash,Slaats,9999-01-01,Engineer
91953,Nirmal,Luks,9999-01-01,Staff
92003,Martial,Matheson,9999-01-01,Senior Engineer
92027,Georg,Adachi,9999-01-01,Engineer
92043,Chriss,Lortz,9999-01-01,Senior Engineer
92053,Uri,Gonthier,9999-01-01,Engineer
92054,Gonzalo,Cooley,9999-01-01,Technique Leader
92063,Deniz,Olivero,9999-01-01,Senior Staff
92089,Youjian,Fiutem,9999-01-01,Engineer
92093,Ulises,Diderrich,9999-01-01,Engineer
92095,Ekawit,Pargaonkar,9999-01-01,Senior Engineer
92117,Djelloul,Hammerschmidt,9999-01-01,Assistant Engineer
92133,Tran,Sommer,9999-01-01,Senior Staff
92136,Isaac,Kamber,9999-01-01,Engineer
92140,Heping,Khasidashvili,9999-01-01,Senior Engineer
92144,Ymte,Rosar,9999-01-01,Senior Staff
92145,Marl,Schueller,9999-01-01,Staff
92157,Ioana,Matzel,9999-01-01,Senior Staff
92185,Sarita,Cannane,9999-01-01,Senior Staff
92191,Conal,Ossenbruggen,9999-01-01,Staff
92210,Kazuhito,Assaf,9999-01-01,Engineer
92225,Make,Versino,9999-01-01,Staff
92235,Leni,Bauknecht,9999-01-01,Senior Staff
92248,Alejandro,Liesche,9999-01-01,Senior Engineer
92251,Jianhao,Furudate,9999-01-01,Assistant Engineer
92262,Danae,Imataki,9999-01-01,Technique Leader
92263,Takahiro,Spataro,9999-01-01,Senior Staff
92285,Mart,Benaini,9999-01-01,Engineer
92305,Srinidhi,Nooteboom,9999-01-01,Engineer
92313,Xudong,Setia,9999-01-01,Senior Staff
92322,Jolita,Grospietsch,9999-01-01,Staff
92323,Florina,Azuma,9999-01-01,Staff
92338,Fun,Verspoor,9999-01-01,Senior Engineer
92340,Berhard,Nitsch,9999-01-01,Senior Engineer
92344,Paloma,Hanabata,9999-01-01,Senior Engineer
92354,Chaosheng,Lammel,9999-01-01,Staff
92373,Angus,Lupu,9999-01-01,Senior Engineer
92385,Nagui,Armand,9999-01-01,Staff
92415,Zorica,Lemarechal,9999-01-01,Senior Staff
92417,Aimee,Pollacia,9999-01-01,Staff
92429,Mariusz,Yurov,9999-01-01,Senior Engineer
92441,Shugo,Bennet,9999-01-01,Senior Staff
92442,Lenore,Birdsall,9999-01-01,Senior Engineer
92466,Rajmohan,Varman,9999-01-01,Senior Staff
92479,Jinpo,Leuchs,9999-01-01,Senior Engineer
92485,Hein,Turnbull,9999-01-01,Senior Staff
92489,Bowen,Murthy,9999-01-01,Senior Staff
92493,Constantijn,Merro,9999-01-01,Engineer
92508,Alassane,Baaz,9999-01-01,Senior Staff
92513,Honesty,Asrin,9999-01-01,Senior Engineer
92517,Mamdouh,Suessmith,9999-01-01,Assistant Engineer
92533,Martine,Eastman,9999-01-01,Senior Staff
92535,Sarita,Pero,9999-01-01,Senior Staff
92536,Nitsan,Rouquie,9999-01-01,Staff
92563,Kensyu,Ranze,9999-01-01,Senior Engineer
92592,Kirk,Lorho,9999-01-01,Staff
92627,Xiaoshan,Yurek,9999-01-01,Senior Staff
92637,Adhemar,Denos,9999-01-01,Senior Engineer
92644,Hideo,Baig,9999-01-01,Senior Engineer
92646,Xianlong,Fadgyas,9999-01-01,Senior Engineer
92652,Pramod,Mansanne,9999-01-01,Engineer
92667,Aloke,Takanami,9999-01-01,Engineer
92683,Kwan,Bouloucos,9999-01-01,Engineer
92688,Mitsuyuki,Schahn,9999-01-01,Technique Leader
92690,Jackson,Yurov,9999-01-01,Engineer
92720,Sungwon,Bondorf,9999-01-01,Engineer
92757,Valery,Waymire,9999-01-01,Technique Leader
92770,Sudharsan,Braunmuhl,9999-01-01,Engineer
92776,Elzbieta,Schapiro,9999-01-01,Senior Staff
92785,Lunjin,Underwood,9999-01-01,Engineer
92796,Susumu,Tagansky,9999-01-01,Technique Leader
92801,Marco,Vrecion,9999-01-01,Engineer
92802,Alair,Luks,9999-01-01,Staff
92808,Hinrich,Junet,9999-01-01,Staff
92821,Ute,Journel,9999-01-01,Senior Staff
92829,Nechama,Kalefeld,9999-01-01,Senior Engineer
92833,Jeanna,Jullig,9999-01-01,Staff
92835,Freyja,Godskesen,9999-01-01,Engineer
92842,Maris,Lorie,9999-01-01,Senior Engineer
92870,Atilio,Imataki,9999-01-01,Engineer
92878,Phule,Birjandi,9999-01-01,Senior Staff
92879,Mana,Hellwagner,9999-01-01,Senior Engineer
92888,Chanjung,Capobianchi,9999-01-01,Senior Staff
92898,Gil,Ghazalie,9999-01-01,Staff
92945,Marlo,Tyugu,9999-01-01,Senior Staff
92946,Yannik,Thombley,9999-01-01,Technique Leader
92950,Weiru,Kushner,9999-01-01,Senior Engineer
92959,Trygve,Honiden,9999-01-01,Staff
92961,Youjian,Speek,9999-01-01,Technique Leader
92965,Weiye,Salinas,9999-01-01,Staff
92968,Moriyoshi,Gecseg,9999-01-01,Senior Engineer
92972,Marjo,Ramamoorthy,9999-01-01,Senior Engineer
92977,Alair,Naumovich,9999-01-01,Staff
92980,Quingbo,Kakkad,9999-01-01,Senior Engineer
92983,Masoud,Rosca,9999-01-01,Senior Engineer
92987,Kiyotoshi,Emden,9999-01-01,Senior Staff
93001,Kersti,Pusterhofer,9999-01-01,Senior Staff
93017,Gian,Terkki,9999-01-01,Engineer
93020,Masako,Fraisse,9999-01-01,Engineer
93038,Chenyi,Michaeli,9999-01-01,Staff
93039,Martijn,Heiserman,9999-01-01,Engineer
93049,Christoper,Ananiadou,9999-01-01,Engineer
93061,Cheong,Matteis,9999-01-01,Senior Engineer
93080,Amstein,Heering,9999-01-01,Staff
93085,Evgueni,Parhami,9999-01-01,Senior Staff
93086,Arco,Lubachevsky,9999-01-01,Engineer
93095,Sushant,Krider,9999-01-01,Staff
93102,Magdalena,Barvinok,9999-01-01,Engineer
93103,Ramya,Kermarrec,9999-01-01,Staff
93107,Martien,Buchter,9999-01-01,Senior Engineer
93108,Danny,Dayang,9999-01-01,Engineer
93120,Maria,Calkin,9999-01-01,Senior Staff
93123,Kirk,Shackel,9999-01-01,Engineer
93130,Kwun,Neimat,9999-01-01,Senior Staff
93143,Tonia,Makinen,9999-01-01,Senior Staff
93150,Piyush,Papsdorf,9999-01-01,Senior Staff
93160,Trygve,Hinsberger,9999-01-01,Senior Staff
93161,Giao,Garrabrants,9999-01-01,Senior Staff
93164,Frazer,Ruemmler,9999-01-01,Staff
93183,Kenton,Marzano,9999-01-01,Senior Engineer
93189,Neven,Dalton,9999-01-01,Senior Engineer
93195,Domenico,Baak,9999-01-01,Senior Staff
93197,Arie,Magliocco,9999-01-01,Staff
93203,Danel,Zizka,9999-01-01,Staff
93219,Dulce,Kolinko,9999-01-01,Engineer
93221,Sanjit,McDermid,9999-01-01,Staff
93224,Shigeo,Gonthier,9999-01-01,Senior Engineer
93241,Juichirou,Borstler,9999-01-01,Senior Staff
93254,Shigeo,Cichocki,9999-01-01,Staff
93261,Pintsang,Luca,9999-01-01,Assistant Engineer
93273,Eberhardt,Schwartzbauer,9999-01-01,Senior Staff
93291,Kasidit,Hofstetter,9999-01-01,Senior Staff
93296,Baoqiu,Montresor,9999-01-01,Senior Staff
93299,Hatsukazu,Swist,9999-01-01,Senior Engineer
93314,Carrsten,Beeson,9999-01-01,Engineer
93321,Masako,Nivat,9999-01-01,Senior Staff
93329,Shirish,Anily,9999-01-01,Senior Staff
93344,Bernardo,Escriba,9999-01-01,Staff
93357,Padma,Prochazka,9999-01-01,Senior Staff
93359,Elliott,Takanami,9999-01-01,Staff
93366,Heejo,Schach,9999-01-01,Staff
93385,Sibyl,Marrakchi,9999-01-01,Senior Engineer
93389,Sungwon,Hooghiemstra,9999-01-01,Engineer
93396,Giap,Penn,9999-01-01,Engineer
93399,Rosalie,Bennet,9999-01-01,Senior Engineer
93405,Tamiya,Marrevee,9999-01-01,Technique Leader
93412,Sivanarayana,Sinicrope,9999-01-01,Senior Staff
93416,Naftaly,Flowers,9999-01-01,Senior Staff
93422,Nathan,Stiles,9999-01-01,Staff
93426,Olivera,Kambil,9999-01-01,Senior Engineer
93430,Golgen,Baar,9999-01-01,Staff
93433,Abdelkader,Tchuente,9999-01-01,Senior Staff
93436,Ung,Crooks,9999-01-01,Senior Staff
93445,Shahaf,Imataki,9999-01-01,Staff
93447,Gregory,Standera,9999-01-01,Staff
93450,Jiakeng,Kieras,9999-01-01,Senior Staff
93451,Elliott,Staudhammer,9999-01-01,Technique Leader
93454,Subhada,Munawer,9999-01-01,Engineer
93455,Tsutomu,Hashii,9999-01-01,Staff
93458,Jagoda,Pero,9999-01-01,Staff
93491,Margo,Heinisuo,9999-01-01,Senior Engineer
93492,Lenore,Yetim,9999-01-01,Senior Engineer
93495,Lunjin,Gill,9999-01-01,Senior Engineer
93509,Lijie,Perl,9999-01-01,Senior Engineer
93512,Rutger,Ramras,9999-01-01,Senior Engineer
93519,Bartek,Kolinko,9999-01-01,Senior Engineer
93520,Angel,Unni,9999-01-01,Staff
93536,Zhonghua,Zongker,9999-01-01,Senior Engineer
93539,Stevo,Heystek,9999-01-01,Staff
93540,Vitali,Thebaut,9999-01-01,Engineer
93551,Sanjay,Shrader,9999-01-01,Staff
93553,Maris,Swist,9999-01-01,Senior Staff
93561,Mario,Takkinen,9999-01-01,Staff
93576,Xuedong,Thorensen,9999-01-01,Staff
93601,Leucio,Piveteau,9999-01-01,Staff
93603,Moon,Gniady,9999-01-01,Staff
93611,Mizuhito,Gronowski,9999-01-01,Staff
93634,Dietrich,Chelton,9999-01-01,Staff
93653,Filipp,Greenaway,9999-01-01,Senior Staff
93670,Djelloul,Pulkowski,9999-01-01,Technique Leader
93682,Mari,Mukaidono,9999-01-01,Engineer
93686,Zhiwei,Radivojevic,9999-01-01,Staff
93718,Moie,Kropf,9999-01-01,Senior Staff
93721,Supot,Isaak,9999-01-01,Engineer
93722,Tetsurou,Kavraki,9999-01-01,Senior Staff
93729,Maik,Sadowsky,9999-01-01,Senior Staff
93730,Aemilian,Noriega,9999-01-01,Staff
93735,Bernice,Krichel,9999-01-01,Senior Engineer
93742,Shay,Ushiama,9999-01-01,Senior Staff
93745,Mandell,Schrooten,9999-01-01,Senior Engineer
93747,Martina,Christ,9999-01-01,Engineer
93754,Xianlong,Ernst,9999-01-01,Staff
93763,Kazuhisa,Jullig,9999-01-01,Senior Staff
93778,Genki,Waterhouse,9999-01-01,Senior Engineer
93785,Francesca,VanScheik,9999-01-01,Engineer
93796,Zhonghua,Armand,9999-01-01,Senior Engineer
93798,Monique,Azumi,9999-01-01,Engineer
93813,Giordano,Janetzko,9999-01-01,Staff
93825,Rosella,Mitsuhashi,9999-01-01,Senior Engineer
93846,Parke,Bratten,9999-01-01,Senior Engineer
93854,Constantine,Rosaz,9999-01-01,Engineer
93869,Lijie,Maccarone,9999-01-01,Senior Engineer
93887,Zdislav,Sidou,9999-01-01,Senior Engineer
93915,Genevieve,Waymire,9999-01-01,Engineer
93921,Chuanti,Driscoll,9999-01-01,Senior Engineer
93928,Tomoyuki,Axelband,9999-01-01,Staff
93932,Giap,Parveen,9999-01-01,Staff
93938,Boutros,Veeraraghavan,9999-01-01,Staff
93942,Thanasis,Tiemann,9999-01-01,Senior Engineer
93947,Toshiki,Heyers,9999-01-01,Engineer
93958,Morrie,Cyre,9999-01-01,Staff
93960,Xianlong,Seghrouchni,9999-01-01,Staff
93964,Shimshon,Chelton,9999-01-01,Senior Staff
93975,Gererd,Calkin,9999-01-01,Senior Staff
93976,Demin,Dengi,9999-01-01,Staff
93984,Saniya,Journel,9999-01-01,Staff
93986,Elzbieta,Perry,9999-01-01,Staff
93995,Saeed,Luon,9999-01-01,Senior Engineer
94008,Sumali,Itzfeldt,9999-01-01,Senior Staff
94028,Bernt,Fraisse,9999-01-01,Staff
94030,Masato,Shobatake,9999-01-01,Assistant Engineer
94032,Jinya,Katiyar,9999-01-01,Engineer
94034,Vasilis,Riesenhuber,9999-01-01,Assistant Engineer
94042,Yonghoan,Bruckman,9999-01-01,Staff
94046,Valeska,Nourani,9999-01-01,Senior Staff
94062,Maia,Genther,9999-01-01,Staff
94118,Gina,Ellozy,9999-01-01,Technique Leader
94120,Limsoon,Ohori,9999-01-01,Senior Engineer
94142,Weiyi,Avouris,9999-01-01,Senior Engineer
94143,Bartek,Argence,9999-01-01,Senior Engineer
94150,Geoffrey,Eiron,9999-01-01,Staff
94156,Kristen,Norsworthy,9999-01-01,Staff
94161,Sajjad,Zuberek,9999-01-01,Senior Staff
94164,Frazer,Naumovich,9999-01-01,Senior Staff
94170,Bader,Yoshimura,9999-01-01,Senior Staff
94172,Ronnie,Bage,9999-01-01,Staff
94195,Arch,Rabehasaina,9999-01-01,Senior Staff
94200,Mahendra,Michaeli,9999-01-01,Senior Staff
94201,Mana,Fabrizio,9999-01-01,Senior Engineer
94206,Denis,Cooley,9999-01-01,Senior Staff
94208,Kaijung,Lienhardt,9999-01-01,Staff
94210,Ekawit,Pouyioutas,9999-01-01,Senior Staff
94211,Martins,Yurov,9999-01-01,Engineer
94229,Shen,Thambidurai,9999-01-01,Engineer
94239,Divier,Rosiles,9999-01-01,Senior Engineer
94260,Shooichi,Marquardt,9999-01-01,Engineer
94270,Serge,Heuser,9999-01-01,Staff
94281,Rutger,Peres,9999-01-01,Senior Engineer
94285,Goa,Munro,9999-01-01,Engineer
94287,Kiyokazu,Buchter,9999-01-01,Senior Staff
94288,Michaela,Monarch,9999-01-01,Engineer
94293,Susuma,Qiwen,9999-01-01,Assistant Engineer
94309,Tomoyuki,Zobel,9999-01-01,Senior Engineer
94313,Menkae,Birdsall,9999-01-01,Senior Engineer
94320,Kirk,Papsdorf,9999-01-01,Engineer
94322,Ronnie,Moffat,9999-01-01,Engineer
94332,Teiji,Sudbeck,9999-01-01,Staff
94341,Bokyung,Serre,9999-01-01,Senior Engineer
94342,Ramalingam,Demizu,9999-01-01,Engineer
94354,Aleksandar,Apsitis,9999-01-01,Engineer
94364,Heon,Heping,9999-01-01,Engineer
94388,Zvonko,Denos,9999-01-01,Staff
94405,Ramalingam,Escriba,9999-01-01,Staff
94410,Iara,Schieder,9999-01-01,Senior Staff
94419,Felicidad,Socorro,9999-01-01,Senior Staff
94422,Ayakannu,Fortenbacher,9999-01-01,Senior Staff
94425,Kersti,Nergos,9999-01-01,Senior Staff
94438,Demos,Lueh,9999-01-01,Engineer
94462,Sadegh,Lukaszewicz,9999-01-01,Senior Staff
94464,Weicheng,Alameldin,9999-01-01,Staff
94465,Huiqun,Dalphin,9999-01-01,Engineer
94469,Moto,Fendler,9999-01-01,Staff
94480,Remzi,Majewski,9999-01-01,Senior Engineer
94496,Sungwon,Akiyama,9999-01-01,Senior Staff
94516,Toong,Rassart,9999-01-01,Senior Engineer
94521,Deborah,Schlegelmilch,9999-01-01,Senior Staff
94525,Sadok,Brookner,9999-01-01,Senior Engineer
94531,Kannan,Bahl,9999-01-01,Senior Staff
94539,Kerryn,Tyugu,9999-01-01,Staff
94574,Abdelghani,Dulli,9999-01-01,Staff
94582,Willard,Baar,9999-01-01,Senior Engineer
94589,Sibyl,Heusch,9999-01-01,Technique Leader
94592,Sven,Boudaillier,9999-01-01,Engineer
94596,Nahid,Biros,9999-01-01,Engineer
94603,Fox,Kuszyk,9999-01-01,Senior Engineer
94606,Berni,Casley,9999-01-01,Senior Staff
94625,Kwangyoen,Kalorkoti,9999-01-01,Assistant Engineer
94637,Kazuhira,Terekhov,9999-01-01,Senior Engineer
94658,Basil,Kaelbling,9999-01-01,Senior Staff
94665,Nirmal,Talmon,9999-01-01,Senior Staff
94666,Gudjon,Denti,9999-01-01,Senior Engineer
94667,Naraig,Rebaine,9999-01-01,Senior Staff
94680,Teruyuki,Baja,9999-01-01,Senior Staff
94681,Nigel,Clemencon,9999-01-01,Senior Engineer
94684,Subbu,Stiles,9999-01-01,Senior Engineer
94704,Rimon,Thombley,9999-01-01,Engineer
94709,Brewster,Lemarechal,9999-01-01,Engineer
94710,Anneke,Schrooten,9999-01-01,Assistant Engineer
94732,Heping,Eiter,9999-01-01,Technique Leader
94734,Bingning,Anguita,9999-01-01,Senior Engineer
94735,Rosine,Peak,9999-01-01,Senior Engineer
94736,Visit,Trelles,9999-01-01,Senior Staff
94743,Jinxi,Reinhard,9999-01-01,Technique Leader
94745,Genki,Leslie,9999-01-01,Senior Engineer
94769,Guozhong,Montemayor,9999-01-01,Senior Engineer
94775,Moie,Kilgore,9999-01-01,Senior Staff
94815,Kwun,Dusink,9999-01-01,Technique Leader
94822,Marit,Parascandalo,9999-01-01,Staff
94828,Anoosh,Dahlbom,9999-01-01,Senior Staff
94833,Miyeon,Kleiser,9999-01-01,Senior Staff
94838,Howell,Czap,9999-01-01,Staff
94849,Shao,Koshino,9999-01-01,Technique Leader
94862,Gro,Baek,9999-01-01,Senior Staff
94864,Boriana,Cronin,9999-01-01,Engineer
94871,Kasidit,Chenney,9999-01-01,Senior Staff
94885,Vidya,Detkin,9999-01-01,Engineer
94890,Mayuri,Piancastelli,9999-01-01,Staff
94898,Kristof,Vandervoorde,9999-01-01,Senior Engineer
94900,Atilio,Zyda,9999-01-01,Assistant Engineer
94914,Ranan,Preusig,9999-01-01,Staff
94918,Domenico,Pews,9999-01-01,Staff
94920,Gretta,Birrer,9999-01-01,Senior Engineer
94922,Shaowen,Neimat,9999-01-01,Technique Leader
94935,Christophe,Wynblatt,9999-01-01,Senior Engineer
94950,Duke,Hofman,9999-01-01,Staff
94957,Roselyn,Genther,9999-01-01,Engineer
94987,Kazuhira,Berendt,9999-01-01,Engineer
94988,Martina,Improta,9999-01-01,Engineer
94998,Goh,Koblitz,9999-01-01,Senior Engineer
95001,Berhard,Kalloufi,9999-01-01,Staff
95003,Eberhardt,Baba,9999-01-01,Senior Engineer
95036,Christfried,Sessa,9999-01-01,Engineer
95046,Bogdan,Spinelli,9999-01-01,Senior Staff
95056,Serif,Terekhov,9999-01-01,Senior Staff
95071,Toney,Isaak,9999-01-01,Senior Staff
95085,Rosella,Hasham,9999-01-01,Senior Staff
95116,Oguz,Lorys,9999-01-01,Staff
95133,Shiv,Strandh,9999-01-01,Senior Engineer
95147,Shietung,Gecsel,9999-01-01,Assistant Engineer
95152,Sarita,Riefers,9999-01-01,Staff
95153,Guangming,Kawashima,9999-01-01,Engineer
95159,Yechiam,Kusalik,9999-01-01,Staff
95190,Elgin,Onuegbe,9999-01-01,Senior Staff
95200,Guenter,Kalefeld,9999-01-01,Engineer
95212,Feipei,Kobara,9999-01-01,Senior Staff
95219,Shaw,Porenta,9999-01-01,Senior Engineer
95223,Torsten,Quittner,9999-01-01,Engineer
95232,Atreyi,Ernst,9999-01-01,Engineer
95248,Tsuneo,Akaboshi,9999-01-01,Staff
95256,Xiaocheng,Hennings,9999-01-01,Staff
95257,Shih,Ratzlaff,9999-01-01,Technique Leader
95277,Gina,Gist,9999-01-01,Senior Engineer
95278,Roselyn,Seghrouchni,9999-01-01,Senior Engineer
95281,Kensyu,Savasere,9999-01-01,Senior Staff
95283,Kwee,Peak,9999-01-01,Senior Staff
95285,Dipayan,Muhling,9999-01-01,Engineer
95289,Teunis,Coombs,9999-01-01,Engineer
95294,Dulce,Bain,9999-01-01,Senior Engineer
95317,Srinidhi,Rosis,9999-01-01,Staff
95322,Remzi,Demizu,9999-01-01,Staff
95323,Patricia,Makinen,9999-01-01,Senior Engineer
95346,Jouko,Heering,9999-01-01,Senior Staff
95362,Yonghong,Zyda,9999-01-01,Senior Staff
95365,Xuejia,Sichman,9999-01-01,Engineer
95368,Arco,Sichman,9999-01-01,Technique Leader
95376,Vishu,Docker,9999-01-01,Senior Engineer
95389,Lunjin,Lund,9999-01-01,Senior Engineer
95393,Udaiprakash,Magliocco,9999-01-01,Assistant Engineer
95405,Phillip,Ellozy,9999-01-01,Senior Staff
95427,George,Braunmuhl,9999-01-01,Senior Staff
95428,Shuzo,Conde,9999-01-01,Senior Staff
95431,Anyuan,Braunmuhl,9999-01-01,Senior Engineer
95452,Almudena,Rissland,9999-01-01,Senior Staff
95460,Bedir,Oskamp,9999-01-01,Engineer
95470,Roddy,Gajiwala,9999-01-01,Senior Staff
95473,Roselyn,Wallrath,9999-01-01,Senior Engineer
95474,Guiseppe,Akazan,9999-01-01,Senior Staff
95487,Val,Khamsi,9999-01-01,Senior Engineer
95503,Pranay,Pulkowski,9999-01-01,Engineer
95505,Tsz,Cooley,9999-01-01,Senior Staff
95510,Mototsugu,Christ,9999-01-01,Senior Engineer
95511,Sedat,Salvesen,9999-01-01,Staff
95520,Jingling,Birsak,9999-01-01,Senior Engineer
95541,Chinho,Whitcomb,9999-01-01,Senior Engineer
95549,Arun,Sooriamurthi,9999-01-01,Staff
95558,Vasiliy,Etalle,9999-01-01,Engineer
95564,Elliott,Kading,9999-01-01,Senior Staff
95570,Gregory,Kadhim,9999-01-01,Staff
95584,Arumugam,Herbst,9999-01-01,Engineer
95601,Vincent,Guting,9999-01-01,Senior Staff
95602,Shounak,Litvinov,9999-01-01,Senior Staff
95625,Bogdan,Negoita,9999-01-01,Senior Engineer
95644,Oddvar,Cusworth,9999-01-01,Senior Staff
95645,Sudharsan,Binkley,9999-01-01,Senior Staff
95647,Francoise,Cheshire,9999-01-01,Assistant Engineer
95662,Martien,Spell,9999-01-01,Senior Engineer
95670,Shaleah,Krybus,9999-01-01,Staff
95696,Akemi,Schaft,9999-01-01,Engineer
95702,Nakhoon,Gargeya,9999-01-01,Senior Engineer
95714,Doohun,Kaiserswerth,9999-01-01,Engineer
95735,Mircea,Rande,9999-01-01,Senior Engineer
95736,Nahum,Glinert,9999-01-01,Senior Engineer
95743,Nikolaos,Selvestrel,9999-01-01,Staff
95746,Piyawadee,Rodham,9999-01-01,Staff
95767,Muzhong,Schmiedel,9999-01-01,Engineer
95772,Ziva,Sinicrope,9999-01-01,Senior Engineer
95775,Nobuyoshi,Kading,9999-01-01,Staff
95786,Dharmaraja,Peral,9999-01-01,Senior Engineer
95787,Chinhyun,Lueh,9999-01-01,Senior Engineer
95798,Berry,Stemann,9999-01-01,Technique Leader
95804,Otmar,Luce,9999-01-01,Technique Leader
95820,Hyuckchul,Perri,9999-01-01,Senior Engineer
95822,Divine,Teitelbaum,9999-01-01,Engineer
95835,Mori,Rajcani,9999-01-01,Senior Engineer
95841,Mamdouh,Kampfer,9999-01-01,Staff
95853,Manton,Flasterstein,9999-01-01,Engineer
95866,Kitty,Angot,9999-01-01,Senior Staff
95867,Shakhar,Meszaros,9999-01-01,Senior Staff
95883,Eirik,Koshiba,9999-01-01,Staff
95886,Gift,Hanratty,9999-01-01,Senior Staff
95890,Leni,Baba,9999-01-01,Engineer
95891,Jinya,Mondadori,9999-01-01,Senior Engineer
95893,Aleksander,Ossenbruggen,9999-01-01,Engineer
95898,Brewster,Schaad,9999-01-01,Senior Engineer
95902,Adin,Mikschl,9999-01-01,Senior Staff
95923,Richard,Rijsenbrij,9999-01-01,Senior Engineer
95939,Kiyokazu,Ozeri,9999-01-01,Senior Staff
95943,Guozhong,Luit,9999-01-01,Staff
95946,Kellie,Ertl,9999-01-01,Senior Staff
95969,Quingbo,Schwaller,9999-01-01,Senior Engineer
95985,Subbu,Orsini,9999-01-01,Engineer
95992,Hirochika,Jenevein,9999-01-01,Engineer
95999,Owen,Murillo,9999-01-01,Senior Staff
96010,Masanao,Peron,9999-01-01,Staff
96016,Giao,Falco,9999-01-01,Senior Engineer
96046,Urs,Alpin,9999-01-01,Staff
96059,Valter,Mandell,9999-01-01,Engineer
96069,Yahiko,Einsfeld,9999-01-01,Senior Staff
96083,Khalil,Muchinsky,9999-01-01,Senior Staff
96084,Hauke,Piazza,9999-01-01,Senior Staff
96085,Shin,Leuchs,9999-01-01,Engineer
96099,Roded,Ritzmann,9999-01-01,Engineer
96107,Luise,Geffroy,9999-01-01,Senior Engineer
96108,Hatsukazu,Krychniak,9999-01-01,Engineer
96109,Jasminko,Chappelet,9999-01-01,Staff
96122,Muzhong,Onuegbe,9999-01-01,Staff
96124,Guenter,Benantar,9999-01-01,Senior Engineer
96129,Aloys,Alvarado,9999-01-01,Senior Engineer
96132,Sachem,Wroclawski,9999-01-01,Engineer
96138,Lidong,Ghalwash,9999-01-01,Engineer
96139,Constantijn,Pell,9999-01-01,Engineer
96157,Kwangyoen,Haldar,9999-01-01,Senior Staff
96161,Hugh,Riesenhuber,9999-01-01,Engineer
96162,Tokuyasu,Dehkordi,9999-01-01,Senior Staff
96169,Roselyn,Bharadwaj,9999-01-01,Senior Engineer
96174,Aral,Junot,9999-01-01,Senior Staff
96196,Berthier,Zambonelli,9999-01-01,Engineer
96197,Yechiam,Himler,9999-01-01,Senior Engineer
96201,Suvo,Guting,9999-01-01,Engineer
96224,Manu,Panienski,9999-01-01,Senior Staff
96276,Luisa,Wossner,9999-01-01,Senior Staff
96298,Martial,Marakhovsky,9999-01-01,Staff
96299,Cullen,Perko,9999-01-01,Senior Staff
96304,Kristof,Stassinopoulos,9999-01-01,Senior Staff
96308,Nigel,Aingworth,9999-01-01,Staff
96311,Candido,Riesenhuber,9999-01-01,Engineer
96318,Berhard,Andreotta,9999-01-01,Staff
96324,Alejandro,Bharadwaj,9999-01-01,Senior Engineer
96341,Nidapan,Ranai,9999-01-01,Senior Staff
96342,Pranjal,Manders,9999-01-01,Engineer
96346,Gian,Pettis,9999-01-01,Engineer
96371,Gunilla,Wilharm,9999-01-01,Senior Staff
96376,Sachio,Stassinopoulos,9999-01-01,Technique Leader
96405,Subbu,Barreiro,9999-01-01,Engineer
96417,Bouchung,Akiyama,9999-01-01,Senior Staff
96432,Taisook,Raoux,9999-01-01,Senior Engineer
96433,Mantis,Vecchio,9999-01-01,Engineer
96440,Guangming,Skogmar,9999-01-01,Senior Staff
96459,Bojan,Matheson,9999-01-01,Senior Staff
96499,Arvin,Mitina,9999-01-01,Technique Leader
96506,Ferdinand,Schicker,9999-01-01,Senior Engineer
96521,Gro,Imataki,9999-01-01,Staff
96524,George,Brodie,9999-01-01,Technique Leader
96534,Fumiyo,Leslie,9999-01-01,Engineer
96556,Guttorm,Penn,9999-01-01,Senior Staff
96560,Parto,Kushner,9999-01-01,Engineer
96562,Abdulah,Ghemri,9999-01-01,Senior Staff
96587,Yaghout,Kobara,9999-01-01,Engineer
96592,Persi,Shiratori,9999-01-01,Senior Engineer
96599,Kwee,Salverda,9999-01-01,Engineer
96603,Zissis,Markovitch,9999-01-01,Staff
96604,Jiong,Panienski,9999-01-01,Engineer
96609,Bowen,Kemmerer,9999-01-01,Engineer
96617,Shirish,Peak,9999-01-01,Staff
96629,Arie,Reutenauer,9999-01-01,Senior Engineer
96630,Danai,Porenta,9999-01-01,Senior Staff
96646,Kiam,Shobatake,9999-01-01,Staff
96648,Josyula,Perez,9999-01-01,Staff
96649,Ishfaq,Veeraraghavan,9999-01-01,Engineer
96673,Hironobu,Oxman,9999-01-01,Engineer
96689,Emdad,Roohalamini,9999-01-01,Engineer
96704,Baziley,Koshino,9999-01-01,Senior Engineer
96717,Christophe,Vanwelkenhuysen,9999-01-01,Engineer
96724,Kyoichi,Litzler,9999-01-01,Senior Engineer
96735,Zejun,Conti,9999-01-01,Senior Engineer
96766,Van,Trachtenberg,9999-01-01,Technique Leader
96769,Arun,Parascandalo,9999-01-01,Staff
96770,Shirish,Solovay,9999-01-01,Senior Staff
96780,Olivera,Heuter,9999-01-01,Senior Staff
96819,Flemming,Petersohn,9999-01-01,Senior Staff
96844,Tommaso,Maliniak,9999-01-01,Engineer
96848,Khalid,Ranst,9999-01-01,Senior Staff
96853,Maha,Rissanen,9999-01-01,Senior Engineer
96865,Josyula,Ulupinar,9999-01-01,Senior Engineer
96897,Xiaobin,Willoner,9999-01-01,Engineer
96900,Dekang,Solovay,9999-01-01,Engineer
96902,Khalil,Ozeki,9999-01-01,Senior Staff
96907,Masamitsu,Hiraishi,9999-01-01,Senior Staff
96911,Hirochika,Jeansoulin,9999-01-01,Senior Staff
96919,Khaled,Granlund,9999-01-01,Staff
96921,Along,Waymire,9999-01-01,Technique Leader
96946,Mikhail,Kakkar,9999-01-01,Staff
96958,Shaowen,Shihab,9999-01-01,Senior Staff
96965,Marjo,Riexinger,9999-01-01,Staff
96977,Mabo,Pavlopoulou,9999-01-01,Engineer
96982,Junsik,Beeson,9999-01-01,Staff
96989,Youpyo,Shobatake,9999-01-01,Staff
96996,Hideo,Validov,9999-01-01,Technique Leader
97015,Snehasis,Asser,9999-01-01,Engineer
97038,Sergi,Krider,9999-01-01,Engineer
97045,Hyuncheol,Isaak,9999-01-01,Staff
97077,Subbu,Fontan,9999-01-01,Senior Engineer
97081,Nimmagadda,Covnot,9999-01-01,Staff
97088,Luise,Gronowski,9999-01-01,Technique Leader
97089,Magy,Georg,9999-01-01,Senior Engineer
97091,Juichirou,Frijda,9999-01-01,Senior Engineer
97099,Chinya,Kaiserswerth,9999-01-01,Senior Engineer
97104,Chiranjit,Ashish,9999-01-01,Engineer
97114,Paraskevi,Monkewich,9999-01-01,Senior Engineer
97122,Yoshinari,Cullers,9999-01-01,Staff
97123,Basim,Suppi,9999-01-01,Engineer
97126,Nitsan,Heyers,9999-01-01,Senior Engineer
97135,Mechthild,Underwood,9999-01-01,Senior Staff
97136,Bartek,Clouatre,9999-01-01,Engineer
97141,Shaowei,Jording,9999-01-01,Senior Engineer
97184,Geoffry,Perl,9999-01-01,Engineer
97194,Dannz,Ozery,9999-01-01,Engineer
97205,Zhenhua,Baar,9999-01-01,Engineer
97208,Leif,Gelosh,9999-01-01,Senior Engineer
97216,Suvo,Waschkowski,9999-01-01,Senior Staff
97223,Zejun,Wuwongse,9999-01-01,Senior Staff
97225,Adam,Erez,9999-01-01,Technique Leader
97235,Karsten,Morrin,9999-01-01,Engineer
97240,Yongmin,Krogh,9999-01-01,Staff
97241,Maik,Decaestecker,9999-01-01,Senior Engineer
97252,Saniya,Markovitch,9999-01-01,Engineer
97262,Miomir,Esteva,9999-01-01,Engineer
97264,Ennio,Roisin,9999-01-01,Engineer
97275,Jiakeng,Kemmerer,9999-01-01,Staff
97287,Chanjung,Rajala,9999-01-01,Engineer
97315,Hironoby,Hoogerwoord,9999-01-01,Senior Engineer
97335,Demin,Haddadi,9999-01-01,Engineer
97340,Vishu,Hiyoshi,9999-01-01,Senior Staff
97341,Foong,Bamford,9999-01-01,Senior Staff
97354,Piyush,Werthner,9999-01-01,Engineer
97355,Hideo,Warwick,9999-01-01,Engineer
97366,Mantis,Gimbel,9999-01-01,Assistant Engineer
97374,Kotesh,Strandh,9999-01-01,Staff
97375,Nevio,Hofstetter,9999-01-01,Senior Staff
97390,Angus,Masaki,9999-01-01,Engineer
97404,Serif,Bennet,9999-01-01,Senior Engineer
97428,Rildo,Sankaranarayanan,9999-01-01,Engineer
97446,Shietung,Christianini,9999-01-01,Senior Engineer
97452,Krister,Sridhar,9999-01-01,Engineer
97466,Valdiodio,Marwedel,9999-01-01,Senior Staff
97468,Ramalingam,Barvinok,9999-01-01,Senior Staff
97492,Dante,Schnabel,9999-01-01,Staff
97494,Mariangiola,Daescu,9999-01-01,Engineer
97495,Satyanarayana,Fadgyas,9999-01-01,Engineer
97512,Djelloul,DeMori,9999-01-01,Engineer
97523,Bikash,Suppi,9999-01-01,Staff
97525,Shih,Krider,9999-01-01,Technique Leader
97540,Lubomir,Brodal,9999-01-01,Senior Engineer
97571,Guoxiang,Itzigehl,9999-01-01,Senior Engineer
97575,Nahum,Maksimenko,9999-01-01,Senior Engineer
97577,Masato,Perna,9999-01-01,Senior Staff
97606,Uzi,Conti,9999-01-01,Senior Engineer
97618,Oguz,Dayang,9999-01-01,Senior Engineer
97620,Duangkaew,Debuse,9999-01-01,Staff
97627,Koichi,Ecklund,9999-01-01,Senior Staff
97628,Xiaobin,Luck,9999-01-01,Senior Engineer
97643,Sigeru,Nannarelli,9999-01-01,Senior Engineer
97648,Suvo,Kornyak,9999-01-01,Staff
97660,Mantis,Pramanik,9999-01-01,Staff
97670,Flemming,Yurek,9999-01-01,Staff
97677,Taegyun,Poulakidas,9999-01-01,Senior Staff
97680,Shaowei,Ravishankar,9999-01-01,Assistant Engineer
97682,Alejandra,Gulik,9999-01-01,Staff
97694,Girolamo,Cummings,9999-01-01,Engineer
97695,Sreekrishna,Fendler,9999-01-01,Senior Staff
97704,Zhiwei,Imataki,9999-01-01,Senior Staff
97706,Remzi,Erdmenger,9999-01-01,Senior Staff
97723,Gou,Mapelli,9999-01-01,Staff
97724,Jagoda,Pezzoli,9999-01-01,Assistant Engineer
97726,Guther,Veevers,9999-01-01,Senior Staff
97730,Shooichi,Smeets,9999-01-01,Assistant Engineer
97740,Stevo,Bernardinello,9999-01-01,Staff
97770,Horward,Keustermans,9999-01-01,Senior Staff
97775,Maren,Mahmud,9999-01-01,Engineer
97781,Divine,Neimat,9999-01-01,Senior Staff
97782,Taiji,Openshaw,9999-01-01,Engineer
97796,Jacopo,Schoegge,9999-01-01,Engineer
97824,Pantung,Yoshimura,9999-01-01,Senior Engineer
97833,Arunachalam,Kuhnemann,9999-01-01,Senior Staff
97843,Barna,Lenart,9999-01-01,Engineer
97848,Takanari,Unni,9999-01-01,Senior Staff
97853,Huiqun,Scharstein,9999-01-01,Senior Staff
97870,Leah,Socorro,9999-01-01,Staff
97885,Seshu,Edelhoff,9999-01-01,Senior Staff
97886,Mario,Chartres,9999-01-01,Assistant Engineer
97900,Ranan,Passafiume,9999-01-01,Engineer
97913,Saeko,Staylopatis,9999-01-01,Engineer
97918,Adel,Pollacia,9999-01-01,Senior Staff
97923,Haldon,Lienhardt,9999-01-01,Senior Engineer
97925,Kwok,Beeson,9999-01-01,Senior Engineer
97938,Aiichiro,Plavsic,9999-01-01,Staff
97948,Henk,Geffroy,9999-01-01,Senior Staff
97985,Dekang,Botman,9999-01-01,Senior Engineer
98009,Piyawadee,Schoegge,9999-01-01,Staff
98017,Sachio,Gils,9999-01-01,Senior Staff
98018,Yongdong,Pileggi,9999-01-01,Staff
98028,Rafols,Shackel,9999-01-01,Staff
98038,Mack,Peron,9999-01-01,Senior Engineer
98047,Gill,Nitsche,9999-01-01,Senior Staff
98050,Huai,Angel,9999-01-01,Senior Staff
98052,JoAnne,Binding,9999-01-01,Engineer
98054,Berry,Conry,9999-01-01,Senior Engineer
98060,Tzvetan,Speckmann,9999-01-01,Senior Staff
98063,Danco,Rusterholz,9999-01-01,Assistant Engineer
98069,Waiman,Dolinsky,9999-01-01,Engineer
98072,Luerbio,Merro,9999-01-01,Senior Engineer
98079,Abdelaziz,Stiles,9999-01-01,Senior Staff
98098,Feipei,Eterovic,9999-01-01,Technique Leader
98117,Venkatesan,Linnainmaa,9999-01-01,Senior Engineer
98128,Kazuhisa,Ambroszkiewicz,9999-01-01,Staff
98149,Moss,Preusig,9999-01-01,Senior Engineer
98169,Bedrich,Luft,9999-01-01,Staff
98171,Jaroslava,Busillo,9999-01-01,Senior Engineer
98183,Masami,Besselaar,9999-01-01,Senior Staff
98192,Sumali,Murtagh,9999-01-01,Senior Engineer
98199,Sadun,Felcyn,9999-01-01,Staff
98212,Sham,Slutz,9999-01-01,Senior Engineer
98233,Hausi,Trogemann,9999-01-01,Senior Staff
98240,Martien,Stifter,9999-01-01,Senior Staff
98241,Felicidad,Kroha,9999-01-01,Engineer
98247,Shakhar,Skafidas,9999-01-01,Senior Engineer
98253,Pragnesh,Homond,9999-01-01,Senior Engineer
98269,Vasilii,Ghazalie,9999-01-01,Engineer
98270,Kinh,Kawashimo,9999-01-01,Senior Staff
98285,Georg,Piancastelli,9999-01-01,Technique Leader
98293,Jayesh,Adachi,9999-01-01,Senior Staff
98297,Xiaoshan,Serot,9999-01-01,Senior Engineer
98305,Yongmao,Stranks,9999-01-01,Technique Leader
98307,Douadi,Leijenhorst,9999-01-01,Staff
98311,Menkae,Kambil,9999-01-01,Senior Engineer
98317,Domenico,Vieri,9999-01-01,Staff
98323,Amalendu,Ponthieu,9999-01-01,Senior Engineer
98335,Shao,Vuskovic,9999-01-01,Senior Engineer
98338,Guenter,Taneja,9999-01-01,Senior Engineer
98358,Basim,Aingworth,9999-01-01,Senior Engineer
98363,Arunachalam,Lorie,9999-01-01,Senior Staff
98377,Steve,Flanders,9999-01-01,Senior Staff
98394,Berthier,Anick,9999-01-01,Engineer
98399,Satosi,Wendorf,9999-01-01,Engineer
98423,Zhiwei,Birta,9999-01-01,Senior Staff
98424,Constantijn,Braunschweig,9999-01-01,Engineer
98430,Fay,Langford,9999-01-01,Senior Engineer
98436,Akeel,Khalid,9999-01-01,Senior Engineer
98444,Arra,Lubachevsky,9999-01-01,Senior Staff
98445,Spyrose,Constantine,9999-01-01,Senior Engineer
98453,Huan,Baby,9999-01-01,Engineer
98457,Bezalel,Standera,9999-01-01,Senior Staff
98458,Oguz,Pollock,9999-01-01,Engineer
98478,Baruch,Heystek,9999-01-01,Senior Engineer
98485,Chiradeep,Homond,9999-01-01,Staff
98495,Duke,Showalter,9999-01-01,Staff
98497,Jianhao,Cannata,9999-01-01,Engineer
98500,Sarita,Bennet,9999-01-01,Senior Staff
98506,Oddvar,Gyorkos,9999-01-01,Senior Staff
98518,Gad,Rahimi,9999-01-01,Engineer
98522,Janalee,Kugler,9999-01-01,Senior Staff
98524,Anneli,Rosenbaum,9999-01-01,Engineer
98533,Tsvetan,Detkin,9999-01-01,Senior Engineer
98536,Francesca,Figueira,9999-01-01,Senior Engineer
98543,Kristin,Selenyi,9999-01-01,Engineer
98549,Prodip,Landherr,9999-01-01,Staff
98558,Valery,Llado,9999-01-01,Engineer
98570,Seongbae,Botman,9999-01-01,Senior Engineer
98586,Kauko,Steenbeek,9999-01-01,Senior Engineer
98594,Eldridge,Kruskal,9999-01-01,Engineer
98618,Bojan,Merle,9999-01-01,Staff
98619,Sham,Debuse,9999-01-01,Senior Engineer
98628,Radhika,Bahl,9999-01-01,Senior Engineer
98636,Kannan,Mahnke,9999-01-01,Engineer
98663,Serenella,Segond,9999-01-01,Senior Staff
98675,Shigehiro,Suri,9999-01-01,Senior Staff
98680,Serge,Tchuente,9999-01-01,Technique Leader
98682,Naraig,Parhami,9999-01-01,Senior Staff
98683,Charmane,Lodder,9999-01-01,Senior Engineer
98697,JiYoung,Harbusch,9999-01-01,Staff
98699,Karsten,Koyama,9999-01-01,Staff
98713,Stabislas,Luit,9999-01-01,Senior Staff
98717,Chenyi,Oaver,9999-01-01,Staff
98725,Gill,Kaminger,9999-01-01,Engineer
98732,Nikolaus,Baca,9999-01-01,Staff
98745,Zhanqiu,Kitsuregawa,9999-01-01,Senior Engineer
98750,Shooichi,Braccini,9999-01-01,Engineer
98753,Franziska,Murillo,9999-01-01,Staff
98766,Gretta,Buchter,9999-01-01,Senior Engineer
98768,Valery,Iacovou,9999-01-01,Senior Engineer
98795,Pasqua,Hertweck,9999-01-01,Staff
98807,Aloys,Hanratty,9999-01-01,Staff
98813,Surveyors,Peck,9999-01-01,Senior Engineer
98820,Djenana,Erva,9999-01-01,Technique Leader
98823,Tesuya,Hartvigsen,9999-01-01,Staff
98825,Aemilian,Kroft,9999-01-01,Engineer
98832,Margo,Akiyama,9999-01-01,Senior Staff
98838,Kazuhito,Deville,9999-01-01,Senior Engineer
98845,Jessie,Anido,9999-01-01,Senior Staff
98852,Arno,Rissland,9999-01-01,Engineer
98854,Kotesh,Garrabrants,9999-01-01,Assistant Engineer
98861,George,Bellmore,9999-01-01,Staff
98893,Theron,Ramalingam,9999-01-01,Engineer
98905,Nikolaos,Negoita,9999-01-01,Senior Engineer
98913,Toshimori,Fabrizio,9999-01-01,Staff
98918,Perry,Kopetz,9999-01-01,Staff
98957,Khalil,Schmittgen,9999-01-01,Senior Engineer
98962,Brendon,Sluis,9999-01-01,Senior Engineer
98965,Mori,Parhami,9999-01-01,Senior Engineer
98973,Aemilian,Quittner,9999-01-01,Senior Engineer
98977,Richara,Alameldin,9999-01-01,Engineer
98984,Rosalyn,Ushiama,9999-01-01,Staff
98987,Dipayan,Suermann,9999-01-01,Senior Engineer
98992,Gonzalo,Heping,9999-01-01,Senior Engineer
98993,Ronghao,Apsitis,9999-01-01,Senior Engineer
98996,Parke,Kalloufi,9999-01-01,Staff
99002,Shan,Bergere,9999-01-01,Senior Staff
99007,Ugo,Ibel,9999-01-01,Senior Staff
99013,Tsz,Cools,9999-01-01,Engineer
99014,Adly,Siprelle,9999-01-01,Staff
99022,Golgen,Wilfing,9999-01-01,Senior Engineer
99023,Gill,Kusakabe,9999-01-01,Staff
99029,Ohad,Eiter,9999-01-01,Engineer
99050,Stevo,Krichel,9999-01-01,Senior Staff
99064,Marin,Trogemann,9999-01-01,Senior Staff
99097,Toshiki,Munawer,9999-01-01,Engineer
99104,Karsten,Kolinko,9999-01-01,Staff
99137,Yonghoan,Pollock,9999-01-01,Engineer
99153,Maik,Montresor,9999-01-01,Senior Engineer
99161,Ramya,Heyers,9999-01-01,Senior Engineer
99182,Jaques,Fontan,9999-01-01,Engineer
99206,Florian,Matheson,9999-01-01,Senior Staff
99208,Mokhtar,Bernick,9999-01-01,Engineer
99210,Irene,Morrin,9999-01-01,Senior Engineer
99220,Domenico,Zobel,9999-01-01,Technique Leader
99226,Mario,Pehl,9999-01-01,Senior Engineer
99231,Nahla,Wielonsky,9999-01-01,Senior Engineer
99253,Genki,Maccarone,9999-01-01,Staff
99269,Leaf,Gien,9999-01-01,Engineer
99272,Yuriy,Birge,9999-01-01,Staff
99274,Taizo,Schurmann,9999-01-01,Senior Engineer
99276,Takanari,Aamodt,9999-01-01,Staff
99290,Youssef,Basagni,9999-01-01,Engineer
99297,Xinan,Erman,9999-01-01,Engineer
99299,Sachem,Claffy,9999-01-01,Engineer
99307,Moto,Thibadeau,9999-01-01,Senior Staff
99313,Masasuke,Caine,9999-01-01,Staff
99340,Masaru,Selvestrel,9999-01-01,Senior Staff
99365,Poornachandra,Kopetz,9999-01-01,Senior Engineer
99369,Marke,Krohn,9999-01-01,Senior Staff
99371,Tokuyasu,Vuskovic,9999-01-01,Senior Engineer
99376,Olivera,Blokdijk,9999-01-01,Senior Engineer
99390,Cristinel,Potthoff,9999-01-01,Senior Engineer
99400,Hitomi,Decaestecker,9999-01-01,Senior Staff
99422,Kotesh,Navazio,9999-01-01,Staff
99431,Prodip,Kusalik,9999-01-01,Senior Staff
99438,Vidar,Prochazka,9999-01-01,Senior Staff
99442,Sibyl,Uhrig,9999-01-01,Senior Staff
99443,Zita,Woycyznski,9999-01-01,Staff
99451,Guenter,Riexinger,9999-01-01,Senior Staff
99466,Margo,Schusler,9999-01-01,Engineer
99473,Jaihie,Servi,9999-01-01,Engineer
99476,Shahaf,Laventhal,9999-01-01,Staff
99481,Arnd,Akaboshi,9999-01-01,Staff
99492,Rosine,Gajiwala,9999-01-01,Staff
99501,Djenana,Scharstein,9999-01-01,Engineer
99520,Eran,Copas,9999-01-01,Engineer
99522,Murthy,Prenel,9999-01-01,Staff
99527,Feipei,Duclos,9999-01-01,Engineer
99544,Irene,Petersohn,9999-01-01,Engineer
99557,Arlette,Fordan,9999-01-01,Senior Staff
99564,Vitali,Azevdeo,9999-01-01,Staff
99567,Christfried,Oberman,9999-01-01,Assistant Engineer
99571,Rajmohan,Slobodova,9999-01-01,Senior Engineer
99583,Holgard,Schmittgen,9999-01-01,Senior Staff
99606,Kamran,Flowers,9999-01-01,Senior Staff
99608,Baruch,Paludetto,9999-01-01,Engineer
99611,Breannda,Stasinski,9999-01-01,Senior Staff
99622,Etsuo,Taneja,9999-01-01,Senior Engineer
99637,Moti,Maccarone,9999-01-01,Senior Engineer
99643,Beshir,Babu,9999-01-01,Senior Staff
99646,Manu,Farris,9999-01-01,Technique Leader
99649,Danny,Berstel,9999-01-01,Engineer
99655,Elvis,Borovoy,9999-01-01,Engineer
99671,Tsuneo,Leppanen,9999-01-01,Senior Staff
99681,Henk,Tramer,9999-01-01,Senior Staff
99687,Barna,Yavatkar,9999-01-01,Engineer
99688,Christophe,Noriega,9999-01-01,Senior Staff
99705,Souichi,Bahr,9999-01-01,Senior Staff
99716,Luerbio,Casperson,9999-01-01,Staff
99719,Sreekrishna,Ramamoorthy,9999-01-01,Staff
99729,Dmitri,Porenta,9999-01-01,Senior Staff
99745,Girolamo,Highland,9999-01-01,Engineer
99769,Xinyu,Winter,9999-01-01,Staff
99771,Gudjon,Lund,9999-01-01,Engineer
99779,Rasiah,Taubenfeld,9999-01-01,Senior Engineer
99781,Randi,Sury,9999-01-01,Senior Staff
99788,Adly,Orsini,9999-01-01,Senior Engineer
99790,Guadalupe,Lowrie,9999-01-01,Senior Engineer
99794,Kristin,Garnick,9999-01-01,Engineer
99804,Abdelghani,Benner,9999-01-01,Assistant Engineer
99837,Dipayan,Anick,9999-01-01,Senior Engineer
99860,Mitchel,Homond,9999-01-01,Technique Leader
99874,Leif,Belinskaya,9999-01-01,Engineer
99880,Herbert,Conti,9999-01-01,Senior Staff
99882,Rafail,Falby,9999-01-01,Senior Engineer
99883,Dulce,Linares,9999-01-01,Senior Engineer
99889,Mohammad,Osgood,9999-01-01,Engineer
99890,Aemilian,Decleir,9999-01-01,Staff
99895,Olivera,Feldmann,9999-01-01,Engineer
99915,Elgin,Perna,9999-01-01,Senior Engineer
99927,Bernardo,Luck,9999-01-01,Senior Engineer
99937,Yannik,Himler,9999-01-01,Engineer
99966,Masali,Ferretti,9999-01-01,Staff
99972,Jaana,Schaaf,9999-01-01,Staff
99981,Rimon,Grandbois,9999-01-01,Engineer
99989,Divine,Docker,9999-01-01,Engineer
100013,Gunilla,Bernardinello,9999-01-01,Senior Engineer
100022,Iara,Lindenbaum,9999-01-01,Staff
100024,Godehard,Pelz,9999-01-01,Senior Staff
100032,Jaewoo,Papsdorf,9999-01-01,Senior Staff
100042,Raimond,Turnbull,9999-01-01,Staff
100046,Jayson,Jumpertz,9999-01-01,Engineer
100072,Fan,Zeleznik,9999-01-01,Engineer
100074,Yechiam,Velardi,9999-01-01,Engineer
100092,Eckart,Cannane,9999-01-01,Engineer
100101,Shakhar,Egerstedt,9999-01-01,Engineer
100112,Akemi,Naumovich,9999-01-01,Engineer
100115,Siddarth,Servieres,9999-01-01,Senior Staff
100117,Fumitaka,Beerel,9999-01-01,Senior Staff
100118,Sajjad,Goldhammer,9999-01-01,Technique Leader
100125,Kristinn,Benveniste,9999-01-01,Staff
100137,Seongbae,Bail,9999-01-01,Engineer
100138,Changho,Prenel,9999-01-01,Assistant Engineer
100142,Terresa,Isard,9999-01-01,Senior Staff
100146,Nalini,Woycyznski,9999-01-01,Technique Leader
100158,Ayakannu,Falby,9999-01-01,Senior Staff
100159,Sakthirel,Boudaillier,9999-01-01,Engineer
100169,Ingmar,Angot,9999-01-01,Technique Leader
100172,Selwyn,Kranzdorf,9999-01-01,Staff
100175,Willard,Maginnis,9999-01-01,Senior Engineer
100180,Ohad,Lichtner,9999-01-01,Engineer
100190,Lenore,Thebaut,9999-01-01,Technique Leader
100205,Nahid,Gustavson,9999-01-01,Technique Leader
100206,Arumugam,Wrigley,9999-01-01,Senior Engineer
100257,Mahmut,Poulakidas,9999-01-01,Engineer
100259,Jiang,Laurillard,9999-01-01,Senior Staff
100264,Jaroslava,Hegner,9999-01-01,Senior Engineer
100274,Fei,Miyakawa,9999-01-01,Staff
100277,Ravishankar,Baby,9999-01-01,Senior Engineer
100279,Mingdong,Gustavson,9999-01-01,Staff
100292,Takanari,Zambonelli,9999-01-01,Senior Staff
100295,Huican,Schmiedel,9999-01-01,Staff
100300,Paraskevi,Lieblein,9999-01-01,Engineer
100303,Huei,Pargaonkar,9999-01-01,Senior Engineer
100305,Christfried,Heyers,9999-01-01,Senior Engineer
100317,Xiaopeng,Lorys,9999-01-01,Senior Staff
100319,Frazer,Billingsley,9999-01-01,Senior Engineer
100322,Janalee,Bahr,9999-01-01,Senior Staff
100332,Tooru,Schonegge,9999-01-01,Senior Engineer
100333,Kyoichi,Radivojevic,9999-01-01,Assistant Engineer
100349,Gianluca,Jarecki,9999-01-01,Senior Engineer
100352,Moss,Poupard,9999-01-01,Senior Engineer
100358,Lucian,Falby,9999-01-01,Assistant Engineer
100359,Vishwani,Speer,9999-01-01,Senior Engineer
100382,Mariangiola,Wynblatt,9999-01-01,Engineer
100384,Richara,Yurek,9999-01-01,Engineer
100386,Lubomir,Dulay,9999-01-01,Engineer
100403,Chikara,Stavenow,9999-01-01,Senior Engineer
100406,Yoshinari,Coors,9999-01-01,Senior Staff
100413,Mara,Schurmann,9999-01-01,Engineer
100416,Chinya,Neimat,9999-01-01,Engineer
100419,Jaana,Leivant,9999-01-01,Senior Staff
100428,Fayez,Einsfeld,9999-01-01,Senior Engineer
100429,Jayesh,Brender,9999-01-01,Senior Engineer
100436,Subhankar,Gini,9999-01-01,Senior Staff
100444,Arno,Itzigehl,9999-01-01,Senior Staff
100452,Guther,Lowrie,9999-01-01,Engineer
100475,Aron,Piazza,9999-01-01,Senior Staff
100486,Radhakrishnan,Maksimenko,9999-01-01,Staff
100492,Vincent,Tibblin,9999-01-01,Senior Staff
100497,Tze,Fortenbacher,9999-01-01,Engineer
100500,Tetsurou,Sichman,9999-01-01,Engineer
100516,Seongbae,Staudhammer,9999-01-01,Engineer
100531,Toshiko,Kranzdorf,9999-01-01,Senior Engineer
100534,Aamer,Luga,9999-01-01,Staff
100555,Lucien,Gecsel,9999-01-01,Senior Staff
100556,Sachem,Kaiserswerth,9999-01-01,Senior Staff
100568,Aral,Huhdanpaa,9999-01-01,Senior Staff
100569,Sreekrishna,Anandan,9999-01-01,Senior Engineer
100574,Lucien,Bennet,9999-01-01,Staff
100583,Goetz,Schnelling,9999-01-01,Senior Engineer
100593,Sasan,Sethi,9999-01-01,Engineer
100609,Gina,Lakshmanan,9999-01-01,Senior Engineer
100621,Olivera,Joslin,9999-01-01,Engineer
100634,Halsur,Yurek,9999-01-01,Senior Engineer
100653,Georgi,Maraist,9999-01-01,Engineer
100656,Persi,Teitelbaum,9999-01-01,Engineer
100673,Giri,Jiang,9999-01-01,Staff
100674,Mariangiola,Lovengreen,9999-01-01,Technique Leader
100678,Premal,Terkki,9999-01-01,Engineer
100680,Xiping,Duclos,9999-01-01,Senior Staff
100686,TRUE,Beausoleil,9999-01-01,Senior Staff
100698,Gino,Atrawala,9999-01-01,Senior Staff
100708,Yaghout,Pauthner,9999-01-01,Engineer
100721,Poornachandra,Bade,9999-01-01,Senior Engineer
100725,Zvonko,Maliniak,9999-01-01,Staff
100746,Heather,Rehfuss,9999-01-01,Staff
100748,Uriel,Marakhovsky,9999-01-01,Senior Staff
100753,Zsolt,Baca,9999-01-01,Senior Engineer
100769,Willard,Clemencon,9999-01-01,Senior Engineer
100787,Ewing,Sury,9999-01-01,Staff
100838,Kristin,Serre,9999-01-01,Technique Leader
100842,Dante,Brobst,9999-01-01,Senior Engineer
100853,Aris,Coombs,9999-01-01,Engineer
100854,Serge,Kaiserswerth,9999-01-01,Senior Engineer
100880,Chikara,Thibadeau,9999-01-01,Senior Staff
100884,Adamantios,Rousseau,9999-01-01,Senior Staff
100889,Mariusz,Spelt,9999-01-01,Staff
100900,Saniya,Vandervoorde,9999-01-01,Senior Staff
100914,Erzsebet,Shackell,9999-01-01,Engineer
100920,Henk,Byoun,9999-01-01,Engineer
100924,Moni,Sewelson,9999-01-01,Staff
100927,Troy,Lovengreen,9999-01-01,Assistant Engineer
100933,Uli,Taneja,9999-01-01,Senior Staff
100934,Goncalo,Czaja,9999-01-01,Engineer
100960,Saniya,Candan,9999-01-01,Senior Engineer
100964,Arra,Mamelak,9999-01-01,Senior Engineer
100965,Lucian,Bultermann,9999-01-01,Staff
100974,Adas,Ebeling,9999-01-01,Engineer
100998,Breannda,Portugali,9999-01-01,Staff
101000,Vishv,Marrevee,9999-01-01,Staff
101002,Fei,Billawala,9999-01-01,Staff
101003,Pranas,Kusakabe,9999-01-01,Engineer
101005,Niranjan,Erni,9999-01-01,Engineer
101015,Spyrose,Rahier,9999-01-01,Staff
101018,Shigeu,Serra,9999-01-01,Senior Engineer
101033,Zhiwei,Clemencon,9999-01-01,Senior Staff
101034,Elgin,Tyugu,9999-01-01,Senior Engineer
101067,Kerhong,Schmittgen,9999-01-01,Assistant Engineer
101071,Perla,Leivant,9999-01-01,Senior Staff
101073,Yongdong,Iwayama,9999-01-01,Engineer
101078,Fusako,Zedlitz,9999-01-01,Senior Engineer
101086,Fumino,Breugel,9999-01-01,Assistant Engineer
101096,Make,Zaccaria,9999-01-01,Senior Engineer
101098,Maya,Norsworthy,9999-01-01,Senior Staff
101110,Mahmut,Strooper,9999-01-01,Technique Leader
101117,Visit,Kriebel,9999-01-01,Senior Staff
101122,Nahla,Swick,9999-01-01,Senior Staff
101123,Henk,Wossner,9999-01-01,Senior Staff
101142,Sedat,Gini,9999-01-01,Senior Engineer
101153,Manohar,Gill,9999-01-01,Staff
101172,Nevio,Schoegge,9999-01-01,Senior Staff
101180,Subhada,Przulj,9999-01-01,Senior Staff
101192,Shugo,Poujol,9999-01-01,Senior Staff
101193,Fen,Rabejac,9999-01-01,Senior Engineer
101204,Nikolaus,Schmiedel,9999-01-01,Staff
101206,Nishit,Vitiello,9999-01-01,Senior Staff
101210,Hidde,Takanami,9999-01-01,Engineer
101218,Basil,Huhdanpaa,9999-01-01,Technique Leader
101221,Phule,Saoudi,9999-01-01,Technique Leader
101239,Toshimori,Khalil,9999-01-01,Senior Staff
101240,Oldrich,Perin,9999-01-01,Staff
101246,Saddek,Sommer,9999-01-01,Staff
101252,Constantino,Speer,9999-01-01,Staff
101258,Patricia,Lortz,9999-01-01,Senior Engineer
101270,Tsutomu,Nitto,9999-01-01,Senior Staff
101276,Shirish,Leonhardt,9999-01-01,Engineer
101286,Gila,Bernardinello,9999-01-01,Engineer
101288,Bader,Chorvat,9999-01-01,Senior Engineer
101291,Kellie,Mapelli,9999-01-01,Senior Engineer
101294,Sakthirel,Speel,9999-01-01,Senior Engineer
101312,Kamakshi,Auria,9999-01-01,Senior Engineer
101321,Arvind,Beetstra,9999-01-01,Engineer
101331,Tsz,Hagimont,9999-01-01,Senior Engineer
101338,Nobuyoshi,Legleitner,9999-01-01,Senior Engineer
101346,Dinkar,Perfilyeva,9999-01-01,Senior Engineer
101357,Baocai,Clemencon,9999-01-01,Senior Staff
101364,Turgut,Poehlman,9999-01-01,Senior Engineer
101377,Jacqueline,Decaestecker,9999-01-01,Senior Engineer
101380,Cullen,Ghazalie,9999-01-01,Engineer
101385,Maia,Vickson,9999-01-01,Technique Leader
101396,Guther,Pellegrinelli,9999-01-01,Senior Staff
101405,Takahito,Fasbender,9999-01-01,Senior Engineer
101412,Nathan,Baaleh,9999-01-01,Senior Staff
101414,Xiaoheng,DasSarma,9999-01-01,Senior Staff
101425,Lalit,Speel,9999-01-01,Engineer
101428,Tiina,Muhling,9999-01-01,Senior Engineer
101440,Aimee,McAffer,9999-01-01,Staff
101445,Remzi,Dehkordi,9999-01-01,Senior Staff
101461,Satosi,Bednarek,9999-01-01,Senior Engineer
101470,Toshiki,Champarnaud,9999-01-01,Senior Engineer
101477,Kenroku,Piazza,9999-01-01,Staff
101490,Lein,Morrin,9999-01-01,Staff
101501,Rosalie,Vecchi,9999-01-01,Technique Leader
101505,Dietrich,Gornas,9999-01-01,Senior Staff
101515,Nahid,Magalhaes,9999-01-01,Senior Staff
101519,Marek,Macedo,9999-01-01,Engineer
101521,Debatosh,Soloway,9999-01-01,Engineer
101523,Vishv,Quadeer,9999-01-01,Technique Leader
101530,Sushant,Debuse,9999-01-01,Technique Leader
101537,Luigi,Cyre,9999-01-01,Senior Engineer
101558,Wojceich,Tischendorf,9999-01-01,Senior Engineer
101559,Rasiah,Kisuki,9999-01-01,Senior Engineer
101580,Lein,Bernardinello,9999-01-01,Staff
101587,Hironobu,Puppo,9999-01-01,Staff
101588,Manu,Weedon,9999-01-01,Engineer
101608,Girolamo,Mundy,9999-01-01,Staff
101617,Serge,Maquelin,9999-01-01,Senior Staff
101626,Moheb,Vrecion,9999-01-01,Senior Staff
101637,Subir,Azuma,9999-01-01,Staff
101638,Gaurav,Conta,9999-01-01,Engineer
101651,Trygve,Templeman,9999-01-01,Engineer
101656,Yaghout,Kornyak,9999-01-01,Senior Staff
101657,Krisda,Herath,9999-01-01,Senior Staff
101681,Goh,Fasbender,9999-01-01,Senior Engineer
101688,Bilhanan,Worfolk,9999-01-01,Engineer
101690,Dante,Lally,9999-01-01,Staff
101713,Weiye,Erev,9999-01-01,Senior Staff
101719,Nadjib,Wolniewicz,9999-01-01,Senior Engineer
101721,Hidefumi,Cooke,9999-01-01,Senior Engineer
101742,Tetsushi,Sessa,9999-01-01,Senior Staff
101774,Heekeun,Baba,9999-01-01,Senior Engineer
101775,Tuval,Liedekerke,9999-01-01,Engineer
101778,Aamer,Peha,9999-01-01,Engineer
101787,Shunichi,Muhling,9999-01-01,Engineer
101800,Arlette,Iwayama,9999-01-01,Engineer
101808,Atreye,Hedayat,9999-01-01,Technique Leader
101813,Shai,Turnbull,9999-01-01,Senior Engineer
101816,Hongzhu,Claffy,9999-01-01,Senior Staff
101833,Cordelia,Couchot,9999-01-01,Staff
101845,Giordano,Pouyioutas,9999-01-01,Staff
101848,Jouko,Kolinko,9999-01-01,Senior Staff
101855,Sven,Majewski,9999-01-01,Staff
101858,Katsuyuki,Nourani,9999-01-01,Senior Staff
101869,Zhanqiu,Siprelle,9999-01-01,Staff
101878,Tetsushi,Stroustrup,9999-01-01,Staff
101887,Zhonghua,McAlpine,9999-01-01,Senior Engineer
101888,Eran,Ritcey,9999-01-01,Engineer
101898,Mang,Schwartzbauer,9999-01-01,Engineer
101907,Jianhao,England,9999-01-01,Staff
101915,Mayuri,Chenoweth,9999-01-01,Senior Engineer
101919,Mantis,Schahn,9999-01-01,Staff
101928,Avishai,Baezner,9999-01-01,Engineer
101932,Christophe,Hashii,9999-01-01,Senior Engineer
101934,Roselyn,Rosin,9999-01-01,Staff
101949,Foong,Pettis,9999-01-01,Senior Engineer
101973,Yucel,Kilgore,9999-01-01,Staff
101989,JiYoung,Plavsic,9999-01-01,Engineer
101993,Manohar,Perez,9999-01-01,Staff
102011,Genevieve,Lund,9999-01-01,Senior Engineer
102027,Gladys,Isaak,9999-01-01,Engineer
102028,Yunming,Thiran,9999-01-01,Senior Engineer
102045,Chandrasekaran,Berstel,9999-01-01,Engineer
102052,Shaunak,Krychniak,9999-01-01,Senior Staff
102061,Niclas,Nittel,9999-01-01,Engineer
102062,Shigehiro,Lanteri,9999-01-01,Senior Staff
102068,Zhilian,Bergere,9999-01-01,Senior Staff
102079,Gay,Thiria,9999-01-01,Senior Engineer
102081,Gina,Bridgland,9999-01-01,Technique Leader
102090,Shaleah,Zizka,9999-01-01,Senior Staff
102105,Hironobu,Schwartzbauer,9999-01-01,Staff
102110,Mang,Christ,9999-01-01,Staff
102131,Gill,Aseltine,9999-01-01,Senior Staff
102144,Bernice,Karlin,9999-01-01,Engineer
102147,Kristen,Miyakawa,9999-01-01,Senior Staff
102153,Danel,Lukaszewicz,9999-01-01,Senior Staff
102162,Nevin,Fujisaki,9999-01-01,Senior Engineer
102180,Demos,Waschkowski,9999-01-01,Staff
102187,Fumiya,Eickenmeyer,9999-01-01,Staff
102191,Nikolaos,Menyhert,9999-01-01,Senior Engineer
102217,Christ,Luks,9999-01-01,Senior Engineer
102220,Deborah,Poehlman,9999-01-01,Technique Leader
102221,Manibrata,Orlowska,9999-01-01,Senior Engineer
102228,Udaiprakash,Nannarelli,9999-01-01,Senior Staff
102232,Roded,Kaiser,9999-01-01,Staff
102240,Shmuel,Rodite,9999-01-01,Senior Engineer
102257,Stella,Tsukune,9999-01-01,Engineer
102286,Cedric,Chachaty,9999-01-01,Senior Staff
102292,Fumiyo,Peltason,9999-01-01,Technique Leader
102298,Tianruo,Selenyi,9999-01-01,Engineer
102314,Anneli,Maliniak,9999-01-01,Engineer
102320,Bangqing,Sichman,9999-01-01,Assistant Engineer
102336,Frazer,Schlenzig,9999-01-01,Engineer
102371,Chenxi,Chenoweth,9999-01-01,Staff
102372,Maik,Jahnichen,9999-01-01,Senior Engineer
102385,Mountaz,Sidou,9999-01-01,Senior Engineer
102395,Kitty,Massonet,9999-01-01,Staff
102405,Kagan,Danlos,9999-01-01,Senior Staff
102423,Kazuhiko,Sridhar,9999-01-01,Staff
102427,Idoia,Rindone,9999-01-01,Senior Staff
102433,Arch,Peek,9999-01-01,Staff
102440,Yucai,Farrow,9999-01-01,Senior Staff
102450,Elgin,Krupka,9999-01-01,Senior Engineer
102451,Vugranam,Harbusch,9999-01-01,Engineer
102465,IEEE,Chiola,9999-01-01,Senior Staff
102479,Serap,Facello,9999-01-01,Senior Staff
102483,Qingxiang,Boissier,9999-01-01,Senior Engineer
102496,Ayonca,Hiraishi,9999-01-01,Senior Engineer
102514,Arne,Huttel,9999-01-01,Senior Engineer
102520,Tetsurou,Remmers,9999-01-01,Senior Engineer
102548,Tokuyasu,Kragelund,9999-01-01,Senior Engineer
102552,Danai,Delgrande,9999-01-01,Staff
102597,Waiman,Vidal,9999-01-01,Senior Engineer
102609,Chaoyi,Felder,9999-01-01,Assistant Engineer
102627,Bedrich,Businaro,9999-01-01,Senior Engineer
102632,Caolyn,Radwan,9999-01-01,Engineer
102654,Gregory,Makinen,9999-01-01,Technique Leader
102673,Stamatina,Vigier,9999-01-01,Senior Staff
102677,Huei,Karcich,9999-01-01,Engineer
102682,Oscar,Reutenauer,9999-01-01,Senior Staff
102692,Saniya,Lindenbaum,9999-01-01,Staff
102700,Juichirou,Hedayat,9999-01-01,Engineer
102704,Slavian,Andreotta,9999-01-01,Senior Staff
102708,Xinglin,Marletta,9999-01-01,Staff
102710,Divier,Szmurlo,9999-01-01,Senior Engineer
102728,Make,Jiang,9999-01-01,Staff
102733,Marie,Angiulli,9999-01-01,Staff
102737,Fabrizio,Mitina,9999-01-01,Engineer
102738,Ramya,Tchuente,9999-01-01,Staff
102740,Guenter,Gide,9999-01-01,Senior Engineer
102741,Palash,Naumovich,9999-01-01,Senior Staff
102742,Raimond,Kruskal,9999-01-01,Engineer
102754,Mohua,Huhdanpaa,9999-01-01,Senior Engineer
102757,Arno,Pardalos,9999-01-01,Senior Engineer
102762,Josyula,Setlzner,9999-01-01,Senior Staff
102765,Arnould,Lipner,9999-01-01,Senior Staff
102766,Guiseppe,Dechter,9999-01-01,Assistant Engineer
102777,Fumiko,Stille,9999-01-01,Senior Engineer
102778,Bernice,Mitchem,9999-01-01,Senior Engineer
102793,Joydip,Benzaken,9999-01-01,Senior Engineer
102801,Chanjung,Chachaty,9999-01-01,Engineer
102803,Giri,Servi,9999-01-01,Engineer
102808,Qingxiang,Eiter,9999-01-01,Senior Engineer
102810,Jiafu,Birsak,9999-01-01,Senior Staff
102815,Shunichi,Scallan,9999-01-01,Staff
102851,Xudong,Bruckman,9999-01-01,Technique Leader
102856,Bogdan,Peron,9999-01-01,Staff
102870,Marsal,Alpay,9999-01-01,Senior Staff
102901,Constantino,Huttel,9999-01-01,Engineer
102912,Teiji,Khalil,9999-01-01,Staff
102941,Luigi,Erni,9999-01-01,Senior Engineer
102942,Gretta,Vilarrasa,9999-01-01,Senior Staff
102953,Woody,Terlouw,9999-01-01,Senior Engineer
102962,Chirstian,Kobara,9999-01-01,Senior Staff
102996,Patricio,Riesenhuber,9999-01-01,Engineer
103005,Rafael,Keustermans,9999-01-01,Senior Engineer
103019,Jungsoon,Wissmann,9999-01-01,Staff
103024,Patricio,Jakobus,9999-01-01,Engineer
103040,Kamran,Lorie,9999-01-01,Engineer
103042,Berthier,Masand,9999-01-01,Staff
103058,Yongqiao,Zumaque,9999-01-01,Engineer
103059,Hatem,Mondadori,9999-01-01,Technique Leader
103061,Karlis,Delaune,9999-01-01,Engineer
103076,Thodoros,Stiles,9999-01-01,Staff
103092,Mabry,Falby,9999-01-01,Engineer
103107,Bikash,Georgatos,9999-01-01,Senior Staff
103128,Alenka,Crabtree,9999-01-01,Senior Engineer
103129,Jianhua,Munoz,9999-01-01,Senior Engineer
103130,Kiyokazu,Sundgren,9999-01-01,Senior Engineer
103156,Yahiko,Schiper,9999-01-01,Staff
103159,Greger,Chandrasekhar,9999-01-01,Senior Engineer
103164,Valeska,Chiola,9999-01-01,Senior Staff
103176,Khue,Pelc,9999-01-01,Senior Staff
103178,Tetsurou,Argence,9999-01-01,Senior Engineer
103184,Yongdong,Garnham,9999-01-01,Engineer
103198,Alois,Yeung,9999-01-01,Senior Engineer
103219,Guenter,Muchinsky,9999-01-01,Engineer
103223,Jongsuk,Papadias,9999-01-01,Senior Engineer
103224,Zeljko,Seghrouchni,9999-01-01,Senior Engineer
103235,Kazuhito,Acton,9999-01-01,Senior Engineer
103245,Sajjad,Cusworth,9999-01-01,Senior Engineer
103252,Domenick,Baca,9999-01-01,Technique Leader
103258,Nathan,Baaz,9999-01-01,Staff
103259,Remzi,Brattka,9999-01-01,Senior Staff
103270,Moty,Openshaw,9999-01-01,Senior Staff
103271,Trygve,Bamford,9999-01-01,Senior Engineer
103284,Guiseppe,Hofting,9999-01-01,Engineer
103294,Basant,Lodder,9999-01-01,Senior Staff
103296,Remzi,Siochi,9999-01-01,Senior Staff
103332,Zhanqiu,Guerreiro,9999-01-01,Senior Engineer
103338,Munir,Wilharm,9999-01-01,Senior Staff
103344,Sanjeeva,Whittlesey,9999-01-01,Engineer
103349,Chiranjit,Saoudi,9999-01-01,Senior Engineer
103350,George,Kranzdorf,9999-01-01,Engineer
103351,Stein,Junot,9999-01-01,Senior Engineer
103358,Takushi,Legleitner,9999-01-01,Senior Staff
103367,Supot,Isaac,9999-01-01,Engineer
103375,Khue,Fioravanti,9999-01-01,Senior Staff
103398,Nikolaos,Schreiter,9999-01-01,Staff
103415,Heng,Cronin,9999-01-01,Senior Staff
103419,Marjo,Pettit,9999-01-01,Senior Engineer
103424,Geoffrey,Knightly,9999-01-01,Assistant Engineer
103426,Shigeaki,Koshiba,9999-01-01,Senior Engineer
103427,Licheng,Dalton,9999-01-01,Senior Engineer
103435,Sverrir,Ghazalie,9999-01-01,Engineer
103460,Rajmohan,Duclos,9999-01-01,Senior Staff
103467,Kwangyoen,Glinert,9999-01-01,Staff
103484,Niclas,Velardi,9999-01-01,Senior Engineer
103488,Moheb,Conde,9999-01-01,Senior Engineer
103490,Claudi,Kropatsch,9999-01-01,Senior Engineer
103523,Visit,Servieres,9999-01-01,Senior Engineer
103529,Duke,Uhrik,9999-01-01,Senior Engineer
103537,Adit,Grospietsch,9999-01-01,Senior Staff
103538,Mountaz,Ushiama,9999-01-01,Senior Engineer
103558,Adel,Unni,9999-01-01,Staff
103563,Fan,Msuda,9999-01-01,Engineer
103566,Fumino,Pouyioutas,9999-01-01,Senior Engineer
103567,Eberhardt,Perl,9999-01-01,Engineer
103568,Peternela,Camarinopoulos,9999-01-01,Technique Leader
103569,Rayond,Rodier,9999-01-01,Senior Engineer
103573,Mani,Erman,9999-01-01,Staff
103575,Ugo,Verhaegen,9999-01-01,Staff
103576,Suzette,Picci,9999-01-01,Staff
103583,Arno,Gulla,9999-01-01,Senior Staff
103585,Juichirou,Dusink,9999-01-01,Senior Staff
103586,Kwee,Veevers,9999-01-01,Engineer
103589,Ipke,Fujisaki,9999-01-01,Senior Engineer
103591,Moni,Vakili,9999-01-01,Senior Staff
103595,Zhensheng,Hutton,9999-01-01,Staff
103605,Alagu,Fraisse,9999-01-01,Technique Leader
103607,Yannis,Roccetti,9999-01-01,Senior Staff
103621,Yuqun,Vidya,9999-01-01,Staff
103640,Valeska,Yetto,9999-01-01,Senior Staff
103641,Aamer,Loncour,9999-01-01,Engineer
103644,Harjit,Erdi,9999-01-01,Technique Leader
103659,Remco,Feldmann,9999-01-01,Assistant Engineer
103661,Chinya,Rettelbach,9999-01-01,Engineer
103663,Bezalel,Edelhoff,9999-01-01,Engineer
103665,Tomoyuki,Monarch,9999-01-01,Senior Engineer
103668,Remmert,Mitchem,9999-01-01,Engineer
103670,Bernice,Siepmann,9999-01-01,Staff
103681,Toney,Rosiles,9999-01-01,Staff
103682,Samphel,Shrader,9999-01-01,Senior Engineer
103717,Kwangjo,Zhang,9999-01-01,Staff
103723,Noritoshi,Geffroy,9999-01-01,Staff
103731,Leandro,Cyre,9999-01-01,Engineer
103733,Paraskevi,Ravishankar,9999-01-01,Engineer
103753,Faiza,Fortenbacher,9999-01-01,Senior Staff
103754,Ebru,Nicolson,9999-01-01,Engineer
103759,Rance,Rajaraman,9999-01-01,Staff
103766,Ronghao,Monkewich,9999-01-01,Engineer
103772,Vidar,Pollacia,9999-01-01,Senior Staff
103776,Franziska,Ashish,9999-01-01,Staff
103782,Sigeru,Baez,9999-01-01,Senior Staff
103835,Masasuke,Cyre,9999-01-01,Senior Engineer
103842,Stevo,Luef,9999-01-01,Staff
103849,Luerbio,Bennet,9999-01-01,Engineer
103855,Christophe,Peres,9999-01-01,Technique Leader
103862,Christophe,Koblitz,9999-01-01,Senior Engineer
103865,Eishiro,Pews,9999-01-01,Senior Engineer
103876,Mohammad,Suppi,9999-01-01,Senior Engineer
103878,Uta,Brandsma,9999-01-01,Staff
103892,Ohad,Bouloucos,9999-01-01,Senior Engineer
103897,Vivian,Munos,9999-01-01,Senior Engineer
103898,Saeed,Rosin,9999-01-01,Staff
103913,Shahid,Yurov,9999-01-01,Senior Engineer
103918,Seshu,Jenevein,9999-01-01,Technique Leader
103926,Jiafu,Camarinopoulos,9999-01-01,Senior Staff
103936,Chikako,Bolsens,9999-01-01,Engineer
103938,Toshimi,Frolund,9999-01-01,Engineer
103939,Ugo,Begiun,9999-01-01,Assistant Engineer
103951,Eben,Luders,9999-01-01,Senior Engineer
103960,Fusako,Brobst,9999-01-01,Staff
103971,Gritta,Journel,9999-01-01,Senior Staff
103987,Aimee,Uhrik,9999-01-01,Senior Engineer
103988,Mary,Griswold,9999-01-01,Senior Staff
104005,Ibibia,Molenkamp,9999-01-01,Senior Engineer
104011,Masanao,Journel,9999-01-01,Staff
104014,Honglan,Krohn,9999-01-01,Senior Engineer
104021,Yonghoan,Mondadori,9999-01-01,Senior Engineer
104029,Alper,Pagter,9999-01-01,Staff
104035,Sivanarayana,Chandrasekhar,9999-01-01,Senior Staff
104047,Girolamo,Zweizig,9999-01-01,Engineer
104054,Uinam,Rothe,9999-01-01,Senior Engineer
104060,Moriyoshi,Baca,9999-01-01,Technique Leader
104073,Vitali,Peral,9999-01-01,Senior Staff
104091,Shrikanth,Mawatari,9999-01-01,Staff
104092,Abdelaziz,Vitiello,9999-01-01,Assistant Engineer
104093,Cristinel,Streng,9999-01-01,Senior Staff
104122,Georg,Schreiter,9999-01-01,Engineer
104130,Kazuhira,Rodiger,9999-01-01,Senior Engineer
104135,Yaghout,Servi,9999-01-01,Staff
104143,Gino,Morton,9999-01-01,Engineer
104144,Gilbert,Staelin,9999-01-01,Engineer
104145,Mang,Selvestrel,9999-01-01,Engineer
104153,Almudena,Chaudhury,9999-01-01,Staff
104160,Kotesh,Kamber,9999-01-01,Technique Leader
104163,Yishay,Ambroszkiewicz,9999-01-01,Staff
104184,Roselyn,Ventosa,9999-01-01,Senior Engineer
104196,Dulce,Norsworthy,9999-01-01,Senior Staff
104203,Shigenori,Gyorkos,9999-01-01,Staff
104210,Ziyad,Schaaf,9999-01-01,Technique Leader
104212,Bedrich,Driscoll,9999-01-01,Staff
104222,Gretta,Wursthorn,9999-01-01,Senior Engineer
104223,Mantis,Waymire,9999-01-01,Staff
104233,Cordelia,Kolvik,9999-01-01,Assistant Engineer
104254,Tuval,Lichtner,9999-01-01,Senior Engineer
104266,Kiyokazu,Antonakopoulos,9999-01-01,Engineer
104294,Siddarth,Flowers,9999-01-01,Senior Engineer
104312,Suzette,Hettesheimer,9999-01-01,Staff
104313,Makato,Thisen,9999-01-01,Engineer
104315,Georgi,Woycyznski,9999-01-01,Senior Staff
104316,Kristian,Demeyer,9999-01-01,Senior Engineer
104328,Luerbio,Setlzner,9999-01-01,Technique Leader
104336,Shigeu,Lagarias,9999-01-01,Engineer
104352,Xiaoheng,Samarati,9999-01-01,Senior Staff
104361,Zhongwei,Msuda,9999-01-01,Senior Engineer
104363,Mansur,Xiaoshan,9999-01-01,Senior Staff
104366,Yaghout,Erman,9999-01-01,Technique Leader
104369,Elliott,Fandrianto,9999-01-01,Senior Staff
104399,Dipankar,Schnelling,9999-01-01,Senior Engineer
104402,Gonzalo,Molenaar,9999-01-01,Staff
104404,Yoshinari,Usery,9999-01-01,Senior Staff
104411,Zengping,Desikan,9999-01-01,Senior Staff
104431,Xuedong,Kenevan,9999-01-01,Senior Staff
104452,Paloma,Lorin,9999-01-01,Senior Engineer
104462,Tomofumi,Randt,9999-01-01,Senior Staff
104467,Anoosh,Panwar,9999-01-01,Senior Engineer
104478,Shrikanth,Goodrum,9999-01-01,Technique Leader
104480,Arif,Randt,9999-01-01,Staff
104503,Poornachandra,Kalefeld,9999-01-01,Engineer
104504,Waiman,Kilgore,9999-01-01,Senior Engineer
104508,Wilmer,Thummel,9999-01-01,Senior Engineer
104510,Willard,Eppinger,9999-01-01,Staff
104517,Kazuhide,Demri,9999-01-01,Staff
104520,Vishv,Neimat,9999-01-01,Staff
104536,Shooichi,Ernst,9999-01-01,Senior Staff
104537,Sadun,Schnelling,9999-01-01,Technique Leader
104549,Chaoyi,Sabnani,9999-01-01,Assistant Engineer
104557,Turgut,Kushnir,9999-01-01,Technique Leader
104577,Kellyn,Ibel,9999-01-01,Senior Staff
104592,Gift,Chinin,9999-01-01,Senior Staff
104593,Arno,Maksimenko,9999-01-01,Senior Engineer
104610,Fusako,Peak,9999-01-01,Staff
104625,Odoardo,Vendrig,9999-01-01,Senior Engineer
104626,Patricio,Zaiane,9999-01-01,Senior Staff
104637,Basant,dAstous,9999-01-01,Senior Staff
104640,Chaosheng,Conia,9999-01-01,Engineer
104644,Yuguang,Lieblein,9999-01-01,Senior Engineer
104658,Mrinalini,Ratnakar,9999-01-01,Assistant Engineer
104670,Tzvetan,Cappelletti,9999-01-01,Engineer
104682,Toshimori,Speek,9999-01-01,Staff
104696,Lansing,Aseltine,9999-01-01,Senior Staff
104710,Munenori,Trogemann,9999-01-01,Senior Staff
104711,Herb,Vural,9999-01-01,Senior Engineer
104718,Lorien,Brandsma,9999-01-01,Engineer
104736,Shuky,Birke,9999-01-01,Senior Engineer
104745,Hongzhu,Lichtner,9999-01-01,Engineer
104748,Xianlong,Bennet,9999-01-01,Staff
104753,Along,Zongker,9999-01-01,Technique Leader
104755,Tetsurou,Zschoche,9999-01-01,Engineer
104767,Venkatesan,Hinsberger,9999-01-01,Senior Staff
104772,Yannik,VanScheik,9999-01-01,Staff
104779,Sergi,Hartvigsen,9999-01-01,Engineer
104783,Lech,Mullainathan,9999-01-01,Senior Staff
104785,Przemyslawa,Porotnikoff,9999-01-01,Senior Staff
104801,Fatemeh,Hardjono,9999-01-01,Senior Staff
104819,Rildo,Granlund,9999-01-01,Senior Staff
104852,Theirry,Munawer,9999-01-01,Senior Engineer
104866,Anestis,Gelosh,9999-01-01,Senior Staff
104870,Nectarios,Peltason,9999-01-01,Senior Staff
104875,Francesca,Schrooten,9999-01-01,Engineer
104877,Arif,DasSarma,9999-01-01,Senior Staff
104882,Gererd,Asrin,9999-01-01,Technique Leader
104894,Phule,Schaft,9999-01-01,Senior Staff
104897,Marl,Merks,9999-01-01,Engineer
104911,Sanjai,Kruskal,9999-01-01,Staff
104921,Kellie,Chandrasekhar,9999-01-01,Engineer
104929,Radhia,Oppitz,9999-01-01,Staff
104931,Kristin,Delaune,9999-01-01,Staff
104939,Armond,Masamoto,9999-01-01,Engineer
104941,Yonghong,Schaap,9999-01-01,Senior Engineer
104945,Gro,Polupanov,9999-01-01,Senior Engineer
104977,Shounak,Yetim,9999-01-01,Engineer
104993,Takahiro,Sluis,9999-01-01,Senior Staff
105002,Jingling,Millington,9999-01-01,Senior Staff
105033,Takahira,Quadeer,9999-01-01,Engineer
105040,Vojin,Erbe,9999-01-01,Senior Engineer
105053,Gian,Vernadat,9999-01-01,Senior Staff
105060,Manu,Rosin,9999-01-01,Senior Staff
105072,Gennadi,Atchley,9999-01-01,Engineer
105075,Kiyotoshi,Keohane,9999-01-01,Engineer
105081,Yechezkel,Gyorkos,9999-01-01,Senior Engineer
105085,Mamdouh,Bach,9999-01-01,Senior Staff
105093,Lalit,Fontet,9999-01-01,Senior Staff
105095,Steen,Leppanen,9999-01-01,Engineer
105100,Boguslaw,Fabrizio,9999-01-01,Engineer
105103,Elvis,Zambonelli,9999-01-01,Senior Engineer
105120,Dannz,Litzler,9999-01-01,Engineer
105123,Bernd,Schwaller,9999-01-01,Senior Staff
105131,Sandeepan,Sidou,9999-01-01,Senior Engineer
105143,Tse,Dulli,9999-01-01,Senior Engineer
105146,Martins,Katzenelson,9999-01-01,Senior Staff
105152,Mikhail,Cesareni,9999-01-01,Senior Staff
105162,Heon,Alencar,9999-01-01,Senior Staff
105167,Lillian,Comyn,9999-01-01,Staff
105184,Mabo,Luck,9999-01-01,Senior Staff
105202,Susumu,Jording,9999-01-01,Senior Staff
105204,Ennio,Schaad,9999-01-01,Senior Staff
105208,Moon,Grospietsch,9999-01-01,Senior Engineer
105222,Gaetan,Weiland,9999-01-01,Senior Engineer
105223,Jiakeng,Manders,9999-01-01,Engineer
105226,Murthy,Menyhert,9999-01-01,Staff
105234,Frederique,Navazio,9999-01-01,Engineer
105239,Bartek,Perl,9999-01-01,Staff
105241,Arra,Ulupinar,9999-01-01,Senior Engineer
105259,Mohamadou,Wiegley,9999-01-01,Engineer
105261,Domenick,Rullman,9999-01-01,Senior Engineer
105264,Chrisa,Simkin,9999-01-01,Staff
105278,Hisao,Gyimothy,9999-01-01,Senior Staff
105291,Nagui,Goldhammer,9999-01-01,Staff
105296,Conor,Peha,9999-01-01,Staff
105304,Nikolaus,Steinauer,9999-01-01,Senior Engineer
105311,Mohammad,Conry,9999-01-01,Staff
105313,Richara,McFarlin,9999-01-01,Senior Staff
105319,Tru,Rebaine,9999-01-01,Staff
105326,Almudena,Comte,9999-01-01,Assistant Engineer
105328,Alain,Hoppenstand,9999-01-01,Technique Leader
105346,Pradeep,Gluchowski,9999-01-01,Senior Engineer
105357,Martien,Billawala,9999-01-01,Senior Engineer
105365,Iara,Backhouse,9999-01-01,Senior Engineer
105388,Sarita,Lorch,9999-01-01,Senior Engineer
105391,Vidya,Peac,9999-01-01,Engineer
105396,Sajjan,Strehl,9999-01-01,Staff
105401,Babette,Anguita,9999-01-01,Engineer
105406,Hongzhu,Viele,9999-01-01,Senior Staff
105408,Adit,Gihr,9999-01-01,Senior Engineer
105410,Foong,Morton,9999-01-01,Senior Engineer
105417,Rajmohan,Matzel,9999-01-01,Engineer
105421,Sadun,Schrooten,9999-01-01,Senior Staff
105425,Minghong,Peir,9999-01-01,Senior Staff
105441,Abdelghani,Haldar,9999-01-01,Senior Staff
105466,Shih,Servi,9999-01-01,Staff
105485,Magy,Danner,9999-01-01,Technique Leader
105489,Jasminko,Sadowski,9999-01-01,Staff
105498,Shuzo,Kohling,9999-01-01,Engineer
105515,Mototsugu,Kandlur,9999-01-01,Assistant Engineer
105521,Toshiko,Hofman,9999-01-01,Senior Staff
105532,Christophe,Sluis,9999-01-01,Engineer
105533,Zijian,Falby,9999-01-01,Senior Engineer
105541,Otmar,Gils,9999-01-01,Technique Leader
105543,TRUE,Fabrizio,9999-01-01,Senior Engineer
105544,Feiyu,Mitsuhashi,9999-01-01,Senior Engineer
105546,Dhritiman,Coombs,9999-01-01,Senior Engineer
105560,Dmitri,Zeleznik,9999-01-01,Engineer
105561,Mariangiola,Baja,9999-01-01,Engineer
105564,Jaihie,Parhami,9999-01-01,Senior Engineer
105572,Vivian,Haldar,9999-01-01,Staff
105581,Rasikan,Hanabata,9999-01-01,Senior Engineer
105587,Kwun,Demri,9999-01-01,Senior Engineer
105593,Kankanahalli,Liesche,9999-01-01,Staff
105595,Gino,Hmelo,9999-01-01,Senior Staff
105601,Shridhar,Skafidas,9999-01-01,Senior Staff
105603,Masoud,Sommer,9999-01-01,Senior Staff
105618,Kazunori,Bugaenko,9999-01-01,Staff
105633,Dmitry,Androutsos,9999-01-01,Engineer
105634,Szabolcs,Mullainathan,9999-01-01,Staff
105637,Remko,Tagansky,9999-01-01,Engineer
105662,Jinpo,Hoogerwoord,9999-01-01,Staff
105665,Tonia,Falco,9999-01-01,Senior Staff
105670,Arumugam,Rijsenbrij,9999-01-01,Engineer
105674,Lalit,Kropatsch,9999-01-01,Engineer
105681,Pranav,Mikschl,9999-01-01,Engineer
105682,Kerhong,Juneja,9999-01-01,Staff
105705,Ghassan,Mellouli,9999-01-01,Assistant Engineer
105716,Ipke,Milicia,9999-01-01,Engineer
105722,Maik,Riefers,9999-01-01,Staff
105726,Jagoda,Randt,9999-01-01,Staff
105738,Qiwen,Jenevein,9999-01-01,Senior Staff
105739,Zine,Journel,9999-01-01,Senior Engineer
105766,Boutros,Callaway,9999-01-01,Staff
105776,Lokesh,Chinen,9999-01-01,Senior Engineer
105781,Billur,Rousseau,9999-01-01,Senior Staff
105786,Ymte,Goodrum,9999-01-01,Engineer
105789,Qingxiang,Fordan,9999-01-01,Senior Staff
105800,Golgen,Baig,9999-01-01,Staff
105809,Remko,Frolund,9999-01-01,Senior Engineer
105810,Subhankar,Shihab,9999-01-01,Senior Engineer
105817,Mihalis,Junot,9999-01-01,Senior Engineer
105839,Ziyad,Rosca,9999-01-01,Engineer
105852,Filipe,Beetstra,9999-01-01,Staff
105860,Heeju,Juneja,9999-01-01,Senior Engineer
105876,Eldridge,Junet,9999-01-01,Senior Engineer
105878,Dhritiman,Malabarba,9999-01-01,Senior Engineer
105884,Arvind,Esposito,9999-01-01,Senior Engineer
105886,Stafford,Mitchem,9999-01-01,Staff
105889,Constantino,Blokdijk,9999-01-01,Staff
105910,Guozhong,Zaccaria,9999-01-01,Engineer
105915,Marsal,Pearson,9999-01-01,Senior Engineer
105921,Willard,Gubsky,9999-01-01,Senior Staff
105926,Shahid,Mansanne,9999-01-01,Senior Staff
105934,Gor,Langford,9999-01-01,Staff
105935,Danai,Koshiba,9999-01-01,Senior Staff
105965,Djelloul,Kolvik,9999-01-01,Staff
105981,Bedir,Tyugu,9999-01-01,Engineer
105987,Vojin,Geffroy,9999-01-01,Senior Staff
105991,Ronnie,Raczkowsky,9999-01-01,Engineer
105998,Herb,Sanella,9999-01-01,Engineer
106003,Przemyslawa,Kemmerer,9999-01-01,Technique Leader
106007,Trygve,Ligten,9999-01-01,Technique Leader
106011,Youpyo,Takanami,9999-01-01,Staff
106031,Hein,Peron,9999-01-01,Senior Engineer
106040,Atreye,Terekhov,9999-01-01,Staff
106042,Jiann,Calkin,9999-01-01,Technique Leader
106048,Urs,Schlumberger,9999-01-01,Engineer
106049,Tran,Zhang,9999-01-01,Senior Staff
106063,Florian,Baaz,9999-01-01,Senior Staff
106083,Jacopo,Panangaden,9999-01-01,Engineer
106091,Mark,Nittel,9999-01-01,Senior Staff
106095,Zengping,Staelin,9999-01-01,Senior Staff
106107,Hidde,Undy,9999-01-01,Senior Engineer
106113,Shigenori,Gill,9999-01-01,Assistant Engineer
106121,Moni,Tiemann,9999-01-01,Technique Leader
106132,Yinlin,Schapiro,9999-01-01,Engineer
106133,Guadalupe,Heijenga,9999-01-01,Senior Staff
106161,Rafael,Baba,9999-01-01,Senior Engineer
106163,Moto,Marwedel,9999-01-01,Senior Engineer
106166,Sahrah,Lukaszewicz,9999-01-01,Engineer
106177,Zongyan,DuCasse,9999-01-01,Senior Engineer
106186,Gonzalo,Sewelson,9999-01-01,Staff
106187,Kazuyasu,Rassart,9999-01-01,Senior Staff
106190,Rosalyn,Kobuchi,9999-01-01,Senior Staff
106192,Alejandra,Calkin,9999-01-01,Senior Engineer
106197,Geraldo,Ciolek,9999-01-01,Engineer
106198,Ayakannu,Uhrig,9999-01-01,Senior Staff
106206,Behnaam,Schlenzig,9999-01-01,Senior Engineer
106212,Kristof,Pluym,9999-01-01,Engineer
106214,Valdiodio,Demir,9999-01-01,Engineer
106222,Shim,Uludag,9999-01-01,Senior Engineer
106240,Shen,Ramras,9999-01-01,Assistant Engineer
106254,Gian,Lowrie,9999-01-01,Senior Staff
106255,Luigi,Furedi,9999-01-01,Staff
106256,Yakichi,Michaeli,9999-01-01,Engineer
106278,Chanjung,Nooteboom,9999-01-01,Senior Staff
106293,Froduald,Schicker,9999-01-01,Staff
106307,Gil,Lunn,9999-01-01,Technique Leader
106317,Lein,Busillo,9999-01-01,Senior Staff
106319,Jayson,Azulay,9999-01-01,Staff
106320,Lein,Gils,9999-01-01,Staff
106331,Fumiko,Lorch,9999-01-01,Engineer
106340,Giordano,Plotkin,9999-01-01,Assistant Engineer
106346,Perry,Cronan,9999-01-01,Engineer
106355,Lena,Schmiedel,9999-01-01,Senior Engineer
106364,Bowen,Muhlberg,9999-01-01,Staff
106383,Yechezkel,Denny,9999-01-01,Senior Staff
106411,Anyuan,Marletta,9999-01-01,Senior Engineer
106417,Kwun,Clouatre,9999-01-01,Staff
106425,Beshir,Rohrbach,9999-01-01,Senior Engineer
106435,Collette,Christ,9999-01-01,Staff
106441,Erzsebet,Narahari,9999-01-01,Staff
106442,Mihalis,Yeung,9999-01-01,Staff
106447,Tadanori,Herber,9999-01-01,Staff
106451,Jiong,Tibblin,9999-01-01,Senior Staff
106457,Toshimitsu,Frezza,9999-01-01,Engineer
106462,Chanjung,Decaestecker,9999-01-01,Technique Leader
106463,Janalee,Poulakidas,9999-01-01,Senior Staff
106465,Nidapan,Guting,9999-01-01,Staff
106466,Wayne,Anick,9999-01-01,Senior Engineer
106482,Alselm,Selenyi,9999-01-01,Senior Staff
106487,Khalil,Ramsey,9999-01-01,Senior Engineer
106504,Tremaine,Panangaden,9999-01-01,Technique Leader
106531,Shuky,Eiron,9999-01-01,Engineer
106536,Ramachenga,Koblick,9999-01-01,Engineer
106547,Quingbo,dAstous,9999-01-01,Senior Engineer
106548,Nechama,Masada,9999-01-01,Staff
106552,Abdulla,Schaap,9999-01-01,Senior Engineer
106555,Rosalyn,Gaughan,9999-01-01,Engineer
106558,Otilia,Brobst,9999-01-01,Engineer
106560,Tsuneo,Baar,9999-01-01,Technique Leader
106567,Weiye,Chepyzhov,9999-01-01,Senior Engineer
106582,Yinlin,Coney,9999-01-01,Assistant Engineer
106584,Petter,Heydon,9999-01-01,Senior Engineer
106587,Heekeun,Ranka,9999-01-01,Engineer
106589,Krister,Weedman,9999-01-01,Senior Engineer
106592,Dipayan,Schade,9999-01-01,Staff
106606,Yuuichi,Wynblatt,9999-01-01,Senior Engineer
106611,Shir,Vecchi,9999-01-01,Senior Engineer
106616,Luigi,Braunschweig,9999-01-01,Senior Engineer
106630,Vojin,Maliniak,9999-01-01,Senior Staff
106633,Jinxi,Kugler,9999-01-01,Senior Engineer
106634,Ingmar,Rettelbach,9999-01-01,Senior Staff
106645,Mechthild,Murtagh,9999-01-01,Assistant Engineer
106648,Khue,Masamoto,9999-01-01,Engineer
106667,Stabislas,Anick,9999-01-01,Senior Engineer
106670,Uli,Provine,9999-01-01,Senior Staff
106678,Vishwani,Oppitz,9999-01-01,Staff
106679,Mahmut,Tasistro,9999-01-01,Engineer
106684,Tayeb,Unno,9999-01-01,Senior Staff
106690,Shushma,Heyers,9999-01-01,Senior Engineer
106703,Gennady,Kuzuoka,9999-01-01,Engineer
106721,Shigehiro,Furedi,9999-01-01,Engineer
106736,Marla,Raczkowsky,9999-01-01,Engineer
106737,Shigeu,Rosay,9999-01-01,Engineer
106743,Alselm,Erez,9999-01-01,Engineer
106756,Arup,Suessmith,9999-01-01,Staff
106764,Bedrich,Bernardinello,9999-01-01,Senior Staff
106773,Tokuyasu,Simmel,9999-01-01,Engineer
106795,Arlette,Binding,9999-01-01,Engineer
106797,Aran,Raoux,9999-01-01,Senior Engineer
106798,Phillip,Dratva,9999-01-01,Senior Engineer
106819,Takahira,Coombs,9999-01-01,Senior Staff
106836,Yurii,Ghemri,9999-01-01,Senior Staff
106838,Hatem,Luke,9999-01-01,Senior Staff
106843,Mansur,Miara,9999-01-01,Senior Engineer
106845,Urs,Niizuma,9999-01-01,Engineer
106868,Roselyn,Tagansky,9999-01-01,Senior Engineer
106869,Claudi,Mullainathan,9999-01-01,Senior Staff
106877,Temple,Hemaspaandra,9999-01-01,Senior Staff
106897,Susanna,Chaudhury,9999-01-01,Senior Staff
106914,Ayakannu,Zuberek,9999-01-01,Senior Staff
106928,Hongzhu,Merks,9999-01-01,Engineer
106933,Moni,Rahimi,9999-01-01,Senior Staff
106935,Kazuhiko,Farrow,9999-01-01,Senior Staff
106942,Eckart,Klassen,9999-01-01,Senior Staff
106943,Fai,Pintelas,9999-01-01,Engineer
106946,Oksana,Luiz,9999-01-01,Staff
106953,Navid,Riesenhuber,9999-01-01,Senior Staff
106981,Maren,Vilarrasa,9999-01-01,Senior Engineer
106985,Adhemar,Pfau,9999-01-01,Senior Engineer
106987,Naftali,Gist,9999-01-01,Senior Staff
106994,Becky,Penttonen,9999-01-01,Engineer
107000,Bowen,Uchoa,9999-01-01,Technique Leader
107018,Temple,Braunmuhl,9999-01-01,Senior Engineer
107019,Noritoshi,Majewski,9999-01-01,Senior Staff
107025,Geoff,Sidje,9999-01-01,Senior Engineer
107032,Navid,Schlenzig,9999-01-01,Staff
107053,Chinho,Macedo,9999-01-01,Senior Staff
107077,Faiza,Dichev,9999-01-01,Engineer
107090,Stein,Ferretti,9999-01-01,Senior Engineer
107101,Moni,Crabtree,9999-01-01,Senior Engineer
107103,Ranga,Schapire,9999-01-01,Senior Staff
107110,Wonhee,Lodder,9999-01-01,Engineer
107113,Sushant,VanScheik,9999-01-01,Senior Staff
107118,Jordanka,Skogmar,9999-01-01,Staff
107119,Brewster,Ouhyoung,9999-01-01,Technique Leader
107131,Lijie,Streng,9999-01-01,Technique Leader
107134,Oscar,Rosti,9999-01-01,Senior Engineer
107145,Munehiko,Zielinski,9999-01-01,Senior Staff
107160,Wayne,Christianini,9999-01-01,Engineer
107173,Kellie,Luga,9999-01-01,Engineer
107205,Kasturi,Granlund,9999-01-01,Senior Engineer
107209,Leszek,Zaiane,9999-01-01,Staff
107245,Horward,Docker,9999-01-01,Senior Staff
107246,Eran,Naudin,9999-01-01,Engineer
107254,Dmitry,Simmen,9999-01-01,Senior Engineer
107258,Parviz,Zaumen,9999-01-01,Staff
107262,Feiyu,Butterworth,9999-01-01,Assistant Engineer
107264,Josyula,Chinin,9999-01-01,Engineer
107276,Maja,Badache,9999-01-01,Senior Engineer
107285,Valeri,Alameldin,9999-01-01,Staff
107290,Reinhard,Jakobus,9999-01-01,Senior Engineer
107292,Lokesh,Weiland,9999-01-01,Senior Staff
107293,Haldon,Ballarin,9999-01-01,Staff
107307,Eberhardt,Boyle,9999-01-01,Senior Staff
107320,Giordano,Chepyzhov,9999-01-01,Engineer
107329,Shigenori,Kavvadias,9999-01-01,Staff
107330,Navid,Bednarek,9999-01-01,Staff
107332,Dmitry,Emmart,9999-01-01,Senior Staff
107340,JiYoung,Peroz,9999-01-01,Engineer
107341,Felicidad,Garnick,9999-01-01,Senior Staff
107346,Arto,Kobuchi,9999-01-01,Senior Staff
107359,Xiong,Lamma,9999-01-01,Senior Staff
107380,Matt,Demos,9999-01-01,Senior Staff
107383,Heon,Pargas,9999-01-01,Staff
107386,Nimmagadda,Uhrig,9999-01-01,Engineer
107391,Jaideep,Steinauer,9999-01-01,Senior Engineer
107392,Chinho,Panangaden,9999-01-01,Engineer
107406,Chanjung,Bernick,9999-01-01,Staff
107409,Junichi,Oskamp,9999-01-01,Staff
107413,Val,Markovitch,9999-01-01,Engineer
107425,Khaled,Bojadziev,9999-01-01,Senior Engineer
107440,Shimshon,Dulli,9999-01-01,Senior Engineer
107452,Shridhar,Bharadwaj,9999-01-01,Senior Staff
107458,Zengping,Taneja,9999-01-01,Engineer
107466,Goo,Champarnaud,9999-01-01,Technique Leader
107474,Taiji,Goodrum,9999-01-01,Staff
107488,Moto,Swiler,9999-01-01,Engineer
107491,Paris,Dichev,9999-01-01,Engineer
107500,Karoline,Masada,9999-01-01,Staff
107504,Shao,Hoppenstand,9999-01-01,Engineer
107506,Kenroku,Guting,9999-01-01,Senior Engineer
107508,Rajmohan,Mapelli,9999-01-01,Senior Staff
107517,Haldon,Nannarelli,9999-01-01,Staff
107531,Marie,Kugler,9999-01-01,Engineer
107540,Jaques,Soloway,9999-01-01,Senior Staff
107550,Aris,DasSarma,9999-01-01,Senior Engineer
107553,Janche,Nittel,9999-01-01,Senior Engineer
107554,Zvonko,Conry,9999-01-01,Staff
107570,Zine,Lueh,9999-01-01,Staff
107593,Freyja,Schwaller,9999-01-01,Senior Engineer
107597,Vasilis,Schaft,9999-01-01,Senior Engineer
107620,Gift,Katiyar,9999-01-01,Senior Engineer
107623,Yagil,Kilgour,9999-01-01,Senior Engineer
107625,Quingbo,Schwabacher,9999-01-01,Assistant Engineer
107669,Shirish,Kermarrec,9999-01-01,Senior Engineer
107674,Xuejia,Saoudi,9999-01-01,Senior Staff
107682,Georgi,Leonhardt,9999-01-01,Engineer
107684,Uma,Chandrasekhar,9999-01-01,Senior Staff
107693,Kenton,Bharadwaj,9999-01-01,Staff
107695,Babette,Cmelik,9999-01-01,Engineer
107712,Sumant,Birjandi,9999-01-01,Staff
107718,Ibibia,Dehkordi,9999-01-01,Engineer
107732,Nigel,Encarnacion,9999-01-01,Senior Engineer
107744,Arno,Karner,9999-01-01,Senior Staff
107746,Kish,Barbanera,9999-01-01,Staff
107747,Cathie,Erman,9999-01-01,Senior Staff
107748,Serap,Picht,9999-01-01,Staff
107759,Golgen,Coorg,9999-01-01,Senior Staff
107764,Moie,Mersereau,9999-01-01,Engineer
107780,Masasuke,Gewali,9999-01-01,Engineer
107782,Gadiel,Rajala,9999-01-01,Staff
107797,Wayne,Strandh,9999-01-01,Senior Engineer
107800,Goncalo,Stenning,9999-01-01,Senior Engineer
107807,Narain,Granlund,9999-01-01,Staff
107809,Mihalis,Facello,9999-01-01,Senior Staff
107810,Richara,Trogemann,9999-01-01,Engineer
107816,Xinyu,Validov,9999-01-01,Senior Engineer
107822,Hatem,Kroll,9999-01-01,Senior Staff
107823,Nimmagadda,Bail,9999-01-01,Senior Engineer
107825,Shounak,Hemaspaandra,9999-01-01,Senior Engineer
107840,Krister,Hettesheimer,9999-01-01,Senior Engineer
107892,Aral,Ambroszkiewicz,9999-01-01,Senior Engineer
107895,Toshimitsu,Pappas,9999-01-01,Staff
107901,Munir,Honiden,9999-01-01,Senior Staff
107924,Achilleas,Georgakopoulos,9999-01-01,Senior Staff
107935,Odysseas,Walstra,9999-01-01,Senior Engineer
107937,Apostol,Marzano,9999-01-01,Staff
107950,Kagan,Birke,9999-01-01,Senior Staff
107955,Kauko,Zhang,9999-01-01,Senior Staff
107959,Kenton,Sankaranarayanan,9999-01-01,Staff
107982,Tsuneo,Underwood,9999-01-01,Staff
107985,Hausi,Cools,9999-01-01,Technique Leader
107990,Christoper,Puppo,9999-01-01,Staff
107996,Licheng,Nitta,9999-01-01,Senior Staff
107997,Masoud,Perfilyeva,9999-01-01,Senior Staff
108018,Subhankar,Halevi,9999-01-01,Senior Engineer
108020,Marin,Norsworthy,9999-01-01,Technique Leader
108028,Przemyslawa,Hagimont,9999-01-01,Engineer
108048,Zhenhua,Dredge,9999-01-01,Staff
108050,Hairong,Sommer,9999-01-01,Engineer
108053,Abdelghani,Nilsson,9999-01-01,Senior Staff
108064,Shimshon,Otillio,9999-01-01,Engineer
108070,Khoa,Bennis,9999-01-01,Senior Staff
108078,Horward,Demian,9999-01-01,Engineer
108081,Lucien,Dulli,9999-01-01,Staff
108092,Uzi,Edelhoff,9999-01-01,Engineer
108096,Arun,Bazzichi,9999-01-01,Senior Engineer
108109,Alassane,Holburn,9999-01-01,Senior Engineer
108114,Leon,Kobara,9999-01-01,Engineer
108119,Qingxiang,Melton,9999-01-01,Senior Engineer
108122,Moti,Terkki,9999-01-01,Senior Staff
108126,Izaskun,Shackell,9999-01-01,Engineer
108137,Panayotis,Ermel,9999-01-01,Engineer
108138,Berto,Middleton,9999-01-01,Senior Staff
108148,Szabolcs,Tyugu,9999-01-01,Engineer
108150,Shrikanth,Peternell,9999-01-01,Engineer
108153,Lene,Puppo,9999-01-01,Senior Staff
108176,Aksel,Piazza,9999-01-01,Senior Engineer
108179,Constantijn,Crelier,9999-01-01,Engineer
108181,Ulises,Passino,9999-01-01,Engineer
108184,Kien,Merks,9999-01-01,Senior Engineer
108212,Masali,Versino,9999-01-01,Senior Staff
108217,Mohan,Munoz,9999-01-01,Senior Staff
108218,Akeel,Piveteau,9999-01-01,Senior Engineer
108223,Henk,Cangellaris,9999-01-01,Technique Leader
108244,Torsten,Savasere,9999-01-01,Senior Engineer
108246,Lijie,Spinelli,9999-01-01,Senior Staff
108251,Adhemar,Muhling,9999-01-01,Engineer
108262,Yannis,Alpay,9999-01-01,Senior Engineer
108279,Kellie,Chepyzhov,9999-01-01,Senior Engineer
108300,Arlette,Gyimothy,9999-01-01,Senior Staff
108307,Diederik,Suermann,9999-01-01,Senior Staff
108325,Sudharsan,Puppo,9999-01-01,Senior Engineer
108332,Genevieve,Swick,9999-01-01,Senior Engineer
108338,Sadok,Schauser,9999-01-01,Senior Engineer
108363,Aloke,Luef,9999-01-01,Staff
108364,Jiafu,Chelton,9999-01-01,Senior Engineer
108367,Rimon,Rouquie,9999-01-01,Staff
108375,Greger,Ananiadou,9999-01-01,Staff
108391,Naftali,Pocchiola,9999-01-01,Senior Staff
108410,Sanjai,Smailagic,9999-01-01,Engineer
108420,Baruch,Pietrzykowski,9999-01-01,Staff
108433,Henk,Schaad,9999-01-01,Engineer
108440,Xiaoqiang,Conta,9999-01-01,Senior Staff
108453,Ipke,Chappelet,9999-01-01,Engineer
108461,Aral,Sury,9999-01-01,Staff
108474,Stella,Schaft,9999-01-01,Engineer
108503,Krisda,Badr,9999-01-01,Senior Engineer
108505,Arvin,Iwayama,9999-01-01,Senior Engineer
108507,Marsja,Lund,9999-01-01,Staff
108524,Radhia,Chinal,9999-01-01,Senior Engineer
108536,Fumino,Baba,9999-01-01,Senior Staff
108541,Jordanka,Mapelli,9999-01-01,Senior Staff
108548,Sajjad,Aingworth,9999-01-01,Staff
108561,Kasturi,Luft,9999-01-01,Engineer
108588,Shahaf,Coney,9999-01-01,Engineer
108597,Kazuhira,Einsfeld,9999-01-01,Senior Engineer
108612,Ung,Joslin,9999-01-01,Engineer
108616,Fan,Feldmann,9999-01-01,Engineer
108624,Collette,Castellani,9999-01-01,Staff
108627,Kenroku,Harbusch,9999-01-01,Senior Staff
108641,Atreye,Schueller,9999-01-01,Senior Engineer
108668,Maia,Staelin,9999-01-01,Senior Staff
108669,Jeanne,Garnham,9999-01-01,Technique Leader
108676,Alassane,Angot,9999-01-01,Staff
108686,Chenxi,Gadepally,9999-01-01,Engineer
108700,Sarita,Stanfel,9999-01-01,Senior Staff
108713,Yinghua,Heering,9999-01-01,Engineer
108717,Heng,Kitsuregawa,9999-01-01,Senior Engineer
108729,Jiang,Vesel,9999-01-01,Senior Staff
108740,Eishiro,Szemeredi,9999-01-01,Senior Staff
108761,Nahid,Mandell,9999-01-01,Technique Leader
108763,Sadegh,Cooke,9999-01-01,Staff
108765,Nidapan,Fadgyas,9999-01-01,Engineer
108770,Ugo,Onuegbe,9999-01-01,Engineer
108794,Basil,Bamford,9999-01-01,Engineer
108822,Sachem,Senzako,9999-01-01,Senior Engineer
108823,Teiji,Litzkow,9999-01-01,Senior Engineer
108825,Kaijung,Danecki,9999-01-01,Engineer
108828,Arup,Denti,9999-01-01,Engineer
108833,Eirik,Milicic,9999-01-01,Senior Engineer
108839,Denis,Felcyn,9999-01-01,Engineer
108841,Otmar,Dayang,9999-01-01,Assistant Engineer
108842,Giordano,Heijenga,9999-01-01,Staff
108850,Soenke,Honiden,9999-01-01,Senior Staff
108871,Terresa,Middleton,9999-01-01,Senior Staff
108884,Basant,Deverell,9999-01-01,Senior Staff
108911,Shaz,Ramaiah,9999-01-01,Engineer
108935,Heather,Wilharm,9999-01-01,Senior Engineer
108940,Barna,Baumann,9999-01-01,Senior Engineer
108947,Ottavia,Doering,9999-01-01,Technique Leader
108954,Kellie,Vieri,9999-01-01,Senior Engineer
108963,Sanjiv,Barvinok,9999-01-01,Senior Engineer
108971,Clyde,Feinberg,9999-01-01,Staff
108977,Otilia,Rettelbach,9999-01-01,Technique Leader
108985,Masanao,Bressoud,9999-01-01,Senior Engineer
108993,Yongmin,Mitchem,9999-01-01,Staff
108994,Shahar,Bashian,9999-01-01,Technique Leader
108997,Arch,Liesche,9999-01-01,Engineer
109010,Shaibal,Yavatkar,9999-01-01,Senior Engineer
109052,Xianlong,McFarlin,9999-01-01,Senior Engineer
109080,Demin,Dratva,9999-01-01,Senior Staff
109083,Moto,Merel,9999-01-01,Staff
109090,Mircea,Bale,9999-01-01,Assistant Engineer
109097,Maya,Jeong,9999-01-01,Senior Staff
109111,Dietrich,Veevers,9999-01-01,Senior Engineer
109114,Kwangyoen,Azevdeo,9999-01-01,Engineer
109117,Arnould,Garnier,9999-01-01,Senior Staff
109125,Adly,Piveteau,9999-01-01,Staff
109147,Tetsushi,Dengi,9999-01-01,Senior Engineer
109150,Jongsuk,Dayana,9999-01-01,Senior Staff
109155,Serenella,Gill,9999-01-01,Engineer
109167,Uli,Harllee,9999-01-01,Senior Staff
109174,Sanjiv,Zschoche,9999-01-01,Senior Engineer
109175,Hatsukazu,Kornyak,9999-01-01,Senior Engineer
109180,Nevin,Rousseau,9999-01-01,Senior Staff
109181,Rildo,Lally,9999-01-01,Staff
109189,Billie,Codenie,9999-01-01,Senior Staff
109193,Garnet,Scharstein,9999-01-01,Senior Engineer
109204,Paris,Ratnakar,9999-01-01,Engineer
109205,Shrikanth,Kuzuoka,9999-01-01,Staff
109231,Jianwen,Schiper,9999-01-01,Engineer
109261,Marla,Undy,9999-01-01,Staff
109263,Jessie,Erev,9999-01-01,Senior Engineer
109267,Ziyad,Bardell,9999-01-01,Technique Leader
109281,Moni,Bahk,9999-01-01,Engineer
109284,Mingdong,Junot,9999-01-01,Engineer
109285,Xudong,Nicolson,9999-01-01,Staff
109289,Jaewoo,Broomell,9999-01-01,Senior Staff
109291,Cullen,Theuretzbacher,9999-01-01,Engineer
109294,Udi,Savasere,9999-01-01,Senior Engineer
109306,Isaac,Pietrzykowski,9999-01-01,Senior Staff
109311,Jianhui,Antonisse,9999-01-01,Staff
109318,Gift,Brlek,9999-01-01,Staff
109323,Shuho,Gomatam,9999-01-01,Senior Engineer
109334,Tsutomu,Alameldin,9999-01-01,Staff
109349,Stevo,Birrer,9999-01-01,Staff
109356,Carrsten,Puppo,9999-01-01,Senior Engineer
109369,Jenwei,Dymetman,9999-01-01,Senior Engineer
109373,Becky,Pesch,9999-01-01,Senior Engineer
109379,Ramya,Rindone,9999-01-01,Senior Staff
109380,Kagan,Luan,9999-01-01,Senior Staff
109389,Kwun,Pramanik,9999-01-01,Senior Staff
109393,Bodo,Birrer,9999-01-01,Engineer
109400,Arumugam,Borstler,9999-01-01,Staff
109425,Eric,Hettesheimer,9999-01-01,Senior Staff
109427,Tremaine,Standera,9999-01-01,Senior Staff
109436,Sanjit,Kamble,9999-01-01,Senior Engineer
109448,Subhankar,Socorro,9999-01-01,Senior Engineer
109451,Huei,Kropatsch,9999-01-01,Senior Engineer
109465,Shaowei,Furedi,9999-01-01,Engineer
109470,Aram,Moffat,9999-01-01,Staff
109481,Charmane,Heijenga,9999-01-01,Senior Engineer
109483,Ziya,Schlumberger,9999-01-01,Staff
109496,Mariusz,Esposito,9999-01-01,Staff
109506,Divine,Kermarrec,9999-01-01,Staff
109520,Rasikan,Lorin,9999-01-01,Senior Engineer
109524,Mong,Merle,9999-01-01,Staff
109528,Srinidhi,Kushnir,9999-01-01,Staff
109560,Ymte,Hoogerwoord,9999-01-01,Senior Staff
109561,Radhika,Makinen,9999-01-01,Engineer
109565,Halsur,Kavvadias,9999-01-01,Engineer
109575,Jinxi,Kusalik,9999-01-01,Senior Engineer
109584,Baoqiu,Sewelson,9999-01-01,Staff
109610,Kotesh,Pelc,9999-01-01,Engineer
109623,Parviz,Aingworth,9999-01-01,Staff
109642,Aron,Nanard,9999-01-01,Engineer
109643,Faiza,Ratzlaff,9999-01-01,Senior Staff
109672,Maia,Zhiwei,9999-01-01,Engineer
109675,Peer,McConalogue,9999-01-01,Senior Staff
109678,Radhia,Onuegbe,9999-01-01,Senior Staff
109681,Marsal,Ramaiah,9999-01-01,Senior Engineer
109687,Khedija,Gecseg,9999-01-01,Staff
109696,Poornachandra,Erdmenger,9999-01-01,Senior Engineer
109699,Pintsang,Duclos,9999-01-01,Engineer
109729,Sorina,DiGiano,9999-01-01,Senior Engineer
109730,Mats,Rubsam,9999-01-01,Senior Engineer
109734,Maya,Plessier,9999-01-01,Senior Engineer
109740,Jacqueline,Bahl,9999-01-01,Staff
109747,Tadahiko,Rullman,9999-01-01,Staff
109748,Dayanand,Suessmith,9999-01-01,Senior Engineer
109775,Uli,Gill,9999-01-01,Staff
109787,Shuho,Hebden,9999-01-01,Staff
109790,Torsten,Ravishankar,9999-01-01,Engineer
109793,Zhanqiu,Oppitz,9999-01-01,Engineer
109795,Francoise,Fujisaki,9999-01-01,Staff
109799,Bouchung,Stanger,9999-01-01,Senior Engineer
109809,Kazuhide,Cherinka,9999-01-01,Engineer
109811,Eric,Wendorf,9999-01-01,Senior Engineer
109824,Aleksander,Luit,9999-01-01,Senior Staff
109827,Eckart,Strooper,9999-01-01,Technique Leader
109837,Qiwen,Kusakari,9999-01-01,Senior Staff
109851,Heping,Spell,9999-01-01,Senior Staff
109852,Adel,Kusakabe,9999-01-01,Senior Staff
109867,Conor,Merle,9999-01-01,Senior Engineer
109878,Goetz,Goldhammer,9999-01-01,Senior Engineer
109885,Mooi,Sessa,9999-01-01,Senior Staff
109898,Armond,Cardazo,9999-01-01,Engineer
109902,Kersti,Terlouw,9999-01-01,Senior Staff
109915,Abdelghani,Cannane,9999-01-01,Senior Staff
109938,Kinh,Isard,9999-01-01,Senior Engineer
109949,Gian,Chinal,9999-01-01,Senior Engineer
109951,Nahla,Pell,9999-01-01,Senior Engineer
109966,Khatoun,Valette,9999-01-01,Senior Staff
109970,Irene,Masaki,9999-01-01,Engineer
109990,Rosalie,Parfitt,9999-01-01,Senior Staff
109991,Jinxi,Reistad,9999-01-01,Engineer
109996,Dines,Gelosh,9999-01-01,Senior Staff
109997,Miquel,Borovoy,9999-01-01,Senior Engineer
109998,Mizuhito,Heping,9999-01-01,Staff
110183,Shirish,Ossenbruggen,9999-01-01,Manager
110386,Shem,Kieras,9999-01-01,Manager
111133,Hauke,Zhang,9999-01-01,Manager
111534,Hilary,Kambil,9999-01-01,Senior Staff
111692,Tonny,Butterworth,9999-01-01,Staff
200008,Zeydy,Hutter,9999-01-01,Staff
200030,LiMin,Schonegge,9999-01-01,Senior Engineer
200047,Charlene,Miculan,9999-01-01,Senior Staff
200048,Ronghao,Remmele,9999-01-01,Senior Engineer
200050,Kensyu,Thorelli,9999-01-01,Senior Engineer
200054,Rildo,Cronan,9999-01-01,Engineer
200069,Chuanyi,Maraist,9999-01-01,Senior Staff
200070,Yurii,Sury,9999-01-01,Engineer
200071,Karsten,Boyle,9999-01-01,Staff
200074,Muzhong,Birjandi,9999-01-01,Staff
200079,Candida,Riefers,9999-01-01,Staff
200089,Sampalli,Kuhnemann,9999-01-01,Staff
200108,Abdelwaheb,Chvatal,9999-01-01,Engineer
200116,Eben,Nivat,9999-01-01,Staff
200148,Sajjan,Schapire,9999-01-01,Engineer
200166,Huan,Feldmann,9999-01-01,Staff
200171,Hilari,Gyorkos,9999-01-01,Senior Staff
200185,Fay,Standera,9999-01-01,Senior Staff
200196,Xuejia,Akazan,9999-01-01,Engineer
200202,Maria,Radwan,9999-01-01,Senior Staff
200212,Erez,Suomi,9999-01-01,Senior Staff
200216,Jianhua,Merey,9999-01-01,Engineer
200221,Hinrich,Marquardt,9999-01-01,Senior Staff
200247,Chaoyi,Beznosov,9999-01-01,Senior Staff
200251,King,Vasanthakumar,9999-01-01,Engineer
200256,Greger,Hockney,9999-01-01,Senior Staff
200260,Tse,Radivojevic,9999-01-01,Senior Engineer
200264,Barna,Cusworth,9999-01-01,Engineer
200274,Heekeun,England,9999-01-01,Senior Staff
200289,Thodoros,Schurmann,9999-01-01,Staff
200317,Aleksandar,Angel,9999-01-01,Engineer
200324,Masamitsu,McDermid,9999-01-01,Senior Engineer
200332,Feipei,Goldhammer,9999-01-01,Engineer
200333,Honesty,Kruskal,9999-01-01,Engineer
200334,Basem,Bojadziev,9999-01-01,Senior Engineer
200342,Ger,Goldhammer,9999-01-01,Staff
200348,Abdulla,Back,9999-01-01,Engineer
200352,Yucel,Jansen,9999-01-01,Senior Engineer
200365,Shiv,Tramer,9999-01-01,Engineer
200368,Yuichiro,Kornyak,9999-01-01,Technique Leader
200370,Rafail,Trumbly,9999-01-01,Senior Engineer
200380,Foong,Kriebel,9999-01-01,Engineer
200382,Mansur,Pauthner,9999-01-01,Senior Staff
200399,Hairong,Krohn,9999-01-01,Engineer
200400,Goo,Negoita,9999-01-01,Staff
200433,Gilbert,Bolotov,9999-01-01,Staff
200434,Mabry,Boguraev,9999-01-01,Assistant Engineer
200443,Goh,Einsfeld,9999-01-01,Senior Staff
200455,Aksel,Businaro,9999-01-01,Senior Staff
200476,Vishwani,Frezza,9999-01-01,Engineer
200486,Vidar,Junet,9999-01-01,Senior Staff
200491,Chinhyun,Bain,9999-01-01,Senior Engineer
200492,Mizuhito,Leonhardt,9999-01-01,Staff
200499,Rafail,Bultermann,9999-01-01,Senior Staff
200503,Kersti,Schapire,9999-01-01,Senior Staff
200511,Duke,Gilg,9999-01-01,Staff
200512,Christophe,Engberts,9999-01-01,Staff
200526,Divine,Czaja,9999-01-01,Engineer
200564,Elrique,Kenevan,9999-01-01,Senior Staff
200575,Izaskun,Kuzuoka,9999-01-01,Senior Staff
200586,Geraldo,Beznosov,9999-01-01,Engineer
200601,Susuma,Lindqvist,9999-01-01,Senior Staff
200605,Serenella,Rikino,9999-01-01,Staff
200612,Dannz,Veevers,9999-01-01,Senior Staff
200618,Berna,Panienski,9999-01-01,Staff
200645,Chuanyi,Guardalben,9999-01-01,Staff
200658,Nathan,Gire,9999-01-01,Senior Staff
200666,Weicheng,Dusink,9999-01-01,Staff
200695,Geraldo,Zongker,9999-01-01,Engineer
200700,Krister,Ducloy,9999-01-01,Staff
200702,Mary,Eldridge,9999-01-01,Senior Engineer
200714,JoAnne,Sudbeck,9999-01-01,Staff
200715,Gretta,Schwabacher,9999-01-01,Senior Staff
200716,Bodh,Billingsley,9999-01-01,Engineer
200722,Nahla,Delgrande,9999-01-01,Staff
200743,Annemarie,Roohalamini,9999-01-01,Senior Staff
200749,Terresa,Haraldson,9999-01-01,Senior Engineer
200750,Jeane,Kusakabe,9999-01-01,Senior Staff
200752,Hausi,Wiegley,9999-01-01,Engineer
200768,Minghong,Schmittgen,9999-01-01,Staff
200776,Sigeru,Merlo,9999-01-01,Staff
200785,Aemilian,Schlenzig,9999-01-01,Staff
200797,Pragnesh,Kilgore,9999-01-01,Senior Engineer
200798,Godehard,Kossowski,9999-01-01,Senior Engineer
200801,Tomokazu,Chorvat,9999-01-01,Senior Staff
200809,Arvin,Basawa,9999-01-01,Senior Staff
200814,Shai,Hegner,9999-01-01,Senior Staff
200864,Arco,Bhattacharjee,9999-01-01,Staff
200880,Francesca,Matheson,9999-01-01,Senior Staff
200904,Ziva,Cincotta,9999-01-01,Staff
200906,Pradeep,Kusakari,9999-01-01,Senior Engineer
200909,Neven,Krogh,9999-01-01,Senior Staff
200951,Shalesh,Brender,9999-01-01,Staff
200953,Tadahiro,Lagarias,9999-01-01,Senior Engineer
200954,Bojan,Garnier,9999-01-01,Staff
200956,Alassane,Kadhim,9999-01-01,Senior Staff
200958,Khatoun,Rabehasaina,9999-01-01,Staff
200959,Dhritiman,Speek,9999-01-01,Engineer
200962,Goh,Melter,9999-01-01,Senior Staff
200984,Niranjan,Picht,9999-01-01,Senior Staff
200985,Shichao,Gecseg,9999-01-01,Senior Staff
200999,Ger,Streng,9999-01-01,Senior Engineer
201014,Geoff,Siprelle,9999-01-01,Staff
201034,Ioana,Montemayor,9999-01-01,Staff
201089,Felicidad,Luon,9999-01-01,Senior Engineer
201092,Alejandro,Hedayat,9999-01-01,Senior Engineer
201094,Martial,Passafiume,9999-01-01,Engineer
201098,Laurentiu,Kushner,9999-01-01,Engineer
201104,Taegyun,Sadowski,9999-01-01,Engineer
201122,Kristen,Camarinopoulos,9999-01-01,Technique Leader
201126,Jaewoo,Kitsuregawa,9999-01-01,Senior Engineer
201127,Parke,Reeker,9999-01-01,Senior Staff
201132,Tadahiko,Showalter,9999-01-01,Senior Staff
201135,Shaw,Jahnichen,9999-01-01,Senior Staff
201141,Jiafu,Zielinski,9999-01-01,Senior Staff
201150,Chaosheng,Miculan,9999-01-01,Assistant Engineer
201157,Jasminko,Fontan,9999-01-01,Staff
201171,Zhenhua,Hofmeyr,9999-01-01,Engineer
201173,Martien,Vecchi,9999-01-01,Senior Engineer
201176,Masami,Auyong,9999-01-01,Staff
201178,Kristof,Conta,9999-01-01,Staff
201190,Zdislav,Melski,9999-01-01,Technique Leader
201191,Kitty,Basagni,9999-01-01,Staff
201194,Oksana,Mersereau,9999-01-01,Senior Staff
201195,Torsten,Trogemann,9999-01-01,Senior Staff
201205,Shaunak,Haddadi,9999-01-01,Senior Engineer
201213,Constantijn,Flexer,9999-01-01,Engineer
201228,Shem,Jayawardene,9999-01-01,Staff
201238,Karlis,Makrucki,9999-01-01,Staff
201246,Yucel,Marchesini,9999-01-01,Senior Engineer
201250,Yuguang,Marchesini,9999-01-01,Engineer
201256,Takanari,Undy,9999-01-01,Engineer
201266,Uma,Rissanen,9999-01-01,Staff
201269,Pranav,Brookman,9999-01-01,Engineer
201276,Jiang,Nittel,9999-01-01,Senior Staff
201278,Aloys,Cherinka,9999-01-01,Engineer
201280,Adit,Varley,9999-01-01,Senior Engineer
201293,Danae,Yetim,9999-01-01,Staff
201305,Byong,Khalid,9999-01-01,Senior Engineer
201306,Mani,Landherr,9999-01-01,Senior Staff
201324,Zvonko,Stanfel,9999-01-01,Senior Engineer
201327,Demos,Pluym,9999-01-01,Senior Staff
201331,Aleksandar,Mamelak,9999-01-01,Senior Staff
201333,Mircea,Perl,9999-01-01,Senior Engineer
201342,Ramachenga,Maierhofer,9999-01-01,Senior Engineer
201346,Bouchung,Orlowska,9999-01-01,Engineer
201348,Renee,Esposito,9999-01-01,Engineer
201358,Toshimitsu,Erdmenger,9999-01-01,Senior Staff
201362,Pradeep,Luck,9999-01-01,Staff
201368,Vishu,Baumann,9999-01-01,Senior Engineer
201374,Luigi,Fendler,9999-01-01,Engineer
201379,Jagoda,Karnin,9999-01-01,Technique Leader
201383,Changho,Garnick,9999-01-01,Engineer
201410,Renny,Gils,9999-01-01,Technique Leader
201426,Garnet,Sudkamp,9999-01-01,Staff
201429,Kristine,Gecsel,9999-01-01,Senior Engineer
201433,Tonny,Journel,9999-01-01,Senior Staff
201444,Hongzhu,Businaro,9999-01-01,Engineer
201453,Guttorm,Hainaut,9999-01-01,Senior Engineer
201462,Jolita,Erva,9999-01-01,Senior Staff
201465,Etsuo,Peyn,9999-01-01,Senior Engineer
201492,Shrikanth,Demizu,9999-01-01,Staff
201517,Yoshinari,Jayawardene,9999-01-01,Senior Staff
201524,Felicidad,Flasterstein,9999-01-01,Engineer
201536,Shalesh,Birke,9999-01-01,Engineer
201544,Krister,Zaiane,9999-01-01,Staff
201547,Sampalli,Juneja,9999-01-01,Senior Staff
201560,Brendon,Varley,9999-01-01,Senior Staff
201573,Nikolaus,Herath,9999-01-01,Engineer
201583,Boutros,Woycyznski,9999-01-01,Staff
201603,Vincent,Lores,9999-01-01,Senior Engineer
201621,Kagan,Plump,9999-01-01,Senior Staff
201628,Chaoyi,Massonet,9999-01-01,Senior Engineer
201633,Shigehito,Vidal,9999-01-01,Senior Staff
201645,Gino,Olano,9999-01-01,Senior Staff
201651,Isaac,Yetim,9999-01-01,Senior Engineer
201662,Khalid,Cronau,9999-01-01,Senior Engineer
201678,Alper,McFarlan,9999-01-01,Engineer
201686,Brewster,Comte,9999-01-01,Engineer
201701,Yishai,Tasistro,9999-01-01,Engineer
201714,Lokesh,Hinsberger,9999-01-01,Senior Engineer
201729,Fuqing,Nilsson,9999-01-01,Engineer
201733,Kirk,Melichar,9999-01-01,Engineer
201742,Dung,Erva,9999-01-01,Senior Staff
201777,Wonhee,Perl,9999-01-01,Senior Staff
201782,Nidapan,Provine,9999-01-01,Senior Engineer
201796,Zengping,Poehlman,9999-01-01,Engineer
201810,Sadegh,Syang,9999-01-01,Assistant Engineer
201819,Jaihie,Taubman,9999-01-01,Senior Staff
201821,Arne,Eterovic,9999-01-01,Senior Engineer
201848,Elvis,Ebeling,9999-01-01,Senior Staff
201854,Lunjin,Varman,9999-01-01,Senior Engineer
201860,Demin,Sewelson,9999-01-01,Senior Engineer
201878,Mani,Binding,9999-01-01,Staff
201884,Chikara,Matzat,9999-01-01,Engineer
201896,Fusako,Kohling,9999-01-01,Engineer
201911,Sanjay,Yeung,9999-01-01,Senior Staff
201914,Mohamadou,Veccia,9999-01-01,Senior Staff
201931,Chirstian,Anily,9999-01-01,Technique Leader
201936,Remmert,Ishibashi,9999-01-01,Staff
201944,Shooichi,Guting,9999-01-01,Engineer
201953,Hercules,Waeselynck,9999-01-01,Senior Engineer
201956,Kazuhito,Biron,9999-01-01,Engineer
201957,Moheb,Iisaku,9999-01-01,Senior Engineer
201959,Kazuhito,Yurek,9999-01-01,Senior Engineer
201964,Val,Kropp,9999-01-01,Engineer
201974,Yuchang,Georgakopoulos,9999-01-01,Senior Engineer
201976,Achilleas,Rosay,9999-01-01,Engineer
201983,Janche,Radhakrishnan,9999-01-01,Senior Staff
201992,Prasadram,Journel,9999-01-01,Senior Staff
201997,Aran,Baez,9999-01-01,Senior Staff
202000,Erzsebet,Passino,9999-01-01,Senior Engineer
202006,Gritta,Peac,9999-01-01,Engineer
202013,Tremaine,Luders,9999-01-01,Staff
202014,Mara,Bernatsky,9999-01-01,Staff
202023,Mabhin,Radivojevic,9999-01-01,Senior Engineer
202027,Arve,Puoti,9999-01-01,Senior Staff
202033,Nishit,Oaver,9999-01-01,Senior Engineer
202059,Kazuhide,Pietracaprina,9999-01-01,Senior Staff
202063,Xiaoqiu,Flanders,9999-01-01,Staff
202075,Stafford,Peternell,9999-01-01,Staff
202083,Kwok,Heinisuo,9999-01-01,Staff
202111,Irene,Breugel,9999-01-01,Senior Staff
202119,Adib,Passino,9999-01-01,Senior Staff
202142,LiMin,Varley,9999-01-01,Engineer
202144,Atreye,Reutenauer,9999-01-01,Senior Engineer
202145,Lubomir,Ghandeharizadeh,9999-01-01,Assistant Engineer
202149,Pragnesh,Bridgland,9999-01-01,Senior Staff
202163,Fayez,Dayana,9999-01-01,Staff
202173,Ekawit,Veeraraghavan,9999-01-01,Staff
202175,Dzung,Akaboshi,9999-01-01,Technique Leader
202179,Emran,Munch,9999-01-01,Assistant Engineer
202190,Aemilian,Braccini,9999-01-01,Engineer
202211,Izaskun,Janocha,9999-01-01,Senior Engineer
202223,Marit,Waschkowski,9999-01-01,Staff
202232,Mack,Lalonde,9999-01-01,Engineer
202246,Froduald,Danecki,9999-01-01,Engineer
202257,Yakichi,Koshino,9999-01-01,Engineer
202271,Josyula,Benner,9999-01-01,Staff
202276,Arif,Morrin,9999-01-01,Senior Engineer
202281,Serif,Ramras,9999-01-01,Engineer
202301,Charmane,Auyong,9999-01-01,Senior Engineer
202309,Sariel,Masand,9999-01-01,Staff
202310,Krister,Perko,9999-01-01,Staff
202315,Kirk,Mersereau,9999-01-01,Senior Staff
202328,Heather,Himler,9999-01-01,Senior Engineer
202337,Horward,Passino,9999-01-01,Engineer
202339,Zine,Schaaf,9999-01-01,Staff
202353,Zhiwei,Pashtan,9999-01-01,Senior Engineer
202357,Make,Hedayat,9999-01-01,Engineer
202358,Martial,Whitcomb,9999-01-01,Senior Engineer
202360,Indrajit,Jeong,9999-01-01,Staff
202364,Alassane,Riefers,9999-01-01,Engineer
202372,Bernardo,Msuda,9999-01-01,Senior Staff
202375,Marke,Garnick,9999-01-01,Engineer
202386,Nadjib,Marshall,9999-01-01,Senior Staff
202393,Kazuhira,Butterworth,9999-01-01,Engineer
202407,Oscal,Suessmith,9999-01-01,Senior Staff
202417,Mohan,DuBourdieux,9999-01-01,Engineer
202418,Xumin,Vuskovic,9999-01-01,Senior Staff
202423,Bikash,Veeraraghavan,9999-01-01,Staff
202427,TRUE,Ghandeharizadeh,9999-01-01,Technique Leader
202432,Aloys,Heering,9999-01-01,Assistant Engineer
202433,Baziley,Katzenelson,9999-01-01,Engineer
202435,Bokyung,Schonegge,9999-01-01,Engineer
202438,Abdulah,Antonisse,9999-01-01,Engineer
202446,Abdelghani,Rouquie,9999-01-01,Engineer
202449,Susumu,Baezner,9999-01-01,Senior Engineer
202473,Sigeru,Perry,9999-01-01,Senior Staff
202504,Caolyn,DasSarma,9999-01-01,Technique Leader
202507,Ziva,Marquardt,9999-01-01,Assistant Engineer
202516,Vishwani,Zykh,9999-01-01,Technique Leader
202521,Sanjai,Vickson,9999-01-01,Engineer
202539,Fuqing,Brookman,9999-01-01,Engineer
202542,Valeri,Hiraishi,9999-01-01,Staff
202549,Deborah,Thombley,9999-01-01,Senior Engineer
202553,Limsoon,Krichel,9999-01-01,Staff
202567,Visit,Capobianchi,9999-01-01,Senior Engineer
202575,Wuxu,Christ,9999-01-01,Staff
202599,Yechezkel,Stavenow,9999-01-01,Senior Engineer
202606,Djenana,Jervis,9999-01-01,Senior Staff
202610,Berhard,Bage,9999-01-01,Engineer
202625,Shuichi,Carrera,9999-01-01,Senior Engineer
202626,Berna,Schreiter,9999-01-01,Staff
202627,Katsuyuki,Reeker,9999-01-01,Engineer
202661,Luise,Schueller,9999-01-01,Senior Staff
202665,Mrinalini,Krider,9999-01-01,Engineer
202669,Percy,Chiodo,9999-01-01,Technique Leader
202677,LiMin,Decaestecker,9999-01-01,Engineer
202679,Persi,Birnbaum,9999-01-01,Senior Staff
202691,Mohit,Kenevan,9999-01-01,Staff
202701,Elgin,Molenkamp,9999-01-01,Engineer
202716,Georg,Murtha,9999-01-01,Senior Engineer
202717,Moriyoshi,Wielonsky,9999-01-01,Senior Engineer
202727,Fumiyo,Constantine,9999-01-01,Engineer
202736,Aloke,Asmuth,9999-01-01,Staff
202750,Constantijn,Frolund,9999-01-01,Assistant Engineer
202809,Mariangiola,Anido,9999-01-01,Senior Engineer
202854,Mohamadou,Massonet,9999-01-01,Staff
202883,Mohd,Sluis,9999-01-01,Senior Staff
202890,Aiman,Nicolson,9999-01-01,Technique Leader
202893,Hairong,Cappelli,9999-01-01,Engineer
202897,Gino,Mitsuhashi,9999-01-01,Staff
202905,Sham,Birdsall,9999-01-01,Technique Leader
202906,Sanjay,Reinhard,9999-01-01,Assistant Engineer
202915,Chiranjit,Spelt,9999-01-01,Engineer
202921,Frazer,Brookner,9999-01-01,Engineer
202923,Kien,Leaver,9999-01-01,Senior Engineer
202937,Heejo,Schlegelmilch,9999-01-01,Senior Staff
202941,Phuoc,Sinitsyn,9999-01-01,Senior Staff
202944,Billur,Montemayor,9999-01-01,Assistant Engineer
202948,Haldon,Bruckman,9999-01-01,Staff
202949,Jeanna,Bahr,9999-01-01,Engineer
202963,Kinh,Chelton,9999-01-01,Senior Staff
202971,Fun,Dayana,9999-01-01,Senior Staff
202977,Tomokazu,Matzen,9999-01-01,Staff
202978,Valery,Solares,9999-01-01,Staff
202982,Takahito,Ritcey,9999-01-01,Senior Staff
202996,Tze,Hutter,9999-01-01,Staff
203000,Tooru,Ibel,9999-01-01,Staff
203007,Yunming,Lyonns,9999-01-01,Senior Engineer
203015,Giordano,Sury,9999-01-01,Senior Engineer
203021,Munenori,Chinin,9999-01-01,Engineer
203024,Billur,Zongker,9999-01-01,Engineer
203030,Mabhin,Schade,9999-01-01,Engineer
203033,Hugh,Hartvigsen,9999-01-01,Senior Engineer
203050,Chandrasekaran,Georg,9999-01-01,Staff
203051,Kiyotoshi,Meriste,9999-01-01,Senior Staff
203053,Shrikanth,Luke,9999-01-01,Staff
203065,Weiwu,Matteis,9999-01-01,Technique Leader
203069,Hidekazu,DiGiano,9999-01-01,Senior Staff
203084,Cathie,Chelton,9999-01-01,Senior Engineer
203085,George,Decleir,9999-01-01,Senior Engineer
203088,Hairong,Braunschweig,9999-01-01,Senior Staff
203101,Khaled,Waeselynck,9999-01-01,Senior Engineer
203117,Genki,Mukaidono,9999-01-01,Senior Staff
203118,Aran,Lalonde,9999-01-01,Staff
203124,Genta,Ranon,9999-01-01,Engineer
203125,Deniz,Prenel,9999-01-01,Senior Engineer
203131,Ulises,Suwa,9999-01-01,Staff
203149,Aleksandar,Borstler,9999-01-01,Senior Engineer
203154,Ger,Baik,9999-01-01,Senior Engineer
203159,Kristian,Przulj,9999-01-01,Senior Staff
203180,Faiza,Peac,9999-01-01,Staff
203187,Xinan,Orsini,9999-01-01,Senior Staff
203188,Fox,Busillo,9999-01-01,Senior Engineer
203189,Peternela,Rusterholz,9999-01-01,Senior Staff
203194,Mooi,Usery,9999-01-01,Senior Staff
203198,Fumiyo,Hertweck,9999-01-01,Senior Engineer
203214,Paraskevi,Kilgour,9999-01-01,Senior Staff
203216,Seongbin,Hofman,9999-01-01,Senior Staff
203227,Nigel,Dalphin,9999-01-01,Senior Engineer
203238,Fei,Zallocco,9999-01-01,Senior Staff
203244,Hitofumi,Sudbeck,9999-01-01,Engineer
203246,Fen,Schrift,9999-01-01,Technique Leader
203247,Anoosh,Heiserman,9999-01-01,Senior Staff
203258,Shaw,Garigliano,9999-01-01,Engineer
203268,Uno,Poujol,9999-01-01,Staff
203286,Hisao,Ginesta,9999-01-01,Assistant Engineer
203305,Naftali,Huttel,9999-01-01,Staff
203308,Pantung,Stentiford,9999-01-01,Senior Engineer
203309,Constantine,Tsukuda,9999-01-01,Senior Staff
203318,Xudong,Cooley,9999-01-01,Senior Engineer
203319,Caolyn,Ramsay,9999-01-01,Staff
203342,Uta,Wissmann,9999-01-01,Senior Staff
203346,Rildo,Liesche,9999-01-01,Staff
203360,Surveyors,Merks,9999-01-01,Engineer
203364,Spyrose,Herber,9999-01-01,Staff
203376,Rajmohan,Curless,9999-01-01,Staff
203377,Giordano,Lanteri,9999-01-01,Engineer
203385,Subhrajyoti,Maginnis,9999-01-01,Senior Staff
203388,Evgueni,Coorg,9999-01-01,Staff
203390,Lech,Babu,9999-01-01,Senior Engineer
203398,Inderjeet,Ritzmann,9999-01-01,Engineer
203405,Alper,Giaccio,9999-01-01,Senior Staff
203434,Yannik,Boreale,9999-01-01,Senior Staff
203436,Shushma,Usdin,9999-01-01,Senior Engineer
203446,Kristen,Molenaar,9999-01-01,Engineer
203459,Lunjin,Juneja,9999-01-01,Senior Staff
203463,Ingmar,Nicolson,9999-01-01,Senior Staff
203465,Martina,Taneja,9999-01-01,Staff
203476,Abdulla,Flasterstein,9999-01-01,Staff
203481,Chiradeep,Kriebel,9999-01-01,Senior Engineer
203484,Guttorm,Gyimothy,9999-01-01,Senior Staff
203488,Stevo,Rosenbaum,9999-01-01,Senior Staff
203493,Ulf,Camarinopoulos,9999-01-01,Senior Engineer
203522,Make,Biros,9999-01-01,Senior Staff
203525,Inderjeet,Snyers,9999-01-01,Staff
203541,Youjian,Brookman,9999-01-01,Senior Engineer
203566,Thanasis,Zultner,9999-01-01,Senior Engineer
203577,Niteen,Glowinski,9999-01-01,Staff
203578,Vojin,Codenie,9999-01-01,Staff
203588,Youngkon,Hartvigsen,9999-01-01,Senior Engineer
203593,Leszek,Kirkerud,9999-01-01,Senior Staff
203595,Aria,Ariola,9999-01-01,Staff
203600,Fai,Journel,9999-01-01,Senior Staff
203608,Menkae,Kroll,9999-01-01,Senior Staff
203619,Shaibal,Awdeh,9999-01-01,Staff
203627,Minghong,Bashian,9999-01-01,Senior Staff
203639,Mircea,Farrag,9999-01-01,Engineer
203644,Oldrich,Onuegbe,9999-01-01,Staff
203645,Tadahiro,Syang,9999-01-01,Staff
203656,Chinhyun,Brodal,9999-01-01,Senior Staff
203657,Georg,Pocchiola,9999-01-01,Staff
203667,Mabry,Conia,9999-01-01,Senior Staff
203672,Aram,Pettis,9999-01-01,Senior Engineer
203673,Feixiong,Xiaoshan,9999-01-01,Senior Staff
203688,Hairong,Polajnar,9999-01-01,Staff
203695,Teiji,Tasistro,9999-01-01,Senior Staff
203759,Heon,Reutenauer,9999-01-01,Senior Staff
203775,Shirish,Mitzlaff,9999-01-01,Engineer
203783,Luerbio,Bernini,9999-01-01,Senior Staff
203790,Jaewoo,Vecchio,9999-01-01,Senior Engineer
203792,Hatim,Mahmud,9999-01-01,Senior Staff
203798,Nobuyoshi,Suomi,9999-01-01,Senior Engineer
203808,Masaru,Atrawala,9999-01-01,Senior Staff
203816,Avishai,Akazan,9999-01-01,Engineer
203821,Ger,Gist,9999-01-01,Senior Engineer
203831,Arunachalam,Angot,9999-01-01,Engineer
203839,Berthier,Hagimont,9999-01-01,Senior Engineer
203848,Danel,Domenig,9999-01-01,Senior Staff
203856,Angel,Hiroyama,9999-01-01,Staff
203883,Mart,Staylopatis,9999-01-01,Senior Engineer
203896,Sumali,Ibel,9999-01-01,Assistant Engineer
203898,Odysseas,Mateescu,9999-01-01,Assistant Engineer
203933,Bowen,Fortenbacher,9999-01-01,Senior Staff
203953,Lucian,Pokrovskii,9999-01-01,Senior Staff
203963,Kiyotoshi,Shrader,9999-01-01,Senior Engineer
203967,Teiji,Genther,9999-01-01,Senior Engineer
203972,Perla,Ebeling,9999-01-01,Senior Engineer
203987,Apostol,Stanfel,9999-01-01,Staff
204011,Kazuhiko,Massonet,9999-01-01,Senior Engineer
204027,Alagu,Olano,9999-01-01,Senior Staff
204029,Shaowen,Litzkow,9999-01-01,Staff
204034,Arco,Botman,9999-01-01,Engineer
204055,Kauko,Stiles,9999-01-01,Staff
204062,Kerhong,Fadgyas,9999-01-01,Senior Staff
204067,Brigham,Pews,9999-01-01,Senior Staff
204090,Brigham,Collette,9999-01-01,Senior Staff
204097,Ung,Staudhammer,9999-01-01,Engineer
204104,Patricio,Usdin,9999-01-01,Staff
204110,Shaw,Kalsbeek,9999-01-01,Staff
204114,Fayez,Poehlman,9999-01-01,Senior Engineer
204131,Kazuhira,Luit,9999-01-01,Staff
204134,Xiaobin,Hofmeyr,9999-01-01,Staff
204142,Xiping,Valette,9999-01-01,Senior Staff
204149,Moti,Kusakabe,9999-01-01,Senior Staff
204157,Danel,Gomatam,9999-01-01,Staff
204159,Tzvetan,Shiratori,9999-01-01,Senior Staff
204160,Szabolcs,Carrere,9999-01-01,Senior Staff
204170,Rosalie,Marakhovsky,9999-01-01,Staff
204172,Xuejun,Valette,9999-01-01,Senior Engineer
204187,Wayne,Simmel,9999-01-01,Senior Staff
204206,Nathalie,Picci,9999-01-01,Senior Staff
204219,Sakthirel,Halloran,9999-01-01,Senior Staff
204220,Xiaoshan,Bain,9999-01-01,Staff
204237,Gay,Kumaresan,9999-01-01,Senior Staff
204242,Mansur,Ellozy,9999-01-01,Senior Engineer
204248,Makato,Reghbati,9999-01-01,Senior Staff
204254,Billur,Famili,9999-01-01,Senior Engineer
204292,Khaled,Argence,9999-01-01,Senior Staff
204313,Hongzue,Khalil,9999-01-01,Senior Engineer
204327,Jixiang,Simmen,9999-01-01,Senior Engineer
204330,Danco,Stanfel,9999-01-01,Senior Engineer
204337,Brewster,Erol,9999-01-01,Assistant Engineer
204367,Mitsuyuki,Henders,9999-01-01,Engineer
204378,Leaf,Stranks,9999-01-01,Senior Engineer
204399,Uta,Peak,9999-01-01,Senior Engineer
204409,Sushant,Chiola,9999-01-01,Engineer
204428,Yuping,Chandrasekhar,9999-01-01,Engineer
204440,Gal,Kumaresan,9999-01-01,Senior Engineer
204463,Chanjung,Reghbati,9999-01-01,Senior Engineer
204469,Ramya,Cmelik,9999-01-01,Senior Staff
204484,Baziley,Gruenwald,9999-01-01,Senior Engineer
204517,Aron,Polajnar,9999-01-01,Senior Staff
204518,Saeko,Selvestrel,9999-01-01,Technique Leader
204519,Utz,Haldar,9999-01-01,Engineer
204524,Mahendra,Schreiter,9999-01-01,Senior Engineer
204526,Vojin,Kulisch,9999-01-01,Senior Staff
204528,Jessie,Smailagic,9999-01-01,Technique Leader
204530,Changho,Fritzsche,9999-01-01,Senior Staff
204534,Khalid,Melton,9999-01-01,Engineer
204540,Lene,Wroclawski,9999-01-01,Staff
204542,Lucian,Bael,9999-01-01,Senior Engineer
204560,Sariel,Badache,9999-01-01,Engineer
204567,Kristin,Plavsic,9999-01-01,Engineer
204571,Uli,Raczkowsky,9999-01-01,Senior Engineer
204573,Kensei,Cmelik,9999-01-01,Engineer
204579,Yechezkel,Litzkow,9999-01-01,Technique Leader
204583,Richard,Setiz,9999-01-01,Senior Engineer
204594,Elvis,Onuegbe,9999-01-01,Engineer
204645,Duangkaew,Gilg,9999-01-01,Senior Engineer
204661,Doohun,Atchley,9999-01-01,Engineer
204664,Hatsukazu,Cools,9999-01-01,Engineer
204674,Barton,Kropp,9999-01-01,Engineer
204679,Masaru,Marchegay,9999-01-01,Senior Staff
204692,Licheng,Pollacia,9999-01-01,Senior Engineer
204693,Aran,Litzkow,9999-01-01,Assistant Engineer
204698,Fai,Lowrie,9999-01-01,Senior Engineer
204703,Sreekrishna,Spataro,9999-01-01,Staff
204706,Denis,Joslin,9999-01-01,Engineer
204708,Martial,Bazelow,9999-01-01,Staff
204710,Gino,Cichocki,9999-01-01,Senior Engineer
204734,Sungwon,Sifakis,9999-01-01,Technique Leader
204745,Oscar,Masaki,9999-01-01,Senior Engineer
204747,Zita,Stenning,9999-01-01,Engineer
204783,Zissis,Majewski,9999-01-01,Senior Staff
204784,Elvia,Manders,9999-01-01,Staff
204792,Masoud,Falster,9999-01-01,Engineer
204793,Heejo,Vickson,9999-01-01,Senior Staff
204805,Nimmagadda,Crouzet,9999-01-01,Engineer
204812,Alexius,Zedlitz,9999-01-01,Senior Engineer
204832,Eckart,Axelband,9999-01-01,Engineer
204837,Uzi,Menhoudj,9999-01-01,Senior Engineer
204838,Kannan,Akazan,9999-01-01,Assistant Engineer
204852,Demos,Lupu,9999-01-01,Staff
204877,Guther,Gornas,9999-01-01,Engineer
204880,Aris,Crouzet,9999-01-01,Senior Staff
204881,Bodh,Zultner,9999-01-01,Engineer
204890,Kristin,Reistad,9999-01-01,Engineer
204902,Eric,Ruemmler,9999-01-01,Staff
204913,Dines,Takanami,9999-01-01,Senior Staff
204919,Nakhoon,Kavvadias,9999-01-01,Senior Staff
204920,Kellyn,Journel,9999-01-01,Engineer
204925,Danny,Lagarias,9999-01-01,Senior Engineer
204935,Sachio,Lamparter,9999-01-01,Engineer
204938,Collette,Verspoor,9999-01-01,Technique Leader
204943,Jiakeng,Hartvigsen,9999-01-01,Senior Engineer
204947,Yechiam,Wuwongse,9999-01-01,Engineer
204952,Utpal,Plessier,9999-01-01,Senior Engineer
204967,Mohit,Menyhert,9999-01-01,Senior Staff
204969,Yuqun,Gronowski,9999-01-01,Senior Engineer
204977,Martina,Perl,9999-01-01,Staff
204993,Szabolcs,Zucker,9999-01-01,Technique Leader
205004,Masadi,Lueh,9999-01-01,Engineer
205013,Sasan,Wilfing,9999-01-01,Senior Staff
205021,Mariangiola,Lally,9999-01-01,Senior Engineer
205022,Gill,Rehfuss,9999-01-01,Senior Engineer
205024,Amstein,Papastamatiou,9999-01-01,Engineer
205026,Akeno,Kulisch,9999-01-01,Senior Engineer
205037,Ferdinand,Speek,9999-01-01,Senior Staff
205038,Mari,Chvatal,9999-01-01,Senior Engineer
205057,Mostafa,Usdin,9999-01-01,Assistant Engineer
205063,Dharmaraja,Butner,9999-01-01,Staff
205075,Yunming,Piveteau,9999-01-01,Senior Engineer
205092,Masako,Spieker,9999-01-01,Staff
205112,Masanao,Quaggetto,9999-01-01,Staff
205119,Chrisa,Kilgore,9999-01-01,Senior Engineer
205150,Denis,Murthy,9999-01-01,Senior Engineer
205202,Alagu,Stemann,9999-01-01,Staff
205203,Yinlin,Gente,9999-01-01,Senior Staff
205206,Itzchak,Chappelet,9999-01-01,Senior Engineer
205207,Ramalingam,Borstler,9999-01-01,Senior Staff
205212,Chaoyi,Ghalwash,9999-01-01,Senior Engineer
205216,Jayesh,Hanratty,9999-01-01,Senior Engineer
205223,Jianhao,Chenoweth,9999-01-01,Senior Engineer
205225,Duro,Ouhyoung,9999-01-01,Senior Engineer
205244,Yonghoan,Heuter,9999-01-01,Senior Staff
205245,Angus,Raczkowsky,9999-01-01,Engineer
205248,Aamer,Imataki,9999-01-01,Senior Engineer
205251,Fai,Mullainathan,9999-01-01,Senior Staff
205261,Oscar,Pusterhofer,9999-01-01,Senior Engineer
205262,Sergi,Munch,9999-01-01,Engineer
205265,Vishwani,Onuegbe,9999-01-01,Engineer
205266,Volkmar,Marquardt,9999-01-01,Assistant Engineer
205272,Zhenbing,Kuhnemann,9999-01-01,Senior Engineer
205283,Peternela,Eickenmeyer,9999-01-01,Engineer
205295,Kristinn,Jonsson,9999-01-01,Senior Engineer
205297,Aral,Weedon,9999-01-01,Senior Engineer
205304,Volkmar,Preusig,9999-01-01,Engineer
205313,Make,Duclos,9999-01-01,Senior Staff
205317,Percy,Milicic,9999-01-01,Senior Staff
205318,Bernd,Lakshmanan,9999-01-01,Senior Engineer
205325,Serenella,Harllee,9999-01-01,Senior Staff
205331,Nigel,Melski,9999-01-01,Senior Engineer
205332,Gita,Baar,9999-01-01,Staff
205343,Kiyokazu,Brobst,9999-01-01,Engineer
205350,Masasuke,Murrill,9999-01-01,Engineer
205357,Radhia,Engelmann,9999-01-01,Senior Engineer
205359,Serge,Bresenham,9999-01-01,Staff
205361,Owen,Siepmann,9999-01-01,Senior Engineer
205370,Geoffry,Marchesini,9999-01-01,Staff
205381,Mana,Lung,9999-01-01,Engineer
205469,Zsolt,Perko,9999-01-01,Senior Staff
205471,Bernd,Vasanthakumar,9999-01-01,Senior Staff
205472,Sudhanshu,Winter,9999-01-01,Engineer
205475,Ute,Schach,9999-01-01,Engineer
205476,Hairong,Ruemmler,9999-01-01,Engineer
205478,Reinhard,Nittel,9999-01-01,Staff
205484,Atreye,Yoshimura,9999-01-01,Senior Engineer
205489,Surveyors,Laventhal,9999-01-01,Engineer
205492,Wojceich,Lorch,9999-01-01,Engineer
205524,Dante,Reistad,9999-01-01,Senior Engineer
205528,Shichao,Shiratori,9999-01-01,Engineer
205553,LiMin,Jeansoulin,9999-01-01,Senior Staff
205559,Herbert,Portugali,9999-01-01,Assistant Engineer
205568,Abdelghani,Aingworth,9999-01-01,Senior Staff
205582,Zhigen,Panienski,9999-01-01,Senior Engineer
205592,Houman,Weisert,9999-01-01,Senior Staff
205597,Kwan,Schonegge,9999-01-01,Engineer
205608,Gilbert,Morris,9999-01-01,Engineer
205611,Ramya,Plump,9999-01-01,Senior Staff
205612,Yakichi,Yurov,9999-01-01,Senior Engineer
205619,Souichi,Provine,9999-01-01,Senior Engineer
205624,Jolita,Lally,9999-01-01,Senior Engineer
205629,Guiseppe,Genin,9999-01-01,Staff
205638,Lubomir,Peir,9999-01-01,Engineer
205645,Tonia,Stroustrup,9999-01-01,Senior Engineer
205653,Serif,Fiebach,9999-01-01,Engineer
205656,Hauke,Cairo,9999-01-01,Staff
205670,Hidefumi,Jeong,9999-01-01,Technique Leader
205690,Toshimi,Warwick,9999-01-01,Senior Staff
205700,Gay,Luit,9999-01-01,Staff
205712,Susuma,Daescu,9999-01-01,Senior Staff
205713,Gennady,Makinen,9999-01-01,Engineer
205723,Josyula,Crooks,9999-01-01,Staff
205728,Hatem,Marquardt,9999-01-01,Staff
205733,Suzette,Tokunaga,9999-01-01,Staff
205737,Nishit,Masamoto,9999-01-01,Engineer
205738,Mong,Stroustrup,9999-01-01,Senior Engineer
205746,Laurentiu,Mitchem,9999-01-01,Senior Staff
205749,Mikhail,Viele,9999-01-01,Senior Staff
205753,Keiichiro,Gonthier,9999-01-01,Senior Engineer
205760,Alexius,Hettesheimer,9999-01-01,Senior Staff
205761,Bowen,Melter,9999-01-01,Senior Engineer
205778,Yakichi,Itzfeldt,9999-01-01,Senior Engineer
205779,Adhemar,Kuhnemann,9999-01-01,Staff
205782,Shen,Brandsma,9999-01-01,Senior Engineer
205796,Arne,DuCasse,9999-01-01,Staff
205810,Lenore,Chiola,9999-01-01,Staff
205819,Stevo,Radwan,9999-01-01,Staff
205826,Diederik,Schauser,9999-01-01,Staff
205843,Chenye,Peek,9999-01-01,Senior Engineer
205849,Masali,Walston,9999-01-01,Senior Staff
205850,Hiroyasu,Staudhammer,9999-01-01,Senior Staff
205860,Gopalakrishnan,Rosar,9999-01-01,Senior Engineer
205872,Kitty,Greibach,9999-01-01,Staff
205876,Gonzalo,Roccetti,9999-01-01,Senior Engineer
205890,Georgi,Chenoweth,9999-01-01,Senior Staff
205899,Radoslaw,Mundy,9999-01-01,Senior Staff
205903,Xiong,Matzel,9999-01-01,Senior Engineer
205918,Lihong,Ghandeharizadeh,9999-01-01,Senior Staff
205920,Mechthild,Roccetti,9999-01-01,Engineer
205921,Bangqing,Chartres,9999-01-01,Staff
205924,Alain,Ventosa,9999-01-01,Senior Engineer
205928,Domenico,Esteva,9999-01-01,Senior Engineer
205931,Renny,Escriba,9999-01-01,Senior Staff
205944,Kwangho,Nitsch,9999-01-01,Engineer
205945,Ottavia,Larfeldt,9999-01-01,Senior Engineer
205962,Jouni,Miculan,9999-01-01,Staff
205963,Yechiam,Curless,9999-01-01,Engineer
205968,Gilbert,Kuzuoka,9999-01-01,Senior Engineer
205974,Mona,Gajiwala,9999-01-01,Senior Engineer
206000,Atreye,Schapire,9999-01-01,Staff
206014,Premsyl,Walstra,9999-01-01,Senior Staff
206016,Suzette,Garrabrants,9999-01-01,Senior Staff
206018,Takahiro,Baca,9999-01-01,Engineer
206035,Kinh,Eiron,9999-01-01,Senior Engineer
206053,Tsuneo,Alblas,9999-01-01,Senior Staff
206059,Jaana,Levergood,9999-01-01,Senior Engineer
206067,Manton,Itzigehl,9999-01-01,Engineer
206091,Zhaofang,Knightly,9999-01-01,Staff
206122,Munenori,Bazelow,9999-01-01,Engineer
206149,Yurii,Mellouli,9999-01-01,Senior Engineer
206164,Minghong,Vernadat,9999-01-01,Senior Staff
206165,LiMin,Hmelo,9999-01-01,Staff
206168,Serap,Matzat,9999-01-01,Senior Staff
206173,Chaosheng,Radivojevic,9999-01-01,Senior Staff
206185,Yolla,Gonthier,9999-01-01,Engineer
206191,Chaitali,Asrin,9999-01-01,Engineer
206193,Kerryn,Senzako,9999-01-01,Staff
206199,Rafail,Hashii,9999-01-01,Technique Leader
206211,Golgen,Schapire,9999-01-01,Staff
206223,Masanao,Meszaros,9999-01-01,Engineer
206227,Feixiong,Schmittgen,9999-01-01,Engineer
206230,Eckart,Gire,9999-01-01,Senior Engineer
206240,Oksana,Zykh,9999-01-01,Engineer
206241,Kazuhira,Danecki,9999-01-01,Senior Staff
206262,Alejandro,Bugrara,9999-01-01,Staff
206272,Xinan,Miake,9999-01-01,Senior Engineer
206277,Candida,Toyoshima,9999-01-01,Staff
206286,Arno,Pocchiola,9999-01-01,Engineer
206288,Sverrir,Vrecion,9999-01-01,Engineer
206296,Kwangjo,Landherr,9999-01-01,Senior Staff
206301,Huiqun,Yavatkar,9999-01-01,Senior Engineer
206335,Katsuyuki,Eldridge,9999-01-01,Senior Staff
206339,Kamran,Emmart,9999-01-01,Engineer
206343,Aris,Erie,9999-01-01,Staff
206346,Syozo,Hitomi,9999-01-01,Senior Engineer
206354,Gennadi,Kawashima,9999-01-01,Senior Engineer
206355,Aleksander,Picci,9999-01-01,Engineer
206368,Kamakshi,Azadmanesh,9999-01-01,Engineer
206381,Horward,Peltason,9999-01-01,Senior Staff
206399,Macha,Hasham,9999-01-01,Senior Engineer
206411,Shigeichiro,Vidal,9999-01-01,Senior Engineer
206416,Ronnie,Kopetz,9999-01-01,Senior Staff
206418,Marco,Vickson,9999-01-01,Senior Engineer
206427,Nobuyoshi,Otillio,9999-01-01,Staff
206439,Atreye,Pellegrinelli,9999-01-01,Senior Staff
206468,Hidefumi,Crouzet,9999-01-01,Engineer
206501,Kamakshi,Vrecion,9999-01-01,Senior Engineer
206507,Bernt,Gonthier,9999-01-01,Senior Engineer
206520,Gor,Selenyi,9999-01-01,Engineer
206526,Hauke,Chepyzhov,9999-01-01,Senior Staff
206530,Xuedong,Roison,9999-01-01,Senior Staff
206539,Jaroslava,Eterovic,9999-01-01,Engineer
206559,Ronghao,Erde,9999-01-01,Engineer
206576,Chenxi,Chepyzhov,9999-01-01,Staff
206578,Deborah,Onuegbe,9999-01-01,Staff
206599,Kwangjo,Demir,9999-01-01,Technique Leader
206604,Adil,Rajala,9999-01-01,Senior Engineer
206611,Qingxiang,Isard,9999-01-01,Senior Staff
206634,Fumino,Jiang,9999-01-01,Staff
206637,Jahangir,Schlenzig,9999-01-01,Engineer
206639,Gad,Openshaw,9999-01-01,Senior Engineer
206648,Dhritiman,Lindqvist,9999-01-01,Senior Engineer
206653,Sumant,Landherr,9999-01-01,Staff
206668,Jaana,Rabejac,9999-01-01,Senior Staff
206686,Shin,Mondadori,9999-01-01,Senior Staff
206697,Billie,Quaggetto,9999-01-01,Staff
206711,Visit,Oskamp,9999-01-01,Senior Staff
206713,Zhiguo,Orsini,9999-01-01,Senior Engineer
206718,Koldo,Ramaiah,9999-01-01,Staff
206731,Phuoc,Ramras,9999-01-01,Senior Engineer
206732,Renny,Furedi,9999-01-01,Engineer
206737,Shalesh,Farrow,9999-01-01,Staff
206744,Kenton,Radivojevic,9999-01-01,Staff
206746,Khoa,Honiden,9999-01-01,Senior Engineer
206760,Feixiong,Baumann,9999-01-01,Staff
206763,Elvia,Schaad,9999-01-01,Engineer
206765,Alselm,Zobel,9999-01-01,Engineer
206771,Ferdinand,Lores,9999-01-01,Engineer
206804,Uinam,Pokrovskii,9999-01-01,Engineer
206813,Genta,Poujol,9999-01-01,Staff
206815,Insup,Frolund,9999-01-01,Senior Staff
206816,Dharmaraja,Falby,9999-01-01,Senior Engineer
206817,Xudong,Hiltgen,9999-01-01,Staff
206847,Luise,Akazan,9999-01-01,Senior Staff
206848,Pintsang,Raney,9999-01-01,Senior Engineer
206872,Marc,Stafford,9999-01-01,Staff
206886,Radoslaw,Xiaoshan,9999-01-01,Senior Engineer
206921,Takushi,Castellani,9999-01-01,Engineer
206929,Shuzo,Weedon,9999-01-01,Engineer
206952,Jeanna,Kadhim,9999-01-01,Senior Engineer
206974,Maia,Sadowsky,9999-01-01,Senior Engineer
206995,Bernd,Nollmann,9999-01-01,Staff
206999,Vivian,Colorni,9999-01-01,Senior Staff
207009,Moni,Angelov,9999-01-01,Engineer
207012,Masamitsu,Goodrum,9999-01-01,Engineer
207016,Lenore,Mondadori,9999-01-01,Senior Engineer
207025,Barry,Hanratty,9999-01-01,Engineer
207050,Navin,Khasidashvili,9999-01-01,Engineer
207056,Volkmar,Lorcy,9999-01-01,Technique Leader
207078,Idoia,Highland,9999-01-01,Senior Engineer
207087,Pranjal,Codenie,9999-01-01,Senior Engineer
207090,Stein,Uhrig,9999-01-01,Senior Staff
207092,Hein,Schwabacher,9999-01-01,Staff
207095,Jiann,Hashii,9999-01-01,Engineer
207118,Lijia,Siochi,9999-01-01,Engineer
207148,Zhiguo,Ullian,9999-01-01,Engineer
207154,Almudena,Wendorf,9999-01-01,Staff
207162,Yucai,Kruskal,9999-01-01,Senior Staff
207167,Mohd,Genin,9999-01-01,Staff
207178,Masasuke,Muniz,9999-01-01,Engineer
207190,Dinkar,Mitzlaff,9999-01-01,Senior Engineer
207198,Shahaf,Heystek,9999-01-01,Senior Engineer
207208,Susanne,Shackel,9999-01-01,Senior Engineer
207223,Garnet,Marshall,9999-01-01,Assistant Engineer
207263,Ult,Czaja,9999-01-01,Senior Staff
207276,Ramalingam,Oaver,9999-01-01,Assistant Engineer
207279,Hugo,Zultner,9999-01-01,Staff
207291,Van,Cronan,9999-01-01,Senior Staff
207295,Aiichiro,Motley,9999-01-01,Assistant Engineer
207311,Houman,Pietracaprina,9999-01-01,Senior Staff
207317,Francoise,Naudin,9999-01-01,Staff
207323,Uli,Pehl,9999-01-01,Senior Engineer
207370,Morrie,Edelhoff,9999-01-01,Senior Engineer
207381,Shridhar,Cooman,9999-01-01,Senior Engineer
207383,Utz,Coullard,9999-01-01,Engineer
207392,Piyawadee,Denna,9999-01-01,Staff
207416,Gaurav,Kuhnemann,9999-01-01,Senior Staff
207426,Mats,Panangaden,9999-01-01,Assistant Engineer
207434,Huan,Sevcikova,9999-01-01,Engineer
207439,Zongyan,Pouyioutas,9999-01-01,Senior Engineer
207448,Kristof,Dredge,9999-01-01,Senior Staff
207454,Moon,Radivojevic,9999-01-01,Engineer
207455,Hyuckchul,Kisuki,9999-01-01,Engineer
207460,Sadok,Oskamp,9999-01-01,Staff
207486,Vatsa,Badache,9999-01-01,Senior Staff
207489,Collette,Irland,9999-01-01,Senior Engineer
207512,Valeska,Basagni,9999-01-01,Staff
207514,Malu,Haumacher,9999-01-01,Staff
207515,Danny,Puppo,9999-01-01,Engineer
207518,Jeanna,Reinhart,9999-01-01,Senior Staff
207523,Chaosheng,Picaronny,9999-01-01,Senior Engineer
207532,Lidong,Jeansoulin,9999-01-01,Staff
207539,Dzung,Lalonde,9999-01-01,Engineer
207549,Youssef,Mattern,9999-01-01,Technique Leader
207558,Rance,Itschner,9999-01-01,Senior Staff
207580,Parto,Harbusch,9999-01-01,Staff
207584,Basant,Schlumberger,9999-01-01,Senior Engineer
207585,Limsoon,Picel,9999-01-01,Engineer
207587,Irena,Kitai,9999-01-01,Senior Staff
207590,Dipankar,Ferriere,9999-01-01,Senior Engineer
207597,Murthy,Kusakari,9999-01-01,Senior Engineer
207614,Nadjib,Ozeri,9999-01-01,Senior Engineer
207658,Kiyokazu,Whitcomb,9999-01-01,Senior Engineer
207661,Hairong,Leslie,9999-01-01,Senior Staff
207662,Mori,Narahari,9999-01-01,Engineer
207676,Yuqun,Casley,9999-01-01,Engineer
207679,Vasilis,Rosti,9999-01-01,Staff
207683,Gilbert,Luft,9999-01-01,Senior Staff
207685,Christoph,Peltason,9999-01-01,Senior Staff
207688,Juichirou,Marshall,9999-01-01,Engineer
207691,Genevieve,Pena,9999-01-01,Senior Engineer
207701,Yuping,Lodder,9999-01-01,Senior Engineer
207711,Ayonca,Bratsberg,9999-01-01,Senior Staff
207733,Koichi,Hooghiemstra,9999-01-01,Senior Engineer
207734,Kensei,Strooper,9999-01-01,Senior Staff
207746,LiMin,Etalle,9999-01-01,Senior Engineer
207760,Hidde,Atchley,9999-01-01,Staff
207761,Vatsa,Beeson,9999-01-01,Senior Engineer
207762,Pohua,Bodoff,9999-01-01,Engineer
207769,Salvador,Marwedel,9999-01-01,Senior Staff
207774,KayLiang,Trachtenberg,9999-01-01,Staff
207780,Dinah,Schade,9999-01-01,Engineer
207784,Lillian,Pardalos,9999-01-01,Senior Engineer
207792,Shir,Himler,9999-01-01,Senior Engineer
207793,Magdalena,Passafiume,9999-01-01,Senior Engineer
207798,Munir,Gyorkos,9999-01-01,Senior Staff
207800,Arumugam,Chandrasekhar,9999-01-01,Engineer
207801,Navid,Plumb,9999-01-01,Senior Staff
207808,Alper,Peyn,9999-01-01,Technique Leader
207820,Caolyn,Buescher,9999-01-01,Senior Engineer
207827,Remco,Tasistro,9999-01-01,Staff
207840,Danel,Zuberek,9999-01-01,Senior Engineer
207856,Adit,Terkki,9999-01-01,Senior Staff
207860,Maja,Rodite,9999-01-01,Senior Engineer
207861,Idoia,Picht,9999-01-01,Staff
207864,Mingzeng,Steinauer,9999-01-01,Staff
207877,Kazunori,Bresenham,9999-01-01,Technique Leader
207905,Manibrata,Orsini,9999-01-01,Senior Engineer
207914,Dung,Broder,9999-01-01,Technique Leader
207941,Florian,Emmerich,9999-01-01,Staff
207945,Arlette,Herber,9999-01-01,Engineer
207947,Basil,Lamma,9999-01-01,Staff
207960,Aron,Uludag,9999-01-01,Staff
207976,Gritta,Champarnaud,9999-01-01,Senior Staff
207987,Caolyn,Bondorf,9999-01-01,Engineer
207988,Gianluca,Chenney,9999-01-01,Senior Engineer
208018,Shahar,Plump,9999-01-01,Senior Engineer
208020,Adil,Boudaillier,9999-01-01,Senior Engineer
208031,Ingemar,Hertweck,9999-01-01,Senior Engineer
208035,Marco,Asser,9999-01-01,Technique Leader
208040,Mabo,Kadhim,9999-01-01,Senior Engineer
208053,Marc,Zongker,9999-01-01,Senior Engineer
208073,Kerryn,Yurek,9999-01-01,Senior Engineer
208082,Giap,Ozeki,9999-01-01,Senior Staff
208086,Utpal,Barinka,9999-01-01,Senior Engineer
208087,Xianlong,Lueh,9999-01-01,Staff
208093,Olivera,Leslie,9999-01-01,Engineer
208107,Bikash,Fargier,9999-01-01,Senior Staff
208111,Volkmar,Rathonyi,9999-01-01,Staff
208114,Kazunori,Denny,9999-01-01,Staff
208118,Noritoshi,Baek,9999-01-01,Senior Engineer
208119,Danny,Azulay,9999-01-01,Senior Staff
208134,Sangeeta,Crabtree,9999-01-01,Senior Engineer
208171,Martial,Demke,9999-01-01,Senior Engineer
208190,Marsja,Azuma,9999-01-01,Senior Engineer
208200,Fabrizio,Linares,9999-01-01,Senior Engineer
208209,Kersti,Matzat,9999-01-01,Staff
208212,Bangqing,Lagarias,9999-01-01,Senior Staff
208213,Hidde,Brookner,9999-01-01,Senior Engineer
208218,Masaru,Morrey,9999-01-01,Engineer
208220,Shigehito,Beidas,9999-01-01,Engineer
208227,Bodo,Merro,9999-01-01,Staff
208244,Richara,Crelier,9999-01-01,Senior Engineer
208249,Yuchang,Esposito,9999-01-01,Senior Engineer
208256,Hugh,Mungall,9999-01-01,Senior Engineer
208258,Nathalie,Remmers,9999-01-01,Assistant Engineer
208269,Yuguang,Sury,9999-01-01,Staff
208293,Siddarth,Merks,9999-01-01,Senior Engineer
208346,Dharmaraja,Lorho,9999-01-01,Senior Engineer
208354,Siamak,Boguraev,9999-01-01,Senior Staff
208358,Keung,Pokrovskii,9999-01-01,Senior Staff
208407,Arto,Kirkerud,9999-01-01,Senior Staff
208413,Takahira,Pena,9999-01-01,Staff
208417,Mani,Ponthieu,9999-01-01,Senior Staff
208433,Jaewon,Serre,9999-01-01,Technique Leader
208435,Arfst,Toyoshima,9999-01-01,Senior Staff
208436,Adhemar,Denny,9999-01-01,Senior Staff
208456,Stabislas,Herbst,9999-01-01,Senior Staff
208457,Pohua,Yoshimura,9999-01-01,Senior Staff
208463,Ipke,Pillow,9999-01-01,Senior Staff
208473,Toshimitsu,Msuda,9999-01-01,Engineer
208479,Teiji,Chinal,9999-01-01,Staff
208482,Vasilii,Schwartzburd,9999-01-01,Senior Engineer
208486,Chenye,Iwayama,9999-01-01,Staff
208490,Masasuke,Schicker,9999-01-01,Senior Engineer
208494,Sumali,Pellegrinelli,9999-01-01,Technique Leader
208498,Avishai,Rosin,9999-01-01,Assistant Engineer
208500,Boaz,Yurek,9999-01-01,Senior Staff
208501,Clyde,Chiodo,9999-01-01,Senior Staff
208511,Shai,Valtorta,9999-01-01,Senior Engineer
208525,Adam,DiGiano,9999-01-01,Staff
208528,Sukumar,Polupanov,9999-01-01,Senior Staff
208531,Dmitry,Peyn,9999-01-01,Senior Staff
208545,Chandrasekaran,Validov,9999-01-01,Senior Engineer
208546,Piyush,Garnier,9999-01-01,Senior Staff
208557,Zhenhua,Servieres,9999-01-01,Engineer
208576,Alper,Rodham,9999-01-01,Senior Engineer
208583,Utpal,Lorho,9999-01-01,Senior Engineer
208586,Remko,Czap,9999-01-01,Senior Engineer
208589,Sarita,Busillo,9999-01-01,Senior Engineer
208604,Rafail,Gulik,9999-01-01,Senior Engineer
208617,Nahla,Onuegbe,9999-01-01,Senior Engineer
208619,Gererd,Danlos,9999-01-01,Senior Engineer
208631,Amstein,Schlumberger,9999-01-01,Engineer
208638,Khatoun,Zobel,9999-01-01,Staff
208655,Yannik,Rodham,9999-01-01,Senior Engineer
208659,Kristinn,Ventosa,9999-01-01,Senior Engineer
208684,Kristin,Brizzi,9999-01-01,Senior Engineer
208685,Lokesh,Morris,9999-01-01,Engineer
208686,Gadiel,Farrag,9999-01-01,Staff
208688,Rosita,Peac,9999-01-01,Senior Engineer
208689,Hideo,Barvinok,9999-01-01,Senior Staff
208692,Yoshinari,Brlek,9999-01-01,Senior Staff
208694,Padma,Famili,9999-01-01,Senior Staff
208699,Sachio,Isaak,9999-01-01,Senior Staff
208710,Faiza,Schmezko,9999-01-01,Senior Engineer
208724,Yongdong,Schnelling,9999-01-01,Technique Leader
208725,Gilbert,Baig,9999-01-01,Senior Staff
208726,Mary,Barinka,9999-01-01,Senior Engineer
208735,Niranjan,Narlikar,9999-01-01,Senior Staff
208740,Gonzalo,Giveon,9999-01-01,Senior Staff
208742,Heather,Ruther,9999-01-01,Staff
208746,Hatsukazu,Schaaf,9999-01-01,Staff
208750,Leif,Thummel,9999-01-01,Staff
208762,Chikara,Zwicker,9999-01-01,Senior Engineer
208766,Masadi,Ashish,9999-01-01,Staff
208771,Nidapan,Bellmore,9999-01-01,Engineer
208775,Kiyotoshi,Underwood,9999-01-01,Engineer
208795,Ayakannu,Pargas,9999-01-01,Senior Staff
208807,Zita,Shobatake,9999-01-01,Senior Engineer
208826,Rance,Speckmann,9999-01-01,Senior Staff
208833,Bojan,Remmele,9999-01-01,Senior Engineer
208842,Kien,Jansch,9999-01-01,Senior Staff
208847,Shim,Demizu,9999-01-01,Technique Leader
208865,Nirmal,Taubenfeld,9999-01-01,Senior Engineer
208875,Syozo,Garnham,9999-01-01,Engineer
208877,Yinghua,Shihab,9999-01-01,Senior Engineer
208878,Vitali,Tetzlaff,9999-01-01,Senior Engineer
208883,Herb,Munos,9999-01-01,Assistant Engineer
208886,Huan,Isaac,9999-01-01,Senior Staff
208888,Radhika,Heuter,9999-01-01,Engineer
208894,Peer,Murtafg,9999-01-01,Engineer
208898,Ebru,Homond,9999-01-01,Assistant Engineer
208900,Jayson,Frezza,9999-01-01,Senior Staff
208902,Shigeaki,Thummel,9999-01-01,Senior Staff
208904,Bojan,Emden,9999-01-01,Senior Engineer
208905,Chenye,Ramsey,9999-01-01,Senior Staff
208908,Girolamo,Uludag,9999-01-01,Senior Engineer
208940,Hideo,Comte,9999-01-01,Senior Engineer
208947,Danil,Hockney,9999-01-01,Senior Engineer
208956,Kwok,Plump,9999-01-01,Senior Staff
208969,Susuma,Beetstra,9999-01-01,Staff
208972,Phuoc,Marwedel,9999-01-01,Staff
208975,Giordano,Honglei,9999-01-01,Senior Engineer
208978,Shaowei,Provine,9999-01-01,Staff
208979,Candida,Werthner,9999-01-01,Technique Leader
208980,Wanqing,Baak,9999-01-01,Engineer
208982,Rutger,Sinitsyn,9999-01-01,Engineer
208994,Haldon,Fujisaki,9999-01-01,Staff
209005,Kazunori,Iivonen,9999-01-01,Engineer
209008,Lidong,Ranft,9999-01-01,Senior Staff
209026,Szabolcs,Maksimenko,9999-01-01,Senior Engineer
209033,Patricio,Percebois,9999-01-01,Senior Engineer
209043,Seshu,Flexer,9999-01-01,Engineer
209046,Ennio,Kriebel,9999-01-01,Senior Engineer
209061,Licheng,Zhang,9999-01-01,Engineer
209083,Kersti,Zaiane,9999-01-01,Senior Engineer
209094,Moriyoshi,Piancastelli,9999-01-01,Technique Leader
209110,Filipe,Mullainathan,9999-01-01,Senior Engineer
209112,Nigel,Joslin,9999-01-01,Engineer
209121,Greger,Ramalingam,9999-01-01,Engineer
209127,Annemarie,Luon,9999-01-01,Engineer
209146,Ziva,Rindone,9999-01-01,Engineer
209163,Moni,Verspoor,9999-01-01,Senior Engineer
209174,Kiam,Vidal,9999-01-01,Staff
209179,Kazunori,Gaughan,9999-01-01,Senior Engineer
209181,Basil,Strandh,9999-01-01,Engineer
209183,Susanne,Huttel,9999-01-01,Engineer
209187,Shigeaki,Usery,9999-01-01,Senior Staff
209194,Owen,Snedden,9999-01-01,Engineer
209212,Bouchung,Trumbly,9999-01-01,Engineer
209215,Branimir,Janocha,9999-01-01,Senior Engineer
209218,Utz,Kopetz,9999-01-01,Engineer
209219,Mitchel,Rohrbach,9999-01-01,Senior Engineer
209222,Anyuan,Ginesta,9999-01-01,Senior Engineer
209252,Giordano,Bultermann,9999-01-01,Senior Engineer
209260,Maya,Ouhyoung,9999-01-01,Senior Staff
209279,Roddy,Bail,9999-01-01,Senior Staff
209291,Hilari,Trogemann,9999-01-01,Senior Staff
209293,Jessie,Masada,9999-01-01,Senior Engineer
209300,Ronghao,Karner,9999-01-01,Engineer
209304,Marc,Stille,9999-01-01,Engineer
209306,Tadahiro,Honglei,9999-01-01,Engineer
209313,Naraig,Lupu,9999-01-01,Senior Staff
209316,Jaana,Kuszyk,9999-01-01,Engineer
209320,Candida,Piancastelli,9999-01-01,Senior Staff
209322,Xumin,Frezza,9999-01-01,Senior Engineer
209325,Shih,Goldhammer,9999-01-01,Engineer
209345,Pohua,Linares,9999-01-01,Engineer
209356,Tesuro,Jansen,9999-01-01,Senior Staff
209360,Duke,Stifter,9999-01-01,Senior Staff
209364,Manibrata,Casperson,9999-01-01,Senior Engineer
209383,Elvia,Iisaku,9999-01-01,Senior Engineer
209392,Elvis,Kandlur,9999-01-01,Senior Staff
209394,Tristan,Sundgren,9999-01-01,Staff
209410,Subhash,Cronau,9999-01-01,Senior Engineer
209418,Faiza,Thimonier,9999-01-01,Engineer
209419,Vugranam,Kabayashi,9999-01-01,Staff
209436,Barton,Benaini,9999-01-01,Staff
209439,Gay,Hemaspaandra,9999-01-01,Senior Staff
209445,Zhiwei,Deville,9999-01-01,Staff
209463,Arun,Masand,9999-01-01,Senior Staff
209478,Kasidit,Nitta,9999-01-01,Staff
209502,Holgard,Sudbeck,9999-01-01,Staff
209539,Aloys,Erde,9999-01-01,Engineer
209543,Heng,Porenta,9999-01-01,Engineer
209544,Fumiya,Kobuchi,9999-01-01,Engineer
209575,Zita,Kambil,9999-01-01,Senior Engineer
209577,Shaz,Viele,9999-01-01,Staff
209589,Genki,Baumann,9999-01-01,Senior Staff
209602,Stamatina,Foong,9999-01-01,Senior Staff
209610,Deniz,Rouquie,9999-01-01,Senior Engineer
209617,Sarita,Lund,9999-01-01,Staff
209622,Radoslaw,Luit,9999-01-01,Engineer
209654,Aksel,Stiles,9999-01-01,Senior Staff
209656,Ger,Oehlmann,9999-01-01,Staff
209657,Narain,Lunn,9999-01-01,Technique Leader
209670,Lubomir,Sewelson,9999-01-01,Staff
209674,Krassimir,Kroft,9999-01-01,Engineer
209703,Wuxu,Meszaros,9999-01-01,Senior Engineer
209713,Nahla,Heping,9999-01-01,Senior Engineer
209717,Thanasis,Mellouli,9999-01-01,Engineer
209719,Serap,DuBourdieux,9999-01-01,Senior Engineer
209721,Shaw,Heemskerk,9999-01-01,Senior Staff
209724,Xianlong,Viele,9999-01-01,Senior Staff
209751,Cristinel,Rosch,9999-01-01,Senior Engineer
209752,Amabile,Gulak,9999-01-01,Senior Staff
209771,Vitali,Muniz,9999-01-01,Senior Staff
209773,Jaques,Vendrig,9999-01-01,Engineer
209777,Ravishankar,Condotta,9999-01-01,Engineer
209778,Przemyslawa,Walstra,9999-01-01,Senior Staff
209791,Mabhin,Garnham,9999-01-01,Senior Staff
209792,Yoshinari,Bernick,9999-01-01,Engineer
209799,Honesty,Caine,9999-01-01,Senior Staff
209808,Reinhold,Calkin,9999-01-01,Engineer
209811,Gao,Turnbull,9999-01-01,Senior Engineer
209817,Arunas,Vecchi,9999-01-01,Senior Engineer
209828,Vatsa,Brender,9999-01-01,Engineer
209829,Froduald,Rosca,9999-01-01,Staff
209832,Tru,Holburn,9999-01-01,Senior Staff
209834,Nitsan,Alvarado,9999-01-01,Engineer
209860,Perla,Engberts,9999-01-01,Technique Leader
209872,Breannda,Kaiser,9999-01-01,Staff
209877,Kristian,Dredge,9999-01-01,Senior Staff
209890,Ronghao,Radivojevic,9999-01-01,Staff
209899,Lucien,Nicolson,9999-01-01,Engineer
209906,Joydip,Fadgyas,9999-01-01,Senior Staff
209915,Lillian,Pashtan,9999-01-01,Senior Engineer
209937,Erez,Bage,9999-01-01,Senior Engineer
209949,Wanqing,Kornyak,9999-01-01,Senior Staff
209959,Zongyan,Markovitch,9999-01-01,Engineer
209997,Nevin,Servi,9999-01-01,Senior Engineer
210010,Youssef,Linnainmaa,9999-01-01,Engineer
210033,Chanjung,Ghandeharizadeh,9999-01-01,Senior Engineer
210042,Alejandra,Hitomi,9999-01-01,Staff
210044,Ymte,Bergere,9999-01-01,Senior Staff
210067,Mark,Bresenham,9999-01-01,Technique Leader
210075,Kazuhiko,Pellegrinelli,9999-01-01,Senior Engineer
210079,Junsik,Gustavson,9999-01-01,Technique Leader
210080,Premal,Perl,9999-01-01,Staff
210090,Shigeu,Ladret,9999-01-01,Senior Staff
210096,Herbert,Karner,9999-01-01,Technique Leader
210097,Hercules,Bernatsky,9999-01-01,Senior Engineer
210098,Mingzeng,Milicic,9999-01-01,Staff
210110,Falguni,Jullig,9999-01-01,Engineer
210114,Phillip,Snedden,9999-01-01,Senior Engineer
210116,Marlo,Bolsens,9999-01-01,Engineer
210126,Goa,Hartvigsen,9999-01-01,Engineer
210128,Olivera,Dayana,9999-01-01,Senior Staff
210129,Aamer,Frijda,9999-01-01,Engineer
210135,Karsten,Poulakidas,9999-01-01,Senior Engineer
210153,Unal,Lanteri,9999-01-01,Senior Staff
210154,Kristine,Salverda,9999-01-01,Senior Staff
210155,Eirik,Koblitz,9999-01-01,Staff
210160,Byong,Trelles,9999-01-01,Engineer
210169,Georgi,Schaaf,9999-01-01,Senior Engineer
210180,Jianhua,Vural,9999-01-01,Assistant Engineer
210181,Kasturi,Janocha,9999-01-01,Senior Engineer
210182,Patricio,Junet,9999-01-01,Staff
210187,Randi,Rosaz,9999-01-01,Senior Engineer
210194,Sanjit,Flowers,9999-01-01,Engineer
210205,Richard,Cronan,9999-01-01,Senior Staff
210206,Bikash,Munck,9999-01-01,Senior Staff
210212,Jongsuk,Vitiello,9999-01-01,Senior Staff
210216,Fumitake,Feldmann,9999-01-01,Engineer
210219,Serif,Encarnacion,9999-01-01,Senior Staff
210230,Chikako,Bage,9999-01-01,Engineer
210233,Qunsheng,Gornas,9999-01-01,Senior Staff
210245,Alenka,Mungall,9999-01-01,Engineer
210246,Pradeep,Gecsei,9999-01-01,Engineer
210247,Giao,Sewelson,9999-01-01,Engineer
210251,Fay,Frezza,9999-01-01,Engineer
210252,Mohammed,Rissanen,9999-01-01,Senior Engineer
210253,Jixiang,Scallan,9999-01-01,Senior Engineer
210277,Yoshimitsu,Carrere,9999-01-01,Engineer
210281,Slavian,Poupard,9999-01-01,Senior Engineer
210284,Vasilis,Kavvadias,9999-01-01,Senior Engineer
210287,Shushma,Krohm,9999-01-01,Engineer
210288,Oscar,DasSarma,9999-01-01,Senior Staff
210289,Roddy,Benantar,9999-01-01,Engineer
210291,Tze,Stenning,9999-01-01,Senior Engineer
210301,Karoline,Suri,9999-01-01,Staff
210302,Arun,Norsworthy,9999-01-01,Senior Staff
210315,Zhanqiu,Sabnani,9999-01-01,Senior Engineer
210319,Mechthild,Roohalamini,9999-01-01,Senior Staff
210321,Izaskun,Picco,9999-01-01,Senior Engineer
210323,Heng,Gluchowski,9999-01-01,Senior Engineer
210330,Bernardo,Andreotta,9999-01-01,Senior Engineer
210332,Golgen,Beerel,9999-01-01,Staff
210336,Noritoshi,Pero,9999-01-01,Engineer
210337,Utz,Rosch,9999-01-01,Senior Staff
210341,Tesuro,Ranon,9999-01-01,Senior Staff
210368,Jianhao,Peres,9999-01-01,Engineer
210374,Yuriy,Angot,9999-01-01,Senior Engineer
210386,Chinho,Gustavson,9999-01-01,Senior Engineer
210387,Elvia,Heuter,9999-01-01,Senior Engineer
210411,Lucian,Janetzko,9999-01-01,Engineer
210413,Idoia,Uehara,9999-01-01,Senior Staff
210418,Alejandro,Krogh,9999-01-01,Senior Engineer
210431,Giao,Diderrich,9999-01-01,Senior Staff
210434,Subhada,Swist,9999-01-01,Engineer
210437,Aleksandar,Pettis,9999-01-01,Senior Staff
210450,Vitaly,Perfilyeva,9999-01-01,Senior Engineer
210473,Aram,Terlouw,9999-01-01,Engineer
210477,DeForest,Keirsey,9999-01-01,Engineer
210478,Kwangsub,Mitina,9999-01-01,Engineer
210480,Aloys,Brendel,9999-01-01,Engineer
210482,Chenye,Perfilyeva,9999-01-01,Senior Engineer
210484,Masasuke,Gihr,9999-01-01,Senior Engineer
210485,Mitchel,Codenie,9999-01-01,Staff
210493,Arie,Lieblein,9999-01-01,Engineer
210504,Xuedong,Falck,9999-01-01,Senior Staff
210509,Shichao,Braunschweig,9999-01-01,Senior Staff
210513,Shen,Heystek,9999-01-01,Engineer
210523,Taisook,Sabnani,9999-01-01,Senior Engineer
210543,Zhensheng,Terwilliger,9999-01-01,Senior Staff
210545,Vincent,Waymire,9999-01-01,Staff
210554,Piyawadee,Beidas,9999-01-01,Senior Staff
210558,Bokyung,Sigstam,9999-01-01,Senior Staff
210563,Remco,Nastansky,9999-01-01,Staff
210568,Geraldo,Ertl,9999-01-01,Staff
210571,Hirochika,Peot,9999-01-01,Senior Staff
210575,Oscar,Lung,9999-01-01,Staff
210580,Yahiko,Maliniak,9999-01-01,Senior Staff
210590,Uli,Plavsic,9999-01-01,Senior Engineer
210611,Soenke,Lupu,9999-01-01,Senior Engineer
210618,Shunichi,Wolniewicz,9999-01-01,Staff
210620,Anyuan,Bierman,9999-01-01,Staff
210624,Poornachandra,Aloia,9999-01-01,Senior Engineer
210638,Xianlong,Bach,9999-01-01,Engineer
210644,Hsiangchu,Panangaden,9999-01-01,Senior Staff
210651,Toney,Eiron,9999-01-01,Senior Staff
210655,Naftaly,Gyorkos,9999-01-01,Senior Engineer
210664,Reinhard,Garrabrants,9999-01-01,Senior Engineer
210665,Billur,Hutton,9999-01-01,Engineer
210669,Kersti,Borovoy,9999-01-01,Senior Staff
210671,Serap,Tsukuda,9999-01-01,Staff
210677,Gor,Oehlmann,9999-01-01,Staff
210678,Subbu,Asmuth,9999-01-01,Engineer
210682,Bernardo,Jonsson,9999-01-01,Senior Engineer
210685,Isamu,Christ,9999-01-01,Senior Engineer
210702,Carrsten,Jeong,9999-01-01,Technique Leader
210710,Nevio,Farrar,9999-01-01,Staff
210718,Nikolaos,Kalafatis,9999-01-01,Senior Engineer
210721,Ayonca,Oppitz,9999-01-01,Staff
210723,Aria,Saoudi,9999-01-01,Senior Staff
210731,Renee,Benantar,9999-01-01,Senior Staff
210747,Doohun,Bratten,9999-01-01,Senior Staff
210751,Sanjeeva,Syrotiuk,9999-01-01,Senior Staff
210758,Parviz,Chinen,9999-01-01,Engineer
210764,Eberhardt,Fujisaki,9999-01-01,Staff
210765,Yuguang,Leppanen,9999-01-01,Staff
210772,Kotesh,Penttonen,9999-01-01,Engineer
210778,Kaijung,Tyugu,9999-01-01,Senior Engineer
210781,Yongdong,Shigei,9999-01-01,Staff
210787,Subhada,Setiz,9999-01-01,Technique Leader
210802,Christoph,Perz,9999-01-01,Staff
210821,Jayesh,Piancastelli,9999-01-01,Senior Engineer
210837,Sailaja,Varman,9999-01-01,Senior Staff
210842,Demin,Iwayama,9999-01-01,Engineer
210876,Wayne,Yamaashi,9999-01-01,Senior Staff
210888,Hidekazu,Argence,9999-01-01,Senior Staff
210889,Kiyokazu,Schmittgen,9999-01-01,Senior Staff
210891,Mahmut,Ranze,9999-01-01,Engineer
210897,Turgut,Snyers,9999-01-01,Senior Staff
210911,Taisook,Diderrich,9999-01-01,Engineer
210915,Mong,Velasco,9999-01-01,Engineer
210931,Fumitake,Slutz,9999-01-01,Senior Staff
210935,JoAnna,Prochazka,9999-01-01,Senior Engineer
210940,Pasqua,Akaboshi,9999-01-01,Staff
210975,Erzsebet,Marzano,9999-01-01,Engineer
210976,Khue,Kinley,9999-01-01,Senior Staff
210984,Toshiki,Angel,9999-01-01,Senior Engineer
210985,Reinhard,Bauknecht,9999-01-01,Staff
211008,Ziva,Vecchi,9999-01-01,Staff
211009,Unal,Barriga,9999-01-01,Senior Staff
211040,Jaihie,Nitsch,9999-01-01,Staff
211042,Hidekazu,Ertl,9999-01-01,Engineer
211047,Fayez,Plotkin,9999-01-01,Engineer
211063,Rafols,Mahmud,9999-01-01,Staff
211098,Thanasis,Benaini,9999-01-01,Technique Leader
211109,Shaunak,Manderick,9999-01-01,Senior Engineer
211133,Oscal,Ozery,9999-01-01,Senior Engineer
211148,Valeri,Khamsi,9999-01-01,Senior Engineer
211151,Gaetan,Hertweck,9999-01-01,Engineer
211157,Deniz,Levasseur,9999-01-01,Engineer
211163,Ranga,Joslin,9999-01-01,Senior Staff
211170,Sakthirel,Tiemann,9999-01-01,Senior Staff
211193,Yannis,Schapiro,9999-01-01,Senior Engineer
211208,Radhia,Erie,9999-01-01,Senior Engineer
211214,Heeju,Syang,9999-01-01,Senior Engineer
211234,Taisook,Rousseau,9999-01-01,Staff
211238,Supot,Raney,9999-01-01,Assistant Engineer
211250,Paloma,Luca,9999-01-01,Senior Engineer
211280,Masato,Rothenberg,9999-01-01,Senior Staff
211291,Pohua,Munoz,9999-01-01,Senior Staff
211293,Malu,Champarnaud,9999-01-01,Senior Engineer
211299,Jaber,Molberg,9999-01-01,Senior Engineer
211301,Khalid,Aingworth,9999-01-01,Senior Engineer
211304,Bowen,Hainaut,9999-01-01,Staff
211323,Margo,Collavizza,9999-01-01,Staff
211333,Geoffry,Tetzlaff,9999-01-01,Senior Staff
211350,Deborah,Zeilberger,9999-01-01,Staff
211361,Garnet,Candan,9999-01-01,Staff
211376,Sandeepan,Eiter,9999-01-01,Senior Staff
211389,Feiyu,Muniz,9999-01-01,Senior Staff
211394,Huican,Nicolson,9999-01-01,Senior Staff
211398,Vishwani,Thorensen,9999-01-01,Engineer
211410,Nevin,Pagter,9999-01-01,Senior Engineer
211427,Yechiam,Bala,9999-01-01,Senior Staff
211430,Udo,Gyimothy,9999-01-01,Staff
211433,Fei,Vitiello,9999-01-01,Engineer
211470,Domenico,Lorcy,9999-01-01,Senior Staff
211488,Zita,Awdeh,9999-01-01,Senior Engineer
211492,Arch,Openshaw,9999-01-01,Senior Staff
211494,Jasminko,Melichar,9999-01-01,Senior Staff
211498,Zsolt,Hambrick,9999-01-01,Technique Leader
211507,Yifei,Pelz,9999-01-01,Technique Leader
211517,Rance,Schapiro,9999-01-01,Staff
211524,Elgin,Xiaoshan,9999-01-01,Senior Staff
211534,Jianhua,Cardazo,9999-01-01,Senior Staff
211541,Perry,Albarhamtoshy,9999-01-01,Senior Engineer
211559,Macha,Flowers,9999-01-01,Technique Leader
211568,Maha,Escriba,9999-01-01,Staff
211576,Gilbert,Oaver,9999-01-01,Staff
211584,Sangeeta,Jarecki,9999-01-01,Engineer
211589,Temple,Barbanera,9999-01-01,Engineer
211596,Indrajit,Naumovich,9999-01-01,Staff
211599,Heekeun,Picaronny,9999-01-01,Engineer
211618,Tetsurou,Rabehasaina,9999-01-01,Engineer
211644,Menkae,Trogemann,9999-01-01,Senior Staff
211655,Giap,Aingworth,9999-01-01,Senior Engineer
211666,Nechama,Dratva,9999-01-01,Engineer
211668,Sigeru,Jarecki,9999-01-01,Engineer
211680,Teunis,Millington,9999-01-01,Senior Staff
211688,Hidefumi,Kobuchi,9999-01-01,Engineer
211698,Giao,Muniz,9999-01-01,Senior Engineer
211710,Sigeru,Senzako,9999-01-01,Engineer
211716,Roded,Lores,9999-01-01,Senior Staff
211735,Uwe,Busillo,9999-01-01,Engineer
211764,Ziyad,Selenyi,9999-01-01,Senior Engineer
211768,Aron,Avouris,9999-01-01,Staff
211778,Srinidhi,Zallocco,9999-01-01,Senior Engineer
211800,Remzi,Melter,9999-01-01,Technique Leader
211822,Duangkaew,Ellozy,9999-01-01,Engineer
211830,Sandeepan,Grospietsch,9999-01-01,Staff
211837,Billur,Porotnikoff,9999-01-01,Engineer
211841,Zongyan,Arlazarov,9999-01-01,Senior Engineer
211844,Naftali,Heyers,9999-01-01,Staff
211854,Eishiro,Rosar,9999-01-01,Engineer
211859,Gill,Krybus,9999-01-01,Engineer
211872,Hiroyasu,Boudaillier,9999-01-01,Staff
211875,Venkatesan,Azevdeo,9999-01-01,Staff
211897,Perry,Lalonde,9999-01-01,Senior Engineer
211901,Oscar,Birjandi,9999-01-01,Engineer
211925,Christophe,Rodiger,9999-01-01,Technique Leader
211931,Sailaja,Maksimenko,9999-01-01,Staff
211950,Suzette,Conde,9999-01-01,Staff
211963,Giao,Janocha,9999-01-01,Senior Engineer
211975,Chaitali,Rosaz,9999-01-01,Senior Engineer
211978,Ottavia,Ritcey,9999-01-01,Technique Leader
211984,Nimmagadda,Kalefeld,9999-01-01,Staff
211990,Lenore,Farrar,9999-01-01,Senior Staff
211999,Frederique,Demian,9999-01-01,Technique Leader
212009,Shaowen,Boguraev,9999-01-01,Senior Engineer
212040,Bangqing,Lunt,9999-01-01,Senior Staff
212042,Sigeru,Brizzi,9999-01-01,Senior Staff
212050,Manton,Rissland,9999-01-01,Senior Staff
212056,Sangeeta,Perna,9999-01-01,Engineer
212064,Tayeb,Constantine,9999-01-01,Senior Staff
212072,Lorien,Billingsley,9999-01-01,Engineer
212094,Alassane,Schmezko,9999-01-01,Senior Staff
212102,Shahid,Stranks,9999-01-01,Engineer
212112,Radhakrishnan,Fraisse,9999-01-01,Senior Staff
212113,Leucio,Miara,9999-01-01,Senior Staff
212116,Shir,Leivant,9999-01-01,Senior Staff
212117,Gill,Hutter,9999-01-01,Senior Staff
212125,Xuedong,Rossi,9999-01-01,Engineer
212134,Halsur,Kalloufi,9999-01-01,Engineer
212136,IEEE,Muhlberg,9999-01-01,Senior Engineer
212139,Nikolaus,Norsworthy,9999-01-01,Senior Staff
212141,Slavian,Leijenhorst,9999-01-01,Senior Staff
212157,Shrikanth,Binkley,9999-01-01,Senior Staff
212159,Hinrich,Heyers,9999-01-01,Senior Staff
212161,Inderjeet,Lukaszewicz,9999-01-01,Senior Engineer
212168,Licheng,Rathonyi,9999-01-01,Assistant Engineer
212171,Valdiodio,Greibach,9999-01-01,Senior Engineer
212178,Alagu,Lodder,9999-01-01,Staff
212181,Zhiwei,Sundgren,9999-01-01,Staff
212191,Narain,Besancenot,9999-01-01,Engineer
212193,Kendra,Sadowski,9999-01-01,Technique Leader
212205,Golgen,Mungall,9999-01-01,Assistant Engineer
212210,Lokesh,Vakili,9999-01-01,Senior Staff
212213,Jaideep,Ozery,9999-01-01,Staff
212219,Yahiko,Solovay,9999-01-01,Senior Engineer
212243,Kwangho,Guenter,9999-01-01,Senior Engineer
212258,Nevin,Menhardt,9999-01-01,Technique Leader
212259,Vishu,Slaats,9999-01-01,Senior Staff
212260,Hsiangchu,Baek,9999-01-01,Senior Engineer
212268,Stamatina,Asser,9999-01-01,Senior Engineer
212291,Persi,Honiden,9999-01-01,Senior Engineer
212295,Shahid,Lukaszewicz,9999-01-01,Senior Engineer
212307,Leni,Kirkerud,9999-01-01,Senior Staff
212309,Ayakannu,Steinauer,9999-01-01,Staff
212333,Parto,Keirsey,9999-01-01,Staff
212334,Franziska,Bellmore,9999-01-01,Engineer
212336,Jacqueline,Litzkow,9999-01-01,Senior Staff
212338,Kamakshi,Leijenhorst,9999-01-01,Staff
212340,Kokou,Erol,9999-01-01,Engineer
212346,Arve,Akaboshi,9999-01-01,Engineer
212348,Gad,Butterworth,9999-01-01,Technique Leader
212355,Ortrun,Lubachevsky,9999-01-01,Engineer
212365,Leon,Champarnaud,9999-01-01,Senior Staff
212367,Khatoun,Krider,9999-01-01,Engineer
212409,Youpyo,Litzkow,9999-01-01,Engineer
212413,Sanjiv,Limongiello,9999-01-01,Staff
212423,Reinhold,Demke,9999-01-01,Senior Staff
212433,Zhensheng,Brodal,9999-01-01,Engineer
212441,Masaru,Ouhyoung,9999-01-01,Engineer
212479,Serge,Feldhoffer,9999-01-01,Senior Engineer
212482,Lubomir,Angiulli,9999-01-01,Staff
212521,Duangkaew,Borstler,9999-01-01,Staff
212522,Amabile,Pavlopoulou,9999-01-01,Technique Leader
212535,Kiyotoshi,Sevcikova,9999-01-01,Engineer
212565,Dulce,Meriste,9999-01-01,Senior Engineer
212567,Marjo,Veeraraghavan,9999-01-01,Senior Engineer
212591,Sigeru,Ravishankar,9999-01-01,Senior Staff
212602,Tua,Chiodo,9999-01-01,Senior Engineer
212618,Haldun,Anido,9999-01-01,Staff
212635,Carrsten,Krichel,9999-01-01,Senior Engineer
212643,Tetsurou,Malinowski,9999-01-01,Senior Engineer
212644,Garnik,Theuretzbacher,9999-01-01,Staff
212653,Geoffrey,Nyrup,9999-01-01,Senior Engineer
212673,Utpal,Mundy,9999-01-01,Senior Engineer
212677,Subbu,Demeyer,9999-01-01,Engineer
212687,Tomoyuki,Brlek,9999-01-01,Staff
212692,Abdulah,Pardalos,9999-01-01,Senior Engineer
212697,Yongmao,Raney,9999-01-01,Assistant Engineer
212699,Aleksander,Bierbaum,9999-01-01,Senior Engineer
212706,Fai,Remmers,9999-01-01,Senior Engineer
212723,Haldon,Nooteboom,9999-01-01,Senior Staff
212726,Frederique,Ramsey,9999-01-01,Senior Engineer
212737,Eckart,Mitchem,9999-01-01,Staff
212742,Gal,Melter,9999-01-01,Senior Staff
212750,Sajjan,Bednarek,9999-01-01,Senior Engineer
212758,Phule,Stasinski,9999-01-01,Senior Engineer
212762,Kauko,Lung,9999-01-01,Staff
212765,Marco,Schaar,9999-01-01,Senior Staff
212780,Yuchang,Asser,9999-01-01,Staff
212796,Troy,Eiron,9999-01-01,Senior Staff
212799,Abdelkader,Falby,9999-01-01,Senior Engineer
212800,Lihong,Hardjono,9999-01-01,Staff
212806,Keiichiro,Papadias,9999-01-01,Staff
212821,Atreye,Vingron,9999-01-01,Staff
212826,Leucio,Malabarba,9999-01-01,Staff
212830,Dines,Lenart,9999-01-01,Engineer
212854,Pranay,Hennings,9999-01-01,Technique Leader
212856,Kayoko,Bach,9999-01-01,Senior Engineer
212876,Stepehn,Simmel,9999-01-01,Senior Staff
212880,Sreekrishna,Hofting,9999-01-01,Engineer
212883,Denis,Hedayat,9999-01-01,Staff
212893,Perla,Conti,9999-01-01,Engineer
212902,Shounak,Speckmann,9999-01-01,Staff
212905,Zhonghui,McClure,9999-01-01,Engineer
212906,Sumant,Menhoudj,9999-01-01,Senior Engineer
212911,Chiranjit,Griswold,9999-01-01,Senior Engineer
212917,Weiye,Cesareni,9999-01-01,Senior Engineer
212940,Nahid,Syrzycki,9999-01-01,Engineer
212946,Kwun,Eiter,9999-01-01,Senior Staff
212950,Udi,Schiettecatte,9999-01-01,Engineer
212969,Tzu,Ecklund,9999-01-01,Senior Engineer
212989,Kasturi,Billawala,9999-01-01,Engineer
212992,Xiong,Ferretti,9999-01-01,Engineer
213001,Pragnesh,Cummings,9999-01-01,Engineer
213006,Gino,Biran,9999-01-01,Senior Engineer
213010,Magy,Lupu,9999-01-01,Senior Engineer
213024,Dipankar,Levasseur,9999-01-01,Senior Engineer
213025,Kinh,Nourani,9999-01-01,Staff
213035,Shuichi,Nitsche,9999-01-01,Staff
213039,Oldrich,Docker,9999-01-01,Staff
213040,Rimon,Coors,9999-01-01,Senior Engineer
213059,Mitchel,Seiwald,9999-01-01,Staff
213065,Aris,Zweizig,9999-01-01,Staff
213066,Udi,Skogmar,9999-01-01,Engineer
213069,Sajjad,Mikschl,9999-01-01,Staff
213071,Jacqueline,Demian,9999-01-01,Senior Staff
213073,Huai,Heemskerk,9999-01-01,Senior Staff
213083,Wonhee,Nishimukai,9999-01-01,Senior Staff
213090,Aleksandar,Sudkamp,9999-01-01,Staff
213096,Mandell,Takanami,9999-01-01,Staff
213101,Sajjad,Benveniste,9999-01-01,Senior Staff
213105,Basim,Steenbeek,9999-01-01,Senior Engineer
213126,Maia,Kolvik,9999-01-01,Senior Staff
213144,Patricio,Luon,9999-01-01,Senior Staff
213155,Mayuri,Kermarrec,9999-01-01,Staff
213164,Tadahiko,Maccarone,9999-01-01,Senior Engineer
213174,Muneo,Poupard,9999-01-01,Engineer
213180,Aiman,Heuser,9999-01-01,Engineer
213213,Zongyan,Rodite,9999-01-01,Senior Engineer
213228,Itzchak,Iwayama,9999-01-01,Senior Staff
213237,Radhika,Tagansky,9999-01-01,Senior Engineer
213243,Shay,Marshall,9999-01-01,Engineer
213271,Djenana,Acton,9999-01-01,Senior Staff
213275,Chenxi,Sankaranarayanan,9999-01-01,Senior Staff
213293,Rafols,Streng,9999-01-01,Technique Leader
213305,Takahira,Farris,9999-01-01,Staff
213310,Quingbo,Apsitis,9999-01-01,Assistant Engineer
213312,Aron,McFarlan,9999-01-01,Technique Leader
213339,Zhigen,Slobodova,9999-01-01,Senior Engineer
213342,Randy,Knightly,9999-01-01,Senior Engineer
213353,Diederik,Gecsel,9999-01-01,Senior Staff
213357,Collette,Businaro,9999-01-01,Engineer
213360,Debaprosad,Antonakopoulos,9999-01-01,Senior Engineer
213362,Emdad,Vendrig,9999-01-01,Senior Engineer
213387,Jacopo,England,9999-01-01,Senior Engineer
213393,Hauke,Rossi,9999-01-01,Technique Leader
213407,Gino,Mandell,9999-01-01,Staff
213426,Demin,Lenart,9999-01-01,Staff
213455,Chenye,Lorho,9999-01-01,Senior Staff
213480,Dinah,Srimani,9999-01-01,Senior Staff
213482,Huei,Chaudhury,9999-01-01,Senior Staff
213490,Gino,Bugrara,9999-01-01,Engineer
213491,Sashi,Kaiser,9999-01-01,Engineer
213508,Somnath,Binding,9999-01-01,Senior Engineer
213513,Bluma,Zyda,9999-01-01,Engineer
213525,Kamran,Hellwagner,9999-01-01,Senior Staff
213526,Fox,Srimani,9999-01-01,Senior Staff
213529,Shaibal,Schusler,9999-01-01,Engineer
213558,Vidya,Gunderson,9999-01-01,Senior Engineer
213567,Pasqua,Redmiles,9999-01-01,Engineer
213592,Kwok,Schaaf,9999-01-01,Engineer
213623,Valeri,Hambrick,9999-01-01,Engineer
213631,Yongmin,Beilner,9999-01-01,Engineer
213647,Douadi,Sethi,9999-01-01,Senior Staff
213662,Parke,Rosen,9999-01-01,Technique Leader
213667,Martina,Birch,9999-01-01,Engineer
213670,Fei,Dolinsky,9999-01-01,Assistant Engineer
213734,Boaz,Sessa,9999-01-01,Senior Staff
213736,Selwyn,Reistad,9999-01-01,Engineer
213756,Jaideep,Awdeh,9999-01-01,Senior Staff
213760,Moni,Greibach,9999-01-01,Senior Engineer
213778,Licheng,Pintelas,9999-01-01,Staff
213779,Shooichi,Improta,9999-01-01,Staff
213784,Premsyl,Takanami,9999-01-01,Senior Staff
213786,Adas,Deyuan,9999-01-01,Staff
213798,Dzung,Randt,9999-01-01,Engineer
213801,Aruna,Alameldin,9999-01-01,Senior Staff
213810,Chuanti,Sommen,9999-01-01,Senior Staff
213823,Shih,Lorho,9999-01-01,Engineer
213826,Subhash,Chenoweth,9999-01-01,Assistant Engineer
213834,Shuji,Impagliazzo,9999-01-01,Senior Staff
213839,Danny,Kakkar,9999-01-01,Senior Staff
213843,Chaoyi,Plump,9999-01-01,Senior Staff
213849,Annemarie,Gilg,9999-01-01,Engineer
213851,Vivian,Fairtlough,9999-01-01,Senior Engineer
213863,Nimmagadda,Saoudi,9999-01-01,Senior Engineer
213864,Marl,Isard,9999-01-01,Senior Staff
213867,Leni,Thimonier,9999-01-01,Senior Staff
213904,Mari,Kropatsch,9999-01-01,Senior Staff
213906,Sven,Gerteisen,9999-01-01,Staff
213935,Rosita,Kaminger,9999-01-01,Technique Leader
213944,Goetz,Bondorf,9999-01-01,Staff
213955,Gianluca,Shackel,9999-01-01,Senior Staff
213961,Jaideep,Weedon,9999-01-01,Engineer
213962,Pranjal,Rahier,9999-01-01,Senior Staff
213964,Shawna,Limongiello,9999-01-01,Staff
213965,Ramalingam,Denny,9999-01-01,Senior Staff
213966,Mayumi,Schade,9999-01-01,Senior Engineer
213976,Leah,Sidou,9999-01-01,Engineer
213978,Jaewon,Eterovic,9999-01-01,Senior Engineer
213981,Kazuyasu,Melski,9999-01-01,Staff
213991,Miyeon,Erbe,9999-01-01,Staff
213997,Kerhong,Lambe,9999-01-01,Senior Engineer
214008,Zhigen,Thimonier,9999-01-01,Technique Leader
214010,Steen,Melski,9999-01-01,Senior Engineer
214024,Zhilian,Kroll,9999-01-01,Senior Engineer
214033,Genevieve,Junet,9999-01-01,Staff
214059,Shahar,McFarlin,9999-01-01,Technique Leader
214071,Jordanka,Goldhammer,9999-01-01,Engineer
214078,Surveyors,Merli,9999-01-01,Senior Staff
214090,Tsvetan,Janocha,9999-01-01,Senior Staff
214097,Hideyuki,Kroon,9999-01-01,Staff
214099,Holgard,Prenel,9999-01-01,Senior Engineer
214108,Chiradeep,Ellozy,9999-01-01,Senior Staff
214121,Saddek,Luks,9999-01-01,Senior Engineer
214144,Duke,Oppitz,9999-01-01,Assistant Engineer
214145,Steen,Ravishankar,9999-01-01,Senior Staff
214161,Tsz,Strehl,9999-01-01,Staff
214166,Goncalo,Worfolk,9999-01-01,Senior Engineer
214167,Zvonko,Reinhart,9999-01-01,Senior Staff
214171,Sergi,Saoudi,9999-01-01,Engineer
214183,Nathalie,Parfitt,9999-01-01,Senior Staff
214189,Panayotis,Junot,9999-01-01,Senior Engineer
214204,Alexius,Glowinski,9999-01-01,Senior Staff
214211,Miomir,Peres,9999-01-01,Engineer
214216,Stabislas,Billawala,9999-01-01,Engineer
214241,Toshimo,Strandh,9999-01-01,Engineer
214252,Katsuo,Granlund,9999-01-01,Staff
214261,Terresa,Munch,9999-01-01,Engineer
214302,Xiadong,Siegrist,9999-01-01,Technique Leader
214307,Adam,Lamma,9999-01-01,Senior Engineer
214311,Bodh,Potthoff,9999-01-01,Senior Staff
214317,Thodoros,Kugler,9999-01-01,Staff
214327,Jaewoo,Solares,9999-01-01,Staff
214358,Ravishankar,Pileggi,9999-01-01,Senior Staff
214364,Kwangho,Siksek,9999-01-01,Staff
214376,Jingling,Krogh,9999-01-01,Engineer
214385,Mechthild,Yemenis,9999-01-01,Senior Staff
214394,Faiza,DeMori,9999-01-01,Staff
214401,Jiakeng,Sanella,9999-01-01,Staff
214414,Xuedong,Koyama,9999-01-01,Senior Engineer
214430,Kirk,Hofman,9999-01-01,Engineer
214436,Ashish,Panangaden,9999-01-01,Staff
214441,Padma,Sgarro,9999-01-01,Senior Staff
214445,Shaw,Decleir,9999-01-01,Assistant Engineer
214446,Barry,Mersereau,9999-01-01,Assistant Engineer
214448,Gay,Baby,9999-01-01,Senior Engineer
214451,Tristan,Scallan,9999-01-01,Senior Staff
214491,Ulf,Cromarty,9999-01-01,Engineer
214496,Gunilla,Halevi,9999-01-01,Staff
214506,Vishv,Fortenbacher,9999-01-01,Engineer
214508,Arvin,Limongiello,9999-01-01,Senior Engineer
214511,Masaki,Marquardt,9999-01-01,Senior Engineer
214522,Otmar,Flanders,9999-01-01,Senior Engineer
214535,Sampalli,Demir,9999-01-01,Senior Engineer
214540,Boaz,Butner,9999-01-01,Senior Staff
214556,Yinghua,Tagansky,9999-01-01,Senior Staff
214560,Pradeep,Erez,9999-01-01,Senior Staff
214563,Basil,Ramras,9999-01-01,Engineer
214591,Mohua,Luders,9999-01-01,Staff
214605,Mario,Rosenbaum,9999-01-01,Engineer
214616,Phillip,Paciorek,9999-01-01,Engineer
214622,Shaw,Peha,9999-01-01,Staff
214663,Bangqing,Baez,9999-01-01,Senior Engineer
214665,Mana,Eickenmeyer,9999-01-01,Assistant Engineer
214674,Zissis,Saoudi,9999-01-01,Senior Staff
214681,Edwin,Dulli,9999-01-01,Engineer
214682,Jaroslava,Neimat,9999-01-01,Senior Staff
214693,Garnet,Kuzuoka,9999-01-01,Senior Engineer
214706,Marlo,Kitai,9999-01-01,Senior Staff
214716,Hironobu,Makrucki,9999-01-01,Senior Staff
214719,Tristan,Skrikant,9999-01-01,Senior Engineer
214727,Berthier,Koprowski,9999-01-01,Engineer
214738,Caolyn,Cunliffe,9999-01-01,Engineer
214741,Xiahua,Piazza,9999-01-01,Senior Engineer
214746,Mohan,Ishibashi,9999-01-01,Senior Staff
214758,Remmert,Bruckman,9999-01-01,Senior Engineer
214765,Jongsuk,Keustermans,9999-01-01,Senior Staff
214768,Yakichi,Guardalben,9999-01-01,Engineer
214779,Denis,Nitsche,9999-01-01,Senior Staff
214785,Arif,Sigstam,9999-01-01,Engineer
214788,Sadun,Zschoche,9999-01-01,Assistant Engineer
214791,Mana,Ligten,9999-01-01,Engineer
214794,Val,Ibel,9999-01-01,Staff
214796,Leah,Cronau,9999-01-01,Senior Staff
214811,Serap,Kalloufi,9999-01-01,Engineer
214812,Marl,Nannarelli,9999-01-01,Staff
214823,Aleksandar,Azulay,9999-01-01,Senior Engineer
214826,Susuma,Merey,9999-01-01,Engineer
214858,Yongdong,Kushner,9999-01-01,Senior Engineer
214862,Ziva,Basagni,9999-01-01,Senior Staff
214874,Hironoby,Ventosa,9999-01-01,Staff
214876,Shuho,Domenig,9999-01-01,Senior Staff
214892,Shim,Ducloy,9999-01-01,Staff
214920,Ipke,Caine,9999-01-01,Staff
214921,Hsiangchu,Byoun,9999-01-01,Engineer
214935,Makato,Hiroyama,9999-01-01,Senior Engineer
214954,Marko,Mandell,9999-01-01,Assistant Engineer
214955,Yunming,Puppo,9999-01-01,Staff
214960,Yolla,Koblick,9999-01-01,Senior Staff
214965,Toshiki,Zeleznik,9999-01-01,Assistant Engineer
214970,Arfst,Belinskaya,9999-01-01,Staff
214973,Susanta,Conde,9999-01-01,Senior Engineer
214984,Tomofumi,Yurov,9999-01-01,Senior Staff
215007,Georgy,Radwan,9999-01-01,Senior Staff
215008,Mechthild,Alpin,9999-01-01,Senior Engineer
215016,Uinam,Sullins,9999-01-01,Senior Engineer
215021,Horward,Staylopatis,9999-01-01,Senior Engineer
215029,Basant,Brender,9999-01-01,Senior Staff
215039,Boutros,Stellhorn,9999-01-01,Senior Engineer
215055,Percy,Percebois,9999-01-01,Engineer
215102,Horward,Puoti,9999-01-01,Senior Staff
215104,Giap,Guting,9999-01-01,Senior Staff
215109,Irena,Matzke,9999-01-01,Staff
215111,Sajjad,Dahlbom,9999-01-01,Senior Engineer
215116,Val,Holburn,9999-01-01,Assistant Engineer
215123,Sangeeta,Angelopoulos,9999-01-01,Staff
215124,Gaetan,Waschkowski,9999-01-01,Senior Staff
215132,Karoline,Perz,9999-01-01,Senior Engineer
215142,Danil,Kushner,9999-01-01,Staff
215155,Hideyuki,Erdi,9999-01-01,Assistant Engineer
215156,Kensei,Conti,9999-01-01,Engineer
215168,Houman,Hellwagner,9999-01-01,Senior Staff
215172,Sukumar,Vigier,9999-01-01,Senior Engineer
215177,Siamak,Tomescu,9999-01-01,Senior Staff
215179,Aleksander,Soicher,9999-01-01,Senior Staff
215188,Temple,Zhiwei,9999-01-01,Senior Staff
215212,Sigeru,Birnbaum,9999-01-01,Engineer
215218,Shiv,Cappello,9999-01-01,Staff
215228,Annemarie,Rando,9999-01-01,Staff
215233,Constantijn,Schiettecatte,9999-01-01,Staff
215244,Duangkaew,Farrow,9999-01-01,Senior Engineer
215247,Tonny,Hellwagner,9999-01-01,Staff
215248,Dmitri,Sinicrope,9999-01-01,Engineer
215262,Naraig,Meszaros,9999-01-01,Engineer
215277,Ewing,Bach,9999-01-01,Senior Staff
215281,Tomofumi,Onuegbe,9999-01-01,Senior Engineer
215282,Panayotis,Stasinski,9999-01-01,Staff
215285,Kazuhira,Osgood,9999-01-01,Staff
215289,Eckart,Anger,9999-01-01,Senior Engineer
215291,Haldun,Raoux,9999-01-01,Engineer
215310,Sampalli,Dalton,9999-01-01,Engineer
215326,Danae,Furudate,9999-01-01,Staff
215329,Gregory,Doering,9999-01-01,Engineer
215335,Shuky,Kalafatis,9999-01-01,Senior Staff
215338,Hidde,Rodier,9999-01-01,Engineer
215345,Toshimori,Hertweck,9999-01-01,Staff
215355,Amabile,Pehl,9999-01-01,Engineer
215360,Francesca,Meszaros,9999-01-01,Staff
215370,Kristina,Leuchs,9999-01-01,Senior Staff
215371,Yahiko,Chinin,9999-01-01,Senior Staff
215373,Barry,Simmel,9999-01-01,Senior Staff
215374,Hatim,Szilard,9999-01-01,Engineer
215379,Martina,Muntz,9999-01-01,Engineer
215383,Xuejun,Kushner,9999-01-01,Senior Staff
215402,Sanjiv,Prochazka,9999-01-01,Staff
215438,Bernd,Magalhaes,9999-01-01,Senior Engineer
215467,Xinyu,Capobianchi,9999-01-01,Staff
215471,Nechama,Dehkordi,9999-01-01,Engineer
215480,Guther,Perly,9999-01-01,Engineer
215482,Samphel,Peac,9999-01-01,Senior Staff
215483,Tayeb,Schieder,9999-01-01,Staff
215499,Boriana,Cherinka,9999-01-01,Engineer
215511,Jaroslava,Waterhouse,9999-01-01,Engineer
215513,Sigeru,Litzkow,9999-01-01,Staff
215523,Feixiong,Emmerich,9999-01-01,Staff
215549,Mara,Georgatos,9999-01-01,Staff
215567,Gennady,Bernick,9999-01-01,Staff
215575,Tran,Hofting,9999-01-01,Senior Engineer
215576,Takushi,Anger,9999-01-01,Staff
215616,Sachar,Aloisi,9999-01-01,Technique Leader
215620,Aiichiro,Baik,9999-01-01,Senior Engineer
215626,Murthy,Schusler,9999-01-01,Senior Engineer
215643,Nidapan,Staelin,9999-01-01,Senior Engineer
215648,Jeanna,Jahnichen,9999-01-01,Engineer
215654,Zvonko,Jakobus,9999-01-01,Senior Engineer
215656,Shawna,Sankaranarayanan,9999-01-01,Staff
215664,Aleksandar,Verhoeff,9999-01-01,Senior Staff
215680,Lokesh,Billingsley,9999-01-01,Assistant Engineer
215685,Filipe,Nooteboom,9999-01-01,Senior Engineer
215693,Hidefumi,Emmart,9999-01-01,Technique Leader
215695,Jasminko,Wendorf,9999-01-01,Technique Leader
215696,Nigel,Iisaka,9999-01-01,Staff
215697,Tooru,Bardell,9999-01-01,Technique Leader
215713,Radhakrishnan,Engberts,9999-01-01,Staff
215718,Weiwu,Luan,9999-01-01,Senior Staff
215726,Khosrow,Michaels,9999-01-01,Senior Staff
215730,Amalendu,Peek,9999-01-01,Senior Engineer
215731,Xiping,Emmerich,9999-01-01,Senior Engineer
215734,Gina,Bahi,9999-01-01,Technique Leader
215739,Masaki,Scallan,9999-01-01,Engineer
215745,Lidong,Suppi,9999-01-01,Senior Staff
215747,Fan,Czap,9999-01-01,Engineer
215776,Adas,Ashish,9999-01-01,Senior Engineer
215783,Sverrir,Prochazka,9999-01-01,Staff
215785,Zita,Tetzlaff,9999-01-01,Senior Staff
215801,Alejandra,Underwood,9999-01-01,Engineer
215829,Boaz,Jumpertz,9999-01-01,Engineer
215831,Halsur,Ferriere,9999-01-01,Engineer
215848,Arnd,Chenoweth,9999-01-01,Senior Staff
215855,Fan,Snedden,9999-01-01,Senior Engineer
215871,Naraig,Lores,9999-01-01,Senior Engineer
215890,Denis,Kroon,9999-01-01,Engineer
215900,Yoshimitsu,Chvatal,9999-01-01,Senior Engineer
215917,Mohua,Valette,9999-01-01,Engineer
215924,Bojan,Rotem,9999-01-01,Staff
215941,Atilio,Herber,9999-01-01,Technique Leader
215946,Josyula,Barbanera,9999-01-01,Senior Engineer
215963,Luigi,Chinen,9999-01-01,Staff
215966,Kayoko,Angot,9999-01-01,Assistant Engineer
215974,Shay,Karlin,9999-01-01,Staff
215980,Dipayan,Irland,9999-01-01,Engineer
215989,Kersti,Hofting,9999-01-01,Engineer
216016,Zhonghui,Schwaller,9999-01-01,Senior Engineer
216020,Taiji,Gurbaxani,9999-01-01,Engineer
216028,Guadalupe,Hofmeyr,9999-01-01,Engineer
216032,Alain,Senzako,9999-01-01,Senior Engineer
216034,Marit,Pollacia,9999-01-01,Senior Engineer
216038,Nahla,Alameldin,9999-01-01,Senior Engineer
216047,Gil,Cooke,9999-01-01,Senior Engineer
216071,Guadalupe,Edelhoff,9999-01-01,Senior Engineer
216075,Nimmagadda,Kranzdorf,9999-01-01,Staff
216102,Baziley,Vingron,9999-01-01,Senior Staff
216116,Yuuichi,Petersohn,9999-01-01,Senior Staff
216127,Steve,Farrag,9999-01-01,Technique Leader
216128,Syozo,Schneeberger,9999-01-01,Senior Engineer
216131,Paloma,Schaft,9999-01-01,Staff
216132,Hironoby,Rodiger,9999-01-01,Senior Staff
216138,Giordano,Shanbhogue,9999-01-01,Engineer
216153,Masato,Boguraev,9999-01-01,Senior Engineer
216160,Nathan,Kusakari,9999-01-01,Engineer
216177,Nagui,Mattern,9999-01-01,Engineer
216180,Kristin,Ranka,9999-01-01,Technique Leader
216181,Susuma,Biran,9999-01-01,Staff
216186,Kazuhito,Schaar,9999-01-01,Technique Leader
216191,Yuuichi,Bernick,9999-01-01,Technique Leader
216193,Arne,Rosen,9999-01-01,Staff
216230,Adib,Kabayashi,9999-01-01,Technique Leader
216233,Sushant,Crooks,9999-01-01,Engineer
216238,Weijing,Leppanen,9999-01-01,Engineer
216244,Hilari,Wursthorn,9999-01-01,Staff
216250,Jaana,Zweizig,9999-01-01,Senior Staff
216270,Jeong,Kohling,9999-01-01,Technique Leader
216275,Shirish,Einsfeld,9999-01-01,Engineer
216284,Maris,Vigier,9999-01-01,Senior Engineer
216291,Patricia,Kuszyk,9999-01-01,Engineer
216294,Keiichiro,Kalefeld,9999-01-01,Senior Staff
216295,Kerhong,Siegrist,9999-01-01,Staff
216301,Yannis,Kilgour,9999-01-01,Senior Staff
216318,Guozhong,Maierhofer,9999-01-01,Engineer
216321,Masami,Lores,9999-01-01,Senior Staff
216326,Pantung,Zizka,9999-01-01,Staff
216327,Morris,Heuter,9999-01-01,Senior Engineer
216348,Gro,Ernst,9999-01-01,Engineer
216354,Nishit,Argence,9999-01-01,Engineer
216389,Garnik,Naudin,9999-01-01,Engineer
216390,Sergi,Keustermans,9999-01-01,Technique Leader
216392,Ziyad,Baer,9999-01-01,Senior Staff
216393,Masami,Hockney,9999-01-01,Staff
216395,Sakthirel,Ohori,9999-01-01,Senior Staff
216397,Feixiong,Brodal,9999-01-01,Senior Staff
216415,Gererd,Vadhan,9999-01-01,Engineer
216422,Manibrata,Crooks,9999-01-01,Senior Engineer
216423,Boaz,Lorcy,9999-01-01,Engineer
216443,Troy,Pero,9999-01-01,Senior Engineer
216449,Radhika,Billingsley,9999-01-01,Engineer
216460,Tetsushi,Gerteisen,9999-01-01,Senior Engineer
216468,Gila,Cronan,9999-01-01,Engineer
216474,Kristian,Swist,9999-01-01,Engineer
216496,Holgard,Shihab,9999-01-01,Engineer
216500,Angus,Eldridge,9999-01-01,Senior Engineer
216530,Jiann,Marrakchi,9999-01-01,Senior Staff
216532,Dung,Merli,9999-01-01,Engineer
216545,Sorina,Danley,9999-01-01,Engineer
216549,Menkae,Raney,9999-01-01,Senior Staff
216554,Ewing,Litzler,9999-01-01,Senior Engineer
216559,Munir,Heinisuo,9999-01-01,Staff
216578,Koichi,Plesums,9999-01-01,Engineer
216580,Susuma,Facello,9999-01-01,Senior Staff
216583,Shir,Dehkordi,9999-01-01,Staff
216599,Marsja,Pettey,9999-01-01,Senior Staff
216602,Stamatina,Peron,9999-01-01,Staff
216615,Yechiam,Busillo,9999-01-01,Senior Engineer
216619,Ulises,Reistad,9999-01-01,Staff
216641,Florian,Ginneken,9999-01-01,Senior Engineer
216642,Kazuhiko,Mondadori,9999-01-01,Senior Staff
216643,Luisa,Camurati,9999-01-01,Senior Engineer
216658,Bogdan,Scallan,9999-01-01,Staff
216659,Munehiko,Carrera,9999-01-01,Senior Staff
216668,Kellie,Rodite,9999-01-01,Senior Staff
216670,Sreenivas,Paludetto,9999-01-01,Senior Staff
216678,Khatoun,Laurillard,9999-01-01,Senior Staff
216683,Mayuko,Rattan,9999-01-01,Staff
216684,Sugwoo,Wendorf,9999-01-01,Senior Staff
216703,Visit,Zolotykh,9999-01-01,Senior Engineer
216720,Xinan,Etalle,9999-01-01,Engineer
216722,Leen,Sudbeck,9999-01-01,Engineer
216734,Yakkov,Swist,9999-01-01,Senior Engineer
216748,Salvador,Jervis,9999-01-01,Staff
216750,Charmane,Farris,9999-01-01,Engineer
216778,Yunming,Wegerle,9999-01-01,Senior Staff
216789,Eben,Ghemri,9999-01-01,Assistant Engineer
216798,Rimon,Nitsch,9999-01-01,Senior Staff
216801,Heon,Vasanthakumar,9999-01-01,Senior Staff
216809,Moni,Winter,9999-01-01,Staff
216813,Atreye,Lorys,9999-01-01,Senior Staff
216854,Kirk,Reeker,9999-01-01,Senior Engineer
216860,Akeel,Monkewich,9999-01-01,Engineer
216885,Fumiya,Leuchs,9999-01-01,Engineer
216896,Suebskul,Pelc,9999-01-01,Engineer
216904,Khosrow,Leivant,9999-01-01,Engineer
216927,Susumu,Welham,9999-01-01,Senior Staff
216934,Nagui,Krzyzanowski,9999-01-01,Engineer
216947,Utz,Vernadat,9999-01-01,Assistant Engineer
216959,Shimshon,Reistad,9999-01-01,Staff
216965,Badri,Birke,9999-01-01,Staff
216975,Branimir,Salverda,9999-01-01,Senior Engineer
216984,Maya,Swen,9999-01-01,Senior Staff
216996,Gift,Jansen,9999-01-01,Senior Engineer
217008,Mokhtar,Makinen,9999-01-01,Staff
217024,Valdiodio,Peternell,9999-01-01,Engineer
217062,Candido,Cappello,9999-01-01,Engineer
217070,Aksel,Gargeya,9999-01-01,Staff
217078,Parviz,Huhdanpaa,9999-01-01,Staff
217081,Mamdouh,Buescher,9999-01-01,Assistant Engineer
217099,Jolita,Cyne,9999-01-01,Senior Staff
217105,Khedija,Soloway,9999-01-01,Staff
217106,Yuping,Cannane,9999-01-01,Senior Engineer
217109,Arra,Ossenbruggen,9999-01-01,Engineer
217118,Goncalo,Seiwald,9999-01-01,Senior Staff
217125,Tuval,Maliniak,9999-01-01,Staff
217144,Aris,Picht,9999-01-01,Senior Engineer
217156,Shaowen,Mansanne,9999-01-01,Senior Staff
217163,Mohua,Schaap,9999-01-01,Senior Engineer
217168,Mahmut,Heystek,9999-01-01,Engineer
217173,Torsten,Krichel,9999-01-01,Staff
217179,Kerhong,Khasidashvili,9999-01-01,Senior Engineer
217187,Duri,Hedayat,9999-01-01,Engineer
217188,Leszek,Bach,9999-01-01,Senior Staff
217199,Miomir,Saoudi,9999-01-01,Staff
217200,Xinyu,Hutter,9999-01-01,Engineer
217265,Shimshon,Glinert,9999-01-01,Staff
217276,Billur,Schapire,9999-01-01,Senior Engineer
217283,Khosrow,Falco,9999-01-01,Technique Leader
217299,Martins,Gill,9999-01-01,Senior Engineer
217312,Zorica,Rodham,9999-01-01,Senior Engineer
217315,Garnik,Neimat,9999-01-01,Engineer
217319,Uzi,Makrucki,9999-01-01,Senior Staff
217322,Pascal,Munro,9999-01-01,Senior Engineer
217332,Jahangir,Olivero,9999-01-01,Senior Staff
217336,Jungsoon,Usdin,9999-01-01,Senior Staff
217342,Paris,Perng,9999-01-01,Senior Staff
217347,Mechthild,Perri,9999-01-01,Engineer
217349,Atreyi,Zeleznik,9999-01-01,Senior Staff
217350,Bernardo,Bauknecht,9999-01-01,Senior Staff
217377,Zhaofang,Gecsei,9999-01-01,Senior Engineer
217385,Sadun,Smailagic,9999-01-01,Senior Staff
217386,Uzi,Dengi,9999-01-01,Engineer
217396,Soenke,Flowers,9999-01-01,Senior Engineer
217418,Nikolaos,Puppo,9999-01-01,Senior Engineer
217434,Kwun,Unno,9999-01-01,Engineer
217451,Sanjoy,Giarratana,9999-01-01,Senior Staff
217453,Goo,Ishibashi,9999-01-01,Engineer
217471,Josyula,Coors,9999-01-01,Senior Engineer
217484,Subhrajyoti,Nivat,9999-01-01,Senior Engineer
217497,Karsten,Monarch,9999-01-01,Senior Engineer
217509,Saeed,Beutelspacher,9999-01-01,Engineer
217523,Abdulla,Zolotykh,9999-01-01,Senior Engineer
217528,Inderjeet,Lalonde,9999-01-01,Engineer
217534,Emran,Guting,9999-01-01,Senior Engineer
217549,Mitchel,Serna,9999-01-01,Senior Staff
217558,Oldrich,Bugaenko,9999-01-01,Senior Engineer
217559,Taizo,Cappelli,9999-01-01,Staff
217561,Kiyotoshi,Ananiadou,9999-01-01,Senior Staff
217564,Marie,Schnabel,9999-01-01,Staff
217565,Fai,Lorin,9999-01-01,Senior Staff
217574,Roded,Gelosh,9999-01-01,Senior Staff
217598,Piyawadee,Przulj,9999-01-01,Senior Engineer
217606,Khalid,Luit,9999-01-01,Technique Leader
217624,Guadalupe,Rajaraman,9999-01-01,Senior Staff
217642,Nectarios,Lieberherr,9999-01-01,Engineer
217643,Guangming,Oxman,9999-01-01,Senior Staff
217649,Lidong,Potthoff,9999-01-01,Senior Staff
217653,Jackson,Awdeh,9999-01-01,Staff
217661,Chenxi,Janetzko,9999-01-01,Staff
217662,Marla,Parveen,9999-01-01,Senior Engineer
217687,Georg,Schwabacher,9999-01-01,Senior Engineer
217699,Khue,Vesna,9999-01-01,Engineer
217714,Sajjad,Coors,9999-01-01,Senior Staff
217734,Tayeb,Eldridge,9999-01-01,Staff
217746,Shih,Pelc,9999-01-01,Senior Staff
217753,Maria,Birge,9999-01-01,Engineer
217764,Ingmar,Massonet,9999-01-01,Engineer
217768,Bikash,Merro,9999-01-01,Senior Engineer
217775,Becky,Pusterhofer,9999-01-01,Engineer
217813,Seongbin,Linnainmaa,9999-01-01,Technique Leader
217820,Beshir,Crabtree,9999-01-01,Senior Engineer
217824,Tomofumi,Ranai,9999-01-01,Senior Staff
217844,Hideo,Munch,9999-01-01,Technique Leader
217845,Deborah,Matheson,9999-01-01,Technique Leader
217856,Toshimi,Gimarc,9999-01-01,Senior Staff
217870,JoAnna,Simmel,9999-01-01,Senior Engineer
217873,Gro,Uchoa,9999-01-01,Senior Engineer
217876,Leah,Kossowski,9999-01-01,Assistant Engineer
217879,Dmitry,Manders,9999-01-01,Staff
217888,Parke,Speer,9999-01-01,Staff
217928,Yishay,Showalter,9999-01-01,Engineer
217939,Constantine,Masada,9999-01-01,Senior Engineer
217945,Shmuel,Georg,9999-01-01,Senior Staff
217955,Marit,Cairo,9999-01-01,Engineer
217961,Makato,Fortenbacher,9999-01-01,Technique Leader
217963,Vojin,Badache,9999-01-01,Staff
217967,Candido,Merli,9999-01-01,Senior Staff
217969,Irena,Hardjono,9999-01-01,Staff
217970,Frazer,Escriba,9999-01-01,Staff
217973,Geoffry,Underwood,9999-01-01,Engineer
217977,Shahaf,Eldridge,9999-01-01,Engineer
217986,Aiichiro,Auria,9999-01-01,Senior Engineer
217991,Kenton,Reinhard,9999-01-01,Staff
217998,Dipankar,Murthy,9999-01-01,Engineer
218029,Vivian,Lortz,9999-01-01,Senior Staff
218044,Maia,Veevers,9999-01-01,Staff
218048,Michaela,Kaiserswerth,9999-01-01,Staff
218051,Seongbin,Czap,9999-01-01,Staff
218061,Adas,Rusterholz,9999-01-01,Senior Engineer
218083,Ashish,Cannata,9999-01-01,Staff
218098,Shietung,Conia,9999-01-01,Staff
218119,Giri,Mahmud,9999-01-01,Staff
218128,Saeed,Bierbaum,9999-01-01,Engineer
218138,Kazunori,Malabarba,9999-01-01,Senior Engineer
218158,Goh,Siksek,9999-01-01,Staff
218167,Diederik,Fargier,9999-01-01,Senior Staff
218178,JiYoung,Brickell,9999-01-01,Engineer
218183,Zsolt,Papastamatiou,9999-01-01,Senior Staff
218189,Vishv,Rindone,9999-01-01,Assistant Engineer
218192,Mandell,Paludetto,9999-01-01,Senior Engineer
218195,Niteen,Poujol,9999-01-01,Engineer
218200,Martien,Szilard,9999-01-01,Engineer
218201,Harjit,Ashish,9999-01-01,Senior Staff
218210,Kinh,Nitto,9999-01-01,Senior Staff
218212,Navin,Cheshire,9999-01-01,Staff
218214,Tonia,Montresor,9999-01-01,Engineer
218215,Subhrajyoti,Pargaonkar,9999-01-01,Engineer
218217,Wuxu,Bernick,9999-01-01,Senior Staff
218228,Francesca,Auyong,9999-01-01,Staff
218254,Susanna,Eugenio,9999-01-01,Senior Staff
218264,Kenton,Uludag,9999-01-01,Senior Engineer
218267,Dzung,Terekhov,9999-01-01,Engineer
218272,Gay,Boreale,9999-01-01,Senior Staff
218275,Mayuri,Furudate,9999-01-01,Senior Engineer
218276,Youjian,Ranze,9999-01-01,Senior Staff
218280,Olivera,Gist,9999-01-01,Engineer
218291,Martine,Kalloufi,9999-01-01,Senior Staff
218303,Oscal,Thorensen,9999-01-01,Staff
218319,Kitty,Speer,9999-01-01,Senior Staff
218358,Takushi,Picel,9999-01-01,Technique Leader
218408,Alair,McClurg,9999-01-01,Engineer
218414,Shay,Basagni,9999-01-01,Senior Engineer
218415,Arto,Farris,9999-01-01,Senior Engineer
218417,Moto,Aamodt,9999-01-01,Engineer
218423,Arlette,Munro,9999-01-01,Engineer
218432,Eran,Pettit,9999-01-01,Senior Staff
218435,Sanjiv,Mayerwieser,9999-01-01,Senior Engineer
218439,Amstein,Jonsson,9999-01-01,Staff
218441,Yechezkel,Lundstrom,9999-01-01,Senior Engineer
218442,Hausi,Neiman,9999-01-01,Engineer
218459,Xiaoqiu,Casley,9999-01-01,Senior Engineer
218466,Bernt,Kadhim,9999-01-01,Senior Engineer
218475,Doowon,Ranst,9999-01-01,Engineer
218477,Vishwani,Kornatzky,9999-01-01,Senior Staff
218491,Kannan,Baez,9999-01-01,Senior Staff
218494,Ronghao,Bultermann,9999-01-01,Engineer
218497,Toshimo,Boyle,9999-01-01,Senior Engineer
218503,Urs,Berztiss,9999-01-01,Senior Engineer
218504,Adil,Shobatake,9999-01-01,Senior Staff
218522,Ulises,Verhaegen,9999-01-01,Senior Staff
218528,Heeju,Matzat,9999-01-01,Engineer
218535,Yurij,Pleszkun,9999-01-01,Senior Staff
218540,Nathalie,Trelles,9999-01-01,Senior Engineer
218560,Charmane,Ramamoorthy,9999-01-01,Staff
218562,Arvin,Furudate,9999-01-01,Senior Engineer
218565,Shunichi,Servi,9999-01-01,Engineer
218574,Shiv,Sessa,9999-01-01,Engineer
218580,Kwee,Speek,9999-01-01,Engineer
218583,Ulises,Baumann,9999-01-01,Senior Staff
218593,Arunas,Lamba,9999-01-01,Engineer
218595,Murthy,Brodal,9999-01-01,Senior Engineer
218598,Kristen,Mandell,9999-01-01,Senior Engineer
218608,Udi,McClurg,9999-01-01,Senior Engineer
218619,Theirry,Unni,9999-01-01,Staff
218629,Ingmar,Perry,9999-01-01,Engineer
218631,Feixiong,Zhiwei,9999-01-01,Senior Engineer
218653,Abdulla,Siochi,9999-01-01,Senior Staff
218655,Kiyotoshi,Lakshmanan,9999-01-01,Assistant Engineer
218656,Valeska,Simmel,9999-01-01,Staff
218661,Haldon,Nitta,9999-01-01,Senior Staff
218665,Ibibia,Schmiedel,9999-01-01,Senior Engineer
218674,Toshiko,Lipner,9999-01-01,Senior Staff
218675,Yoshimitsu,Taubenfeld,9999-01-01,Assistant Engineer
218676,Shichao,Kowalchuk,9999-01-01,Senior Engineer
218682,Elrique,Delgrande,9999-01-01,Senior Staff
218685,Sarita,Yavatkar,9999-01-01,Technique Leader
218691,Marsha,Simmen,9999-01-01,Engineer
218693,Sanjiv,Pashtan,9999-01-01,Senior Staff
218694,Giri,Honglei,9999-01-01,Senior Staff
218713,Akeel,Glowinski,9999-01-01,Senior Engineer
218717,Ayonca,Werthner,9999-01-01,Senior Staff
218722,Becky,Zirintsis,9999-01-01,Engineer
218724,Sanjai,Panangaden,9999-01-01,Senior Staff
218725,Genevieve,Hatcliff,9999-01-01,Staff
218731,Youjian,Diderrich,9999-01-01,Senior Staff
218732,Odoardo,Suessmith,9999-01-01,Staff
218739,Dannz,Vadhan,9999-01-01,Senior Staff
218755,Zengping,Usery,9999-01-01,Senior Engineer
218758,Mariangiola,Krichel,9999-01-01,Engineer
218763,Tesuro,Danecki,9999-01-01,Senior Staff
218766,Janalee,Ozery,9999-01-01,Engineer
218768,Yurij,Gaughan,9999-01-01,Senior Engineer
218783,Keiichiro,Polupanov,9999-01-01,Senior Staff
218796,Elzbieta,Thiria,9999-01-01,Engineer
218812,Rildo,Seuren,9999-01-01,Senior Staff
218828,Indrajit,Weiland,9999-01-01,Engineer
218840,Insup,Bennis,9999-01-01,Senior Staff
218842,Bedrich,Sinicrope,9999-01-01,Senior Staff
218855,Elvia,Bratsberg,9999-01-01,Staff
218856,Haldon,Rattan,9999-01-01,Engineer
218861,Leen,Georg,9999-01-01,Senior Engineer
218864,Anestis,Taubenfeld,9999-01-01,Engineer
218877,Mahmut,Wendorf,9999-01-01,Senior Engineer
218878,Pranay,Fujisawa,9999-01-01,Senior Engineer
218879,Somnath,Irland,9999-01-01,Senior Staff
218883,Yongqiao,Erie,9999-01-01,Staff
218885,Rosine,Gimarc,9999-01-01,Senior Engineer
218889,Geoffrey,Schaft,9999-01-01,Senior Engineer
218916,Iara,Cronan,9999-01-01,Engineer
218924,Apostol,Hiraishi,9999-01-01,Senior Staff
218927,Saddek,Jenevein,9999-01-01,Staff
218933,Kazunori,Heiserman,9999-01-01,Engineer
218946,Pramod,Begiun,9999-01-01,Senior Engineer
218949,Arumugam,Milicic,9999-01-01,Senior Engineer
218952,Zeljko,Sommer,9999-01-01,Technique Leader
218965,Jiakeng,Uludag,9999-01-01,Staff
218978,Babette,Danlos,9999-01-01,Senior Staff
218983,Yannis,Tasistro,9999-01-01,Senior Staff
218991,Falguni,Pusterhofer,9999-01-01,Staff
218998,Kristian,Hennebert,9999-01-01,Senior Engineer
219000,Dayanand,Yetim,9999-01-01,Engineer
219007,Khun,Gide,9999-01-01,Senior Engineer
219008,Claudi,Staelin,9999-01-01,Senior Engineer
219010,Ymte,Cannard,9999-01-01,Senior Staff
219017,Atilio,Cangellaris,9999-01-01,Staff
219026,Nathalie,Quittner,9999-01-01,Senior Staff
219031,Padma,Luon,9999-01-01,Staff
219034,Danai,Doering,9999-01-01,Engineer
219036,Toney,Keohane,9999-01-01,Engineer
219046,Insup,Birsak,9999-01-01,Staff
219051,Percy,Luck,9999-01-01,Senior Engineer
219071,Inderjeet,Gips,9999-01-01,Senior Staff
219080,Jamaludin,Pappas,9999-01-01,Technique Leader
219082,Mary,Baalen,9999-01-01,Engineer
219095,Ymte,Guting,9999-01-01,Senior Staff
219102,Xiaoheng,Arlazarov,9999-01-01,Senior Staff
219116,Jinxi,Sgarro,9999-01-01,Senior Staff
219117,Shirish,Baalen,9999-01-01,Staff
219131,Yechiam,Raoux,9999-01-01,Engineer
219138,Yoshimitsu,Barinka,9999-01-01,Engineer
219141,Mari,Hofting,9999-01-01,Staff
219152,Kristen,Pouyioutas,9999-01-01,Engineer
219170,Shugo,Granlund,9999-01-01,Senior Engineer
219185,Yuqun,Rosca,9999-01-01,Staff
219211,Nakhoon,Weedon,9999-01-01,Senior Engineer
219219,Maya,Gerlach,9999-01-01,Assistant Engineer
219236,Jinya,Onuegbe,9999-01-01,Engineer
219237,Alair,Driscoll,9999-01-01,Engineer
219251,Gian,Braunschweig,9999-01-01,Staff
219265,Masanao,Koshino,9999-01-01,Engineer
219267,Aloys,Tibblin,9999-01-01,Engineer
219275,Weidon,Rando,9999-01-01,Engineer
219295,Michaela,Knightly,9999-01-01,Staff
219306,Kaijung,Otillio,9999-01-01,Senior Staff
219329,Holgard,Heiserman,9999-01-01,Senior Staff
219347,Barton,Butterworth,9999-01-01,Senior Staff
219370,Khedija,Nergos,9999-01-01,Senior Engineer
219383,Lijie,Biron,9999-01-01,Senior Engineer
219396,Miomir,Flanders,9999-01-01,Senior Engineer
219399,Dmitri,Perin,9999-01-01,Senior Staff
219406,Aiichiro,Beerel,9999-01-01,Engineer
219414,Nahum,Hegner,9999-01-01,Technique Leader
219423,Aluzio,Lanzelotte,9999-01-01,Engineer
219436,Berto,Zambonelli,9999-01-01,Senior Staff
219438,Saeko,Awdeh,9999-01-01,Engineer
219448,Boguslaw,Picco,9999-01-01,Senior Engineer
219462,Quingbo,Uludag,9999-01-01,Staff
219466,Hatem,Asmuth,9999-01-01,Senior Staff
219478,Froduald,Malinowski,9999-01-01,Staff
219479,Freyja,Llado,9999-01-01,Senior Engineer
219488,Nalini,Luca,9999-01-01,Senior Staff
219489,Tsutomu,Ramalingam,9999-01-01,Senior Engineer
219498,Randy,Qiwen,9999-01-01,Staff
219499,Jinya,Deville,9999-01-01,Senior Staff
219509,Sanjay,Garnick,9999-01-01,Engineer
219519,Kazunori,Mitzlaff,9999-01-01,Staff
219529,Takahira,Brender,9999-01-01,Senior Staff
219544,Sungwon,Tzvieli,9999-01-01,Senior Staff
219545,Fayez,Harbusch,9999-01-01,Senior Engineer
219548,Anestis,Naumovich,9999-01-01,Staff
219568,Shunichi,Osgood,9999-01-01,Engineer
219573,Sampalli,Walstra,9999-01-01,Senior Staff
219581,Akhilish,Mansanne,9999-01-01,Engineer
219584,Parto,Oehlmann,9999-01-01,Senior Engineer
219589,Supot,Worfolk,9999-01-01,Senior Engineer
219597,Genevieve,Marciano,9999-01-01,Staff
219602,Niclas,Schmiedel,9999-01-01,Engineer
219603,Florian,Gomatam,9999-01-01,Senior Engineer
219604,Mari,Borstler,9999-01-01,Senior Engineer
219609,Karlis,Sanella,9999-01-01,Engineer
219621,Constantino,Brookman,9999-01-01,Staff
219622,Werner,Swist,9999-01-01,Staff
219629,Rosella,Kolinko,9999-01-01,Senior Engineer
219646,Huai,Reghbati,9999-01-01,Engineer
219650,Gennady,Willoner,9999-01-01,Engineer
219654,Shir,Puppo,9999-01-01,Senior Engineer
219661,Jayson,Cronin,9999-01-01,Senior Staff
219674,Martina,Snedden,9999-01-01,Technique Leader
219678,Yechiam,Kalloufi,9999-01-01,Engineer
219716,Shuji,Linares,9999-01-01,Engineer
219739,Xiaobin,Shinomoto,9999-01-01,Engineer
219742,Jahangir,Orsini,9999-01-01,Senior Engineer
219746,Gennady,Hegner,9999-01-01,Engineer
219757,Gita,Emmerich,9999-01-01,Assistant Engineer
219761,Moss,Lupu,9999-01-01,Senior Staff
219767,Cedric,Haraldson,9999-01-01,Senior Engineer
219775,Sachio,Ranze,9999-01-01,Senior Staff
219778,Chuanti,Ishibashi,9999-01-01,Staff
219794,Collette,Rodiger,9999-01-01,Staff
219809,Kauko,Mansanne,9999-01-01,Engineer
219823,Ewing,Debuse,9999-01-01,Engineer
219824,Marko,Taubman,9999-01-01,Staff
219825,Shen,Gladwell,9999-01-01,Senior Engineer
219827,Hairong,Range,9999-01-01,Staff
219829,Shaz,Kuszyk,9999-01-01,Engineer
219831,Marsal,Rijckaert,9999-01-01,Senior Staff
219839,Sugwoo,Swiler,9999-01-01,Staff
219850,Yishai,Syrzycki,9999-01-01,Senior Staff
219860,Taisook,Quaggetto,9999-01-01,Technique Leader
219870,Leif,Kushner,9999-01-01,Engineer
219877,Amalendu,Penn,9999-01-01,Senior Staff
219898,Tonny,Felcyn,9999-01-01,Senior Staff
219907,Huan,Tyugu,9999-01-01,Senior Staff
219908,Baziley,Jeansoulin,9999-01-01,Engineer
219959,Tzu,Dymetman,9999-01-01,Engineer
219962,Goncalo,Gill,9999-01-01,Senior Staff
219973,Carrsten,Eickenmeyer,9999-01-01,Senior Staff
219977,Honglan,Escriba,9999-01-01,Senior Staff
219978,Janche,Attimonelli,9999-01-01,Senior Engineer
219985,Luisa,Ranka,9999-01-01,Engineer
219994,Akemi,Broomell,9999-01-01,Staff
220004,Erzsebet,Karnin,9999-01-01,Senior Staff
220007,Maren,Molenkamp,9999-01-01,Engineer
220009,Billie,Kakkad,9999-01-01,Senior Staff
220019,Rafael,Lamba,9999-01-01,Senior Staff
220051,JoAnne,Matheson,9999-01-01,Staff
220060,Neelam,Slaats,9999-01-01,Technique Leader
220064,Mark,Ramras,9999-01-01,Senior Staff
220082,Paraskevi,Kaminger,9999-01-01,Engineer
220112,Masasuke,Castellani,9999-01-01,Engineer
220119,Kauko,Basagni,9999-01-01,Senior Staff
220121,Mari,Cochrane,9999-01-01,Senior Staff
220143,Fei,Mungall,9999-01-01,Engineer
220170,Aamer,McFarlan,9999-01-01,Senior Engineer
220184,Mahendra,Emiris,9999-01-01,Senior Staff
220195,Berhard,Brickell,9999-01-01,Senior Engineer
220203,Shigenori,Schueller,9999-01-01,Senior Staff
220208,Karlis,Sgarro,9999-01-01,Engineer
220210,Siamak,Mersereau,9999-01-01,Engineer
220211,Hironoby,Reinhart,9999-01-01,Senior Engineer
220216,Quingbo,Wendorf,9999-01-01,Staff
220222,Chikara,Verhoeff,9999-01-01,Engineer
220224,Tua,Zykh,9999-01-01,Senior Engineer
220234,Nobuyoshi,Viele,9999-01-01,Senior Staff
220237,Nalini,Renear,9999-01-01,Staff
220238,Luise,Stille,9999-01-01,Engineer
220258,Sajjad,Erez,9999-01-01,Engineer
220271,Hideo,Motley,9999-01-01,Engineer
220276,Subhada,Kuzuoka,9999-01-01,Senior Engineer
220312,Kristina,Karner,9999-01-01,Senior Engineer
220316,Sanjoy,Backhouse,9999-01-01,Senior Engineer
220320,Chiranjit,Gaughan,9999-01-01,Engineer
220323,Tomoyuki,Hainaut,9999-01-01,Staff
220331,Danai,Middleton,9999-01-01,Senior Staff
220334,Sakthirel,Cappello,9999-01-01,Staff
220343,Siamak,Msuda,9999-01-01,Senior Staff
220352,Christoper,Magliocco,9999-01-01,Senior Staff
220358,Geraldo,Magliocco,9999-01-01,Staff
220359,Charmane,Peltason,9999-01-01,Staff
220369,Sedat,Poupard,9999-01-01,Staff
220374,Yurij,Ohori,9999-01-01,Engineer
220412,Odinaldo,Hutter,9999-01-01,Senior Staff
220413,Jordanka,Akazan,9999-01-01,Engineer
220417,Lidong,Marrakchi,9999-01-01,Senior Engineer
220419,Adhemar,Seuren,9999-01-01,Senior Engineer
220425,Golgen,Mitchem,9999-01-01,Senior Engineer
220428,Ult,Ranft,9999-01-01,Engineer
220431,Tomokazu,Dusink,9999-01-01,Engineer
220434,Moss,Linnainmaa,9999-01-01,Staff
220439,Rosella,Schurmann,9999-01-01,Senior Staff
220442,Shuzo,Improta,9999-01-01,Staff
220512,Gretta,Basagni,9999-01-01,Senior Engineer
220526,Aram,Shiratori,9999-01-01,Staff
220549,Gal,Cusworth,9999-01-01,Senior Engineer
220555,Poornachandra,Luby,9999-01-01,Senior Staff
220568,Xuejia,Talmon,9999-01-01,Engineer
220590,Zita,Luit,9999-01-01,Senior Staff
220617,Turgut,Millington,9999-01-01,Senior Staff
220619,Gor,Jahnichen,9999-01-01,Senior Engineer
220622,Tsuneo,Bernardinello,9999-01-01,Technique Leader
220624,Lakshmi,Marakhovsky,9999-01-01,Engineer
220641,Taegyun,Ozery,9999-01-01,Senior Staff
220642,Cathie,Srimani,9999-01-01,Staff
220650,Dines,Katzenelson,9999-01-01,Staff
220657,Krisda,Sinitsyn,9999-01-01,Senior Staff
220667,Turgut,Lyonns,9999-01-01,Engineer
220671,Ult,Birta,9999-01-01,Senior Engineer
220672,Genta,Caine,9999-01-01,Senior Engineer
220674,Irene,Bruckman,9999-01-01,Technique Leader
220692,Monique,Remmele,9999-01-01,Senior Engineer
220702,Steen,Crabtree,9999-01-01,Engineer
220718,KayLiang,Polajnar,9999-01-01,Staff
220728,Sashi,Halevi,9999-01-01,Senior Engineer
220729,Shimshon,Kamber,9999-01-01,Staff
220756,Krister,Billingsley,9999-01-01,Engineer
220762,Pramod,Schreiter,9999-01-01,Technique Leader
220763,Chandrasekaran,Sherertz,9999-01-01,Senior Staff
220765,Ekawit,Merel,9999-01-01,Senior Engineer
220770,Jayson,Eiron,9999-01-01,Senior Staff
220772,Ingmar,Ranka,9999-01-01,Senior Staff
220785,Sugwoo,Redmiles,9999-01-01,Senior Engineer
220795,Cedric,Holburn,9999-01-01,Senior Staff
220804,Aral,Uludag,9999-01-01,Senior Engineer
220834,Leandro,Fujisaki,9999-01-01,Senior Engineer
220850,KayLiang,Lipner,9999-01-01,Senior Engineer
220868,Christoph,Lovengreen,9999-01-01,Senior Staff
220872,Soenke,Berztiss,9999-01-01,Technique Leader
220877,Baruch,Christ,9999-01-01,Assistant Engineer
220881,Subbu,Wissmann,9999-01-01,Senior Staff
220888,Sadok,Szilard,9999-01-01,Senior Staff
220896,Berna,Lalonde,9999-01-01,Engineer
220897,Kwangjo,Serot,9999-01-01,Technique Leader
220901,Stevo,Zumaque,9999-01-01,Engineer
220903,Marlo,Domenig,9999-01-01,Senior Staff
220904,Kwee,Boudaillier,9999-01-01,Technique Leader
220918,Kankanahalli,Melski,9999-01-01,Technique Leader
220925,Muneo,Piancastelli,9999-01-01,Staff
220926,Xiahua,Brobst,9999-01-01,Technique Leader
220932,Hinrich,Bisiani,9999-01-01,Engineer
220934,Jiafu,Rattan,9999-01-01,Senior Staff
220955,Houman,Nicolson,9999-01-01,Technique Leader
220956,Dannz,Beerel,9999-01-01,Senior Staff
220981,Jinpo,Denti,9999-01-01,Staff
220998,Eckart,Bael,9999-01-01,Staff
221004,Gro,Curless,9999-01-01,Senior Engineer
221008,Shrikanth,Ramalingam,9999-01-01,Senior Engineer
221014,Arunachalam,Baca,9999-01-01,Engineer
221027,Yongdong,Hofstetter,9999-01-01,Senior Engineer
221035,Troy,Facello,9999-01-01,Staff
221040,Susanta,Socorro,9999-01-01,Senior Engineer
221047,Arch,Basawa,9999-01-01,Senior Engineer
221052,Claudi,Godskesen,9999-01-01,Engineer
221060,Zhonghui,Zobel,9999-01-01,Senior Engineer
221065,Ulises,Remmers,9999-01-01,Senior Staff
221075,Sajjad,Makrucki,9999-01-01,Senior Staff
221076,Richard,Prenel,9999-01-01,Technique Leader
221080,Tesuya,Rosaz,9999-01-01,Senior Engineer
221085,Chaosheng,Ramaiah,9999-01-01,Engineer
221086,Baziley,Motley,9999-01-01,Senior Staff
221088,Danae,Kawashima,9999-01-01,Engineer
221109,Arch,Pardalos,9999-01-01,Engineer
221118,Nimmagadda,Klyachko,9999-01-01,Senior Engineer
221127,Ziva,Morrin,9999-01-01,Engineer
221130,Tomofumi,Kornatzky,9999-01-01,Engineer
221139,Harngdar,Pietracaprina,9999-01-01,Senior Staff
221142,Marin,Kambil,9999-01-01,Engineer
221161,Panayotis,Perng,9999-01-01,Technique Leader
221166,Jaana,Isaac,9999-01-01,Senior Engineer
221167,Yishay,Meszaros,9999-01-01,Senior Engineer
221172,DAIDA,Bugaenko,9999-01-01,Staff
221188,Masaki,Jansen,9999-01-01,Technique Leader
221199,Sandeepan,Danlos,9999-01-01,Senior Staff
221207,Jinxi,Bierman,9999-01-01,Technique Leader
221221,Billur,Sewelson,9999-01-01,Senior Engineer
221230,Yaghout,Curless,9999-01-01,Engineer
221235,Shen,Gimarc,9999-01-01,Staff
221240,Vitali,Plump,9999-01-01,Engineer
221262,Chenxi,Alpay,9999-01-01,Engineer
221272,Duangkaew,Makinen,9999-01-01,Engineer
221274,Mingdong,Gargeya,9999-01-01,Senior Engineer
221276,Alassane,Weedman,9999-01-01,Engineer
221286,Marl,Matzen,9999-01-01,Engineer
221287,Chandrasekaran,Orsini,9999-01-01,Staff
221288,Lalit,Bridgland,9999-01-01,Engineer
221297,Thanasis,Unno,9999-01-01,Senior Staff
221302,Tomokazu,Lieblein,9999-01-01,Senior Engineer
221308,Shounak,Kroft,9999-01-01,Senior Engineer
221324,Elgin,Trumbly,9999-01-01,Engineer
221337,Ramachenga,Jiang,9999-01-01,Staff
221351,Odoardo,Chepyzhov,9999-01-01,Staff
221354,Van,Schaar,9999-01-01,Engineer
221356,Pradeep,Hagimont,9999-01-01,Senior Engineer
221361,Aron,Krichel,9999-01-01,Senior Engineer
221380,Chiranjit,Schneeberger,9999-01-01,Senior Engineer
221385,Nalini,Randi,9999-01-01,Senior Staff
221388,Gao,Lund,9999-01-01,Senior Engineer
221396,Leandro,Caine,9999-01-01,Senior Staff
221398,Hiroyasu,Cochrane,9999-01-01,Assistant Engineer
221404,Constantino,Butner,9999-01-01,Engineer
221417,Bezalel,Kisuki,9999-01-01,Senior Engineer
221427,Bouchung,Picht,9999-01-01,Staff
221453,Abdulla,Staylopatis,9999-01-01,Senior Engineer
221463,Ayakannu,Takkinen,9999-01-01,Engineer
221474,Hatsukazu,Berztiss,9999-01-01,Senior Engineer
221475,Wilmer,Engelmann,9999-01-01,Engineer
221485,Nahum,Szmurlo,9999-01-01,Technique Leader
221487,Rutger,Kambil,9999-01-01,Engineer
221515,Weicheng,Hutter,9999-01-01,Engineer
221528,Jixiang,Molenkamp,9999-01-01,Senior Engineer
221561,Shigeichiro,Plump,9999-01-01,Engineer
221571,Siddarth,Candan,9999-01-01,Senior Staff
221577,Gita,Capobianchi,9999-01-01,Senior Staff
221583,Atreyi,Heusch,9999-01-01,Technique Leader
221592,Gift,Adachi,9999-01-01,Senior Staff
221594,Niteen,Strooper,9999-01-01,Engineer
221599,Juyoung,Serot,9999-01-01,Senior Staff
221600,Weiwu,Yemenis,9999-01-01,Assistant Engineer
221609,Naftaly,Champarnaud,9999-01-01,Assistant Engineer
221631,Fusako,Ponthieu,9999-01-01,Senior Staff
221634,Tze,Anido,9999-01-01,Staff
221644,Jeong,Peyn,9999-01-01,Assistant Engineer
221645,Pradeep,Rabehasaina,9999-01-01,Engineer
221649,Uinam,Fiebach,9999-01-01,Staff
221659,Hailing,Montemayor,9999-01-01,Staff
221663,Parto,Pileggi,9999-01-01,Senior Staff
221683,Gritta,Osgood,9999-01-01,Engineer
221688,Cedric,Gecsel,9999-01-01,Senior Staff
221691,Udi,Munke,9999-01-01,Senior Engineer
221708,Zijian,Selenyi,9999-01-01,Senior Engineer
221709,Edwin,Parascandalo,9999-01-01,Staff
221715,Rayond,Noriega,9999-01-01,Senior Staff
221736,Yolla,Warwick,9999-01-01,Senior Engineer
221748,Miomir,Denos,9999-01-01,Engineer
221755,Luerbio,Sudbeck,9999-01-01,Senior Staff
221758,Sivanarayana,Coullard,9999-01-01,Senior Staff
221759,Jingling,Luders,9999-01-01,Senior Engineer
221760,Marko,Ellozy,9999-01-01,Staff
221766,Tzvetan,Karunanithi,9999-01-01,Assistant Engineer
221770,Jayesh,Winter,9999-01-01,Senior Staff
221772,Ronghao,Kaiserswerth,9999-01-01,Engineer
221777,Eben,Kavraki,9999-01-01,Engineer
221794,Nevin,Talmon,9999-01-01,Senior Staff
221799,Tran,Lorys,9999-01-01,Senior Engineer
221800,Youpyo,Schaad,9999-01-01,Engineer
221801,Kristinn,Rahimi,9999-01-01,Engineer
221805,Yucai,Luders,9999-01-01,Senior Staff
221814,Sukumar,Leppanen,9999-01-01,Staff
221824,Parviz,Orsini,9999-01-01,Staff
221829,Nectarios,Smeets,9999-01-01,Senior Engineer
221850,Mitsuyuki,Ritzmann,9999-01-01,Assistant Engineer
221863,Radhia,Schlegelmilch,9999-01-01,Staff
221878,Phillip,Albarhamtoshy,9999-01-01,Senior Engineer
221881,Subhash,Cyne,9999-01-01,Senior Staff
221882,Sahrah,Aloia,9999-01-01,Staff
221888,Nathalie,Frolund,9999-01-01,Senior Engineer
221894,Ohad,Birjandi,9999-01-01,Senior Staff
221904,Sastry,Feldhoffer,9999-01-01,Staff
221908,Wayne,Vieri,9999-01-01,Engineer
221916,Kristine,Theuretzbacher,9999-01-01,Senior Engineer
221927,Teunis,Usdin,9999-01-01,Senior Engineer
221946,Kazuhira,Foote,9999-01-01,Engineer
221959,Krassimir,Lueh,9999-01-01,Engineer
221984,Manibrata,Assaf,9999-01-01,Senior Engineer
221989,Jiakeng,Terekhov,9999-01-01,Engineer
221990,Adel,Hiyoshi,9999-01-01,Engineer
222008,Shuji,Lamba,9999-01-01,Staff
222013,Remko,Ohori,9999-01-01,Senior Staff
222019,Kristian,Edelhoff,9999-01-01,Senior Staff
222022,Dung,Mayerwieser,9999-01-01,Senior Staff
222036,Serenella,Thiria,9999-01-01,Senior Staff
222046,Nahla,Driscoll,9999-01-01,Senior Engineer
222048,Gen,Sidhu,9999-01-01,Engineer
222067,Gift,Gaughan,9999-01-01,Engineer
222076,Richard,Zwicker,9999-01-01,Staff
222077,Gor,Kilgour,9999-01-01,Senior Staff
222079,Bojan,Streng,9999-01-01,Senior Engineer
222085,Peternela,Staelin,9999-01-01,Senior Engineer
222104,Alois,Liesche,9999-01-01,Staff
222105,Qingxiang,Koblick,9999-01-01,Staff
222109,Souichi,Fargier,9999-01-01,Engineer
222110,Maria,Warwick,9999-01-01,Engineer
222111,Kazuhide,Honiden,9999-01-01,Senior Staff
222113,Lobel,Gilg,9999-01-01,Senior Staff
222122,Weidon,Henseler,9999-01-01,Senior Engineer
222125,Elvia,Oehlmann,9999-01-01,Engineer
222145,Zhiwei,Huttel,9999-01-01,Staff
222147,Hitomi,Bernatsky,9999-01-01,Senior Staff
222155,Kellie,Delgrande,9999-01-01,Engineer
222159,Hatem,Mattern,9999-01-01,Engineer
222173,Feiyu,Esteva,9999-01-01,Engineer
222180,Maia,Feinberg,9999-01-01,Senior Staff
222192,Wuxu,Esteva,9999-01-01,Technique Leader
222196,Takahito,Yurek,9999-01-01,Senior Staff
222205,Ayonca,Validov,9999-01-01,Staff
222213,Salvador,Wielonsky,9999-01-01,Engineer
222239,Zhiguo,Kilgour,9999-01-01,Engineer
222242,Michaela,Baer,9999-01-01,Senior Staff
222244,Basant,Petereit,9999-01-01,Senior Engineer
222251,Jagoda,Leivant,9999-01-01,Senior Engineer
222268,Guadalupe,Hedayat,9999-01-01,Senior Engineer
222279,Syozo,Peroz,9999-01-01,Senior Engineer
222281,Nikolaus,DuBourdieux,9999-01-01,Staff
222295,Maha,Ermel,9999-01-01,Engineer
222314,Mingzeng,Rothenberg,9999-01-01,Engineer
222326,DeForest,Heyers,9999-01-01,Senior Engineer
222330,Gor,Bellone,9999-01-01,Staff
222339,Junichi,Grabner,9999-01-01,Engineer
222341,Arie,Birge,9999-01-01,Engineer
222346,Muneo,Gadepally,9999-01-01,Technique Leader
222358,Vishv,Pramanik,9999-01-01,Senior Staff
222359,Kristen,Murtafg,9999-01-01,Engineer
222364,Shao,Benzmuller,9999-01-01,Senior Engineer
222369,Mingsen,Mellouli,9999-01-01,Staff
222371,Tsutomu,Brender,9999-01-01,Engineer
222375,Somnath,Rajcani,9999-01-01,Senior Engineer
222392,Gunilla,Pardalos,9999-01-01,Engineer
222403,Djenana,Lyonns,9999-01-01,Senior Staff
222404,Fusako,Kilgour,9999-01-01,Staff
222410,Jianhao,Erie,9999-01-01,Senior Engineer
222427,Roselyn,Schaft,9999-01-01,Staff
222430,Guoxiang,Dolinsky,9999-01-01,Senior Engineer
222433,Munehiro,Serna,9999-01-01,Engineer
222437,Miquel,Zongker,9999-01-01,Staff
222438,Nishit,Sridhar,9999-01-01,Staff
222439,Arve,Kirkerud,9999-01-01,Technique Leader
222446,Yonghong,Gente,9999-01-01,Assistant Engineer
222456,Wilmer,Peek,9999-01-01,Technique Leader
222470,Jaques,Velardi,9999-01-01,Senior Engineer
222475,Xinyu,Petereit,9999-01-01,Senior Engineer
222496,Shao,Etalle,9999-01-01,Senior Staff
222506,Xudong,Alpay,9999-01-01,Engineer
222510,Honglan,Speckmann,9999-01-01,Engineer
222512,Fumitake,Murtafg,9999-01-01,Staff
222515,Miquel,Anger,9999-01-01,Senior Staff
222536,Feipei,Merel,9999-01-01,Senior Staff
222538,Cullen,Carrere,9999-01-01,Senior Engineer
222550,Sadok,Wroclawski,9999-01-01,Senior Engineer
222552,Shaowei,Deyuan,9999-01-01,Senior Engineer
222558,Hinrich,Ducloy,9999-01-01,Engineer
222559,Arvind,Mitina,9999-01-01,Senior Staff
222567,Katsuyuki,Bultermann,9999-01-01,Senior Engineer
222577,Parviz,Gniady,9999-01-01,Senior Engineer
222587,Kiyokazu,Chiola,9999-01-01,Staff
222595,Becky,Kavvadias,9999-01-01,Senior Engineer
222598,Lokesh,Bade,9999-01-01,Staff
222602,Amstein,Randi,9999-01-01,Senior Engineer
222621,Xudong,Melter,9999-01-01,Senior Staff
222624,Kenton,Birdsall,9999-01-01,Staff
222627,Candido,Dulay,9999-01-01,Engineer
222643,Shounak,Landherr,9999-01-01,Engineer
222653,Zissis,Schahn,9999-01-01,Engineer
222660,Moriyoshi,Swiss,9999-01-01,Senior Staff
222667,Shigenori,Mattern,9999-01-01,Senior Staff
222674,Turgut,Kitsuregawa,9999-01-01,Engineer
222685,Anneli,Lagarias,9999-01-01,Senior Engineer
222690,Takahiro,Boreale,9999-01-01,Engineer
222702,Dmitry,Barbanera,9999-01-01,Senior Engineer
222709,Teruyuki,Wossner,9999-01-01,Staff
222720,Dayanand,Montresor,9999-01-01,Senior Engineer
222726,Kristina,Steenbeek,9999-01-01,Senior Engineer
222736,Nevin,Sevcikova,9999-01-01,Senior Engineer
222738,Arne,Bauknecht,9999-01-01,Engineer
222744,Theirry,Nitsch,9999-01-01,Senior Staff
222764,Kristina,Francisci,9999-01-01,Senior Staff
222768,Shimshon,Beetstra,9999-01-01,Senior Engineer
222802,Emdad,Siksek,9999-01-01,Senior Engineer
222832,Gopalakrishnan,Kalorkoti,9999-01-01,Engineer
222836,Ishfaq,Aloia,9999-01-01,Senior Staff
222843,Morris,Schnabel,9999-01-01,Staff
222899,Yoshimitsu,Peres,9999-01-01,Engineer
222915,Teiji,McFarlan,9999-01-01,Senior Staff
222922,Mingzeng,Mungall,9999-01-01,Staff
222925,Shrikanth,Karunanithi,9999-01-01,Staff
222929,Shigehiro,Murtha,9999-01-01,Staff
222935,Aiichiro,Chiola,9999-01-01,Senior Engineer
222954,Persi,Pleszkun,9999-01-01,Senior Staff
222960,Jaroslava,Garnick,9999-01-01,Senior Engineer
222964,Shugo,Pappas,9999-01-01,Engineer
222979,Subhankar,Markovitch,9999-01-01,Technique Leader
222994,Valeska,Munawer,9999-01-01,Senior Engineer
223009,Xinan,Codenie,9999-01-01,Engineer
223016,Gro,Chaudhuri,9999-01-01,Senior Engineer
223032,Alselm,Rodite,9999-01-01,Senior Engineer
223078,Georg,Vieri,9999-01-01,Staff
223079,Radhakrishnan,Trelles,9999-01-01,Engineer
223081,Nalini,Rusterholz,9999-01-01,Senior Engineer
223091,Xinglin,Babb,9999-01-01,Technique Leader
223100,Mayumi,Speel,9999-01-01,Staff
223103,Zeljko,Picaronny,9999-01-01,Senior Engineer
223108,Jouko,Rodier,9999-01-01,Engineer
223130,Rafols,Hockney,9999-01-01,Senior Engineer
223137,Khedija,Coorg,9999-01-01,Senior Engineer
223140,Horward,Vadhan,9999-01-01,Engineer
223152,Kshitij,Conry,9999-01-01,Engineer
223196,Paloma,Sidhu,9999-01-01,Senior Engineer
223198,Seshu,Pusterhofer,9999-01-01,Senior Engineer
223213,Halsur,Legleitner,9999-01-01,Engineer
223222,Chinya,Krzyzanowski,9999-01-01,Technique Leader
223266,Selwyn,Terlouw,9999-01-01,Staff
223284,Sedat,Streng,9999-01-01,Senior Staff
223292,Kasidit,Savasere,9999-01-01,Staff
223299,Doowon,Bressoud,9999-01-01,Senior Staff
223305,Manohar,Deville,9999-01-01,Senior Engineer
223310,Jolita,Erdi,9999-01-01,Staff
223314,Tamiya,Rahier,9999-01-01,Staff
223319,Ronnie,Terlouw,9999-01-01,Senior Engineer
223327,Teunis,Peron,9999-01-01,Senior Staff
223344,Perla,Eiter,9999-01-01,Senior Staff
223352,Jeanna,Milicic,9999-01-01,Senior Engineer
223355,Hauke,Marletta,9999-01-01,Staff
223379,Nahum,Dehkordi,9999-01-01,Staff
223381,Masadi,Schnelling,9999-01-01,Engineer
223382,Zito,Beilner,9999-01-01,Engineer
223384,Rimon,Khalil,9999-01-01,Engineer
223385,Ziya,Chinen,9999-01-01,Senior Engineer
223387,Duke,Curless,9999-01-01,Senior Staff
223389,Shuho,Adachi,9999-01-01,Senior Staff
223390,Rasiah,Falck,9999-01-01,Engineer
223397,Jamaludin,Morris,9999-01-01,Engineer
223398,Geoff,Denos,9999-01-01,Engineer
223399,Aamer,Radivojevic,9999-01-01,Engineer
223406,Gift,Yoshimura,9999-01-01,Assistant Engineer
223407,Susuma,Rande,9999-01-01,Senior Staff
223413,Jingling,Gist,9999-01-01,Engineer
223418,Moni,Markovitch,9999-01-01,Staff
223423,Supot,Rullman,9999-01-01,Staff
223425,Billur,Weedon,9999-01-01,Senior Staff
223431,Weicheng,Billingsley,9999-01-01,Senior Staff
223443,JoAnna,Birke,9999-01-01,Senior Engineer
223450,Teunis,Albarhamtoshy,9999-01-01,Engineer
223456,Stabislas,Stassinopoulos,9999-01-01,Senior Engineer
223461,Manibrata,Kusalik,9999-01-01,Staff
223476,Carrsten,Avouris,9999-01-01,Staff
223483,Nahla,Danley,9999-01-01,Senior Staff
223486,Mang,England,9999-01-01,Senior Staff
223491,Diederik,Snyers,9999-01-01,Senior Engineer
223493,Maja,Frolund,9999-01-01,Senior Engineer
223501,Gennady,Cappelletti,9999-01-01,Senior Staff
223509,Haldon,Osgood,9999-01-01,Senior Engineer
223525,Toong,Kropf,9999-01-01,Staff
223526,Tommaso,Anily,9999-01-01,Engineer
223539,Samphel,Kamber,9999-01-01,Senior Engineer
223543,Basil,Peres,9999-01-01,Senior Engineer
223547,Gaetan,Heijenga,9999-01-01,Engineer
223550,Seongbae,McFarlan,9999-01-01,Senior Staff
223555,Ortrun,Verhaegen,9999-01-01,Staff
223557,Nishit,Polajnar,9999-01-01,Staff
223559,Claude,Bresenham,9999-01-01,Staff
223565,Ymte,Waleschkowski,9999-01-01,Engineer
223581,Luise,Skrikant,9999-01-01,Senior Staff
223594,Janalee,Acton,9999-01-01,Senior Engineer
223619,Uwe,Orlowski,9999-01-01,Staff
223620,Kazuyasu,Marshall,9999-01-01,Engineer
223645,Tomokazu,Shumilov,9999-01-01,Senior Staff
223652,Amalendu,Vidya,9999-01-01,Engineer
223656,Eishiro,Oskamp,9999-01-01,Staff
223657,Kazuhide,Luca,9999-01-01,Technique Leader
223672,Ibibia,Deville,9999-01-01,Senior Staff
223703,Kokou,Bottner,9999-01-01,Senior Staff
223711,Moti,Peroz,9999-01-01,Engineer
223729,Nahla,Mitchem,9999-01-01,Senior Engineer
223731,Tsutomu,Restivo,9999-01-01,Senior Engineer
223732,Bowen,Perng,9999-01-01,Senior Staff
223742,Arlette,Salvesen,9999-01-01,Technique Leader
223745,Jenwei,Jeansoulin,9999-01-01,Senior Staff
223750,Shaibal,Dayana,9999-01-01,Senior Staff
223768,Mani,Stifter,9999-01-01,Staff
223779,Jianhao,Ghalwash,9999-01-01,Staff
223788,Jinya,Olivero,9999-01-01,Senior Engineer
223790,Aron,Rubsam,9999-01-01,Staff
223827,Bernice,Driscoll,9999-01-01,Technique Leader
223830,Huican,Biros,9999-01-01,Senior Engineer
223850,Mamdouh,Rossi,9999-01-01,Engineer
223856,Anestis,Vidya,9999-01-01,Senior Engineer
223869,Udaiprakash,Woycyznski,9999-01-01,Senior Engineer
223870,Youssef,Kobara,9999-01-01,Engineer
223872,Supot,Penttonen,9999-01-01,Senior Staff
223888,Gino,Stentiford,9999-01-01,Senior Staff
223910,Sverrir,Peltason,9999-01-01,Staff
223927,Bernice,Furudate,9999-01-01,Senior Engineer
223934,Lihong,Yurek,9999-01-01,Engineer
223937,Heekeun,Schoegge,9999-01-01,Senior Engineer
223942,Elgin,Plessier,9999-01-01,Senior Engineer
223970,Marjo,Jansen,9999-01-01,Senior Engineer
223971,Mikhail,Bisiani,9999-01-01,Engineer
223972,Phillip,Peng,9999-01-01,Senior Staff
223975,Yongmin,Kusakabe,9999-01-01,Engineer
223981,Christoph,Cheshire,9999-01-01,Staff
223987,Wayne,Lorch,9999-01-01,Engineer
223995,Hyuckchul,Beilner,9999-01-01,Engineer
224002,Gaurav,Barinka,9999-01-01,Assistant Engineer
224004,Sastry,Ballarin,9999-01-01,Senior Engineer
224006,Mohamadou,Monarch,9999-01-01,Senior Staff
224014,Perry,Beetstra,9999-01-01,Engineer
224030,Atreyi,Sommen,9999-01-01,Staff
224035,Inderjeet,Picaronny,9999-01-01,Staff
224044,Ingemar,Mitchem,9999-01-01,Engineer
224051,Mark,Syrzycki,9999-01-01,Senior Engineer
224067,Lene,Ruther,9999-01-01,Senior Staff
224070,Chrisa,Krzyzanowski,9999-01-01,Staff
224085,Uri,Klerer,9999-01-01,Senior Engineer
224102,Lokesh,Hoogerwoord,9999-01-01,Senior Staff
224111,Naftali,Dulay,9999-01-01,Senior Engineer
224117,Weiru,Khasidashvili,9999-01-01,Staff
224119,Morrie,Terwilliger,9999-01-01,Staff
224139,Sachem,Heuter,9999-01-01,Senior Engineer
224141,Pranjal,Chenoweth,9999-01-01,Engineer
224142,Zhiguo,McClure,9999-01-01,Senior Engineer
224162,Munenori,Olano,9999-01-01,Senior Staff
224166,Mary,Baaz,9999-01-01,Senior Engineer
224171,Chaitali,Ramamoorthy,9999-01-01,Senior Staff
224180,Goncalo,Hartvigsen,9999-01-01,Staff
224181,Sadun,Zongker,9999-01-01,Engineer
224197,Murthy,Neiman,9999-01-01,Senior Staff
224206,Bilhanan,Ciolek,9999-01-01,Senior Staff
224207,Youssef,Khalil,9999-01-01,Technique Leader
224211,Amstein,Schreiter,9999-01-01,Senior Engineer
224214,Alassane,Mateescu,9999-01-01,Engineer
224219,Murthy,Knightly,9999-01-01,Engineer
224222,Sumant,Thorensen,9999-01-01,Senior Staff
224234,Maha,Slobodova,9999-01-01,Senior Engineer
224251,Kensei,Juneja,9999-01-01,Technique Leader
224253,Conal,Monkewich,9999-01-01,Senior Staff
224255,Hatem,Pews,9999-01-01,Staff
224264,Weiwu,Lorch,9999-01-01,Senior Engineer
224269,Makato,Kornatzky,9999-01-01,Senior Staff
224288,Kazunori,Meriste,9999-01-01,Assistant Engineer
224291,Christophe,Rosca,9999-01-01,Senior Engineer
224294,Shmuel,Tyugu,9999-01-01,Senior Staff
224309,Valeri,Shackell,9999-01-01,Engineer
224317,Felicidad,Broomell,9999-01-01,Staff
224319,Mona,Middleton,9999-01-01,Senior Staff
224321,Shooichi,Ritcey,9999-01-01,Engineer
224356,Giri,Tischendorf,9999-01-01,Senior Staff
224368,Aksel,Ventosa,9999-01-01,Senior Staff
224375,Zhilian,Bain,9999-01-01,Senior Staff
224378,Selwyn,Gips,9999-01-01,Engineer
224387,Sajjan,Emiris,9999-01-01,Engineer
224398,Duangkaew,Perly,9999-01-01,Engineer
224410,Mara,Polajnar,9999-01-01,Senior Engineer
224431,Xiadong,Bruckman,9999-01-01,Staff
224456,Kwok,Stasinski,9999-01-01,Senior Staff
224460,Danai,Dayana,9999-01-01,Engineer
224467,Gad,Miyakawa,9999-01-01,Engineer
224472,Marla,Birta,9999-01-01,Assistant Engineer
224497,Yechiam,Range,9999-01-01,Engineer
224498,Mary,Khalil,9999-01-01,Staff
224505,Shuji,Stanger,9999-01-01,Staff
224511,Elzbieta,Einsfeld,9999-01-01,Engineer
224526,Haldun,Uehara,9999-01-01,Staff
224553,Dung,Ibel,9999-01-01,Senior Engineer
224582,Xudong,Ruemmler,9999-01-01,Engineer
224595,Menkae,Langford,9999-01-01,Senior Engineer
224597,Dipayan,Genther,9999-01-01,Senior Staff
224612,Marsha,Munck,9999-01-01,Staff
224622,Tetsurou,Lipner,9999-01-01,Engineer
224665,Lobel,Castellani,9999-01-01,Staff
224675,Barna,Cappello,9999-01-01,Senior Engineer
224676,Souichi,Cesareni,9999-01-01,Senior Staff
224679,Mats,Simmel,9999-01-01,Staff
224680,Beshir,Liedekerke,9999-01-01,Senior Staff
224692,Candida,Perng,9999-01-01,Staff
224694,Arfst,Collette,9999-01-01,Senior Staff
224699,Charlene,Ponthieu,9999-01-01,Engineer
224701,Keung,Vakili,9999-01-01,Engineer
224723,Guadalupe,Alpay,9999-01-01,Engineer
224724,Gretta,Wroclawski,9999-01-01,Senior Engineer
224728,Atreye,Casley,9999-01-01,Senior Staff
224755,Xumin,Heping,9999-01-01,Engineer
224764,Utpal,Nastansky,9999-01-01,Engineer
224776,Thanasis,Salinas,9999-01-01,Staff
224781,Rosli,Soloway,9999-01-01,Technique Leader
224785,Yaghout,Beetstra,9999-01-01,Senior Staff
224791,Jenwei,Besancenot,9999-01-01,Senior Engineer
224795,Chaitali,Shokrollahi,9999-01-01,Staff
224810,Muneo,Cappello,9999-01-01,Staff
224818,Zhensheng,Rosis,9999-01-01,Staff
224820,Shalesh,Plesums,9999-01-01,Senior Staff
224824,Leaf,Zedlitz,9999-01-01,Staff
224828,Zhigen,Versino,9999-01-01,Senior Engineer
224831,Arunas,Ermel,9999-01-01,Staff
224837,Yahiko,Ambroszkiewicz,9999-01-01,Senior Engineer
224843,Janalee,Openshaw,9999-01-01,Staff
224848,LiMin,Waterhouse,9999-01-01,Engineer
224853,Djelloul,Randi,9999-01-01,Engineer
224871,Fumitaka,Conry,9999-01-01,Senior Staff
224875,Yongmao,Gewali,9999-01-01,Senior Staff
224880,Angus,Ramsay,9999-01-01,Technique Leader
224885,Hercules,Matheson,9999-01-01,Staff
224899,Taisook,Taubman,9999-01-01,Technique Leader
224901,Naftali,Pero,9999-01-01,Senior Engineer
224907,Holgard,Matzke,9999-01-01,Staff
224917,Danae,Pollock,9999-01-01,Senior Engineer
224920,Xiaocheng,Sigstam,9999-01-01,Senior Engineer
224927,Conrado,Serna,9999-01-01,Staff
224937,Demin,Solovay,9999-01-01,Senior Engineer
224942,Dayanand,Swab,9999-01-01,Engineer
224951,Susanna,Hartvigsen,9999-01-01,Senior Engineer
224959,Guoxiang,Swen,9999-01-01,Staff
224973,Steve,Gire,9999-01-01,Assistant Engineer
224988,Claude,Steinauer,9999-01-01,Engineer
224995,Chikara,Kadhim,9999-01-01,Senior Engineer
224997,Sailaja,Coors,9999-01-01,Technique Leader
225009,Chuanti,Rouquie,9999-01-01,Senior Engineer
225017,Goh,Bruckman,9999-01-01,Staff
225030,Leszek,Spell,9999-01-01,Staff
225033,Naraig,Camurati,9999-01-01,Engineer
225037,Uzi,Karnin,9999-01-01,Senior Staff
225059,Tuval,Vernadat,9999-01-01,Senior Engineer
225085,Niclas,Mungall,9999-01-01,Senior Engineer
225105,Palash,Hempstead,9999-01-01,Staff
225116,Josyula,Uhrig,9999-01-01,Engineer
225123,Makato,Gide,9999-01-01,Technique Leader
225158,Siddarth,Shrader,9999-01-01,Assistant Engineer
225170,Kersti,Waschkowski,9999-01-01,Senior Engineer
225179,Domenick,Sridhar,9999-01-01,Senior Engineer
225185,Xuejia,Thiria,9999-01-01,Engineer
225186,Sachin,Lipner,9999-01-01,Engineer
225188,Honglan,Malabarba,9999-01-01,Senior Staff
225198,Zhongwei,Plavsic,9999-01-01,Technique Leader
225211,Barry,Krichel,9999-01-01,Staff
225230,Berthier,Montresor,9999-01-01,Engineer
225231,Ibibia,Marakhovsky,9999-01-01,Senior Engineer
225242,Ute,Weiland,9999-01-01,Technique Leader
225253,Uinam,Swiss,9999-01-01,Engineer
225254,Sanjoy,Tzvieli,9999-01-01,Senior Staff
225255,Dharmaraja,Shumilov,9999-01-01,Senior Staff
225277,Hercules,Harbusch,9999-01-01,Assistant Engineer
225280,Perry,Miara,9999-01-01,Staff
225287,Ronnie,Decleir,9999-01-01,Staff
225290,Hidekazu,Vecchi,9999-01-01,Engineer
225301,Huican,Collavizza,9999-01-01,Staff
225306,Wonhee,Pagter,9999-01-01,Staff
225307,Shiv,Angel,9999-01-01,Senior Staff
225313,Luisa,Eiron,9999-01-01,Senior Engineer
225315,Piyawadee,Choobineh,9999-01-01,Engineer
225323,Morrie,Sidhu,9999-01-01,Senior Staff
225324,Quingbo,Oppitz,9999-01-01,Staff
225327,Vishwani,Kalloufi,9999-01-01,Senior Staff
225349,Panayotis,Mahmud,9999-01-01,Engineer
225357,Perry,Papastamatiou,9999-01-01,Senior Engineer
225363,Adamantios,Cullers,9999-01-01,Senior Staff
225364,Souichi,Merle,9999-01-01,Technique Leader
225373,Danel,Rodite,9999-01-01,Engineer
225426,Zhenbing,Ibel,9999-01-01,Senior Staff
225439,Gian,Koblick,9999-01-01,Technique Leader
225444,Masanao,Vural,9999-01-01,Technique Leader
225446,Masako,Poupard,9999-01-01,Senior Staff
225450,Jiann,Famili,9999-01-01,Senior Engineer
225453,Huan,Rothenberg,9999-01-01,Engineer
225455,Eldridge,Papadias,9999-01-01,Technique Leader
225464,Tetsurou,Vieth,9999-01-01,Assistant Engineer
225468,Vasilii,Munawer,9999-01-01,Senior Staff
225480,Sorina,Gimarc,9999-01-01,Senior Staff
225492,Guangming,Deville,9999-01-01,Staff
225503,Kayoko,Kropf,9999-01-01,Senior Engineer
225509,Rajmohan,Leaver,9999-01-01,Engineer
225515,Jenwei,Herber,9999-01-01,Staff
225518,Owen,Zyda,9999-01-01,Senior Staff
225533,Feiyu,Oehlmann,9999-01-01,Senior Staff
225541,Baruch,Brodal,9999-01-01,Engineer
225546,Marl,Albarhamtoshy,9999-01-01,Senior Engineer
225552,Sariel,Lalonde,9999-01-01,Engineer
225587,Chenyi,Orlowska,9999-01-01,Senior Staff
225594,Mariusz,Emmerich,9999-01-01,Staff
225595,Marla,Rosti,9999-01-01,Staff
225606,Jixiang,Rosen,9999-01-01,Staff
225610,Vishv,Morris,9999-01-01,Technique Leader
225613,Alenka,Markovitch,9999-01-01,Engineer
225615,Zhonghui,Clouatre,9999-01-01,Staff
225617,Tommaso,Pettit,9999-01-01,Senior Staff
225618,Shuho,Duclos,9999-01-01,Senior Staff
225621,Erez,Hempstead,9999-01-01,Engineer
225623,Arunas,Taubenfeld,9999-01-01,Staff
225628,Tze,Pokrovskii,9999-01-01,Technique Leader
225630,Jiann,Levasseur,9999-01-01,Senior Staff
225650,Magy,McClure,9999-01-01,Senior Staff
225652,Along,Seiwald,9999-01-01,Senior Engineer
225654,Rosita,Riexinger,9999-01-01,Engineer
225655,Geoff,Pelz,9999-01-01,Staff
225658,Danai,Kakkar,9999-01-01,Senior Staff
225661,Hairong,Baer,9999-01-01,Senior Staff
225681,Xinglin,Guerreiro,9999-01-01,Staff
225699,Jaewoo,Menhoudj,9999-01-01,Senior Staff
225709,Eirik,Validov,9999-01-01,Senior Staff
225711,Vasiliy,Steinauer,9999-01-01,Engineer
225713,Jinxi,Maierhofer,9999-01-01,Engineer
225714,Gadiel,Dayang,9999-01-01,Engineer
225719,Kolar,Himler,9999-01-01,Assistant Engineer
225747,Tadahiko,Tiemann,9999-01-01,Senior Engineer
225760,Subhrajyoti,Adachi,9999-01-01,Staff
225766,Lalit,Peyn,9999-01-01,Senior Staff
225770,Visit,Khasidashvili,9999-01-01,Assistant Engineer
225779,Suzette,Huhdanpaa,9999-01-01,Senior Staff
225811,Takushi,Zallocco,9999-01-01,Senior Engineer
225816,Bader,Jansen,9999-01-01,Senior Staff
225818,Tomoyuki,Shihab,9999-01-01,Technique Leader
225829,Takahito,Peak,9999-01-01,Engineer
225840,Moti,Rodier,9999-01-01,Senior Staff
225843,Remco,Codenie,9999-01-01,Senior Engineer
225871,Ronghao,Kavraki,9999-01-01,Staff
225885,Mingzeng,Simmel,9999-01-01,Staff
225890,Alois,Oxenboll,9999-01-01,Senior Staff
225891,Mohd,Mondadori,9999-01-01,Senior Engineer
225899,Pradeep,Penttonen,9999-01-01,Technique Leader
225900,Tse,Roisin,9999-01-01,Engineer
225902,Ayonca,Schusler,9999-01-01,Staff
225919,Christfried,Dayang,9999-01-01,Senior Staff
225928,Kasturi,Huxford,9999-01-01,Staff
225941,Alenka,Angelopoulos,9999-01-01,Senior Staff
225952,Venkatesan,Serre,9999-01-01,Senior Staff
225955,Radhia,Bernini,9999-01-01,Engineer
225956,Mads,Parhami,9999-01-01,Engineer
225965,Dhritiman,Alpay,9999-01-01,Engineer
225968,Domenico,Brickell,9999-01-01,Senior Engineer
225979,Malu,Hoogerwoord,9999-01-01,Staff
225980,Luigi,Antonakopoulos,9999-01-01,Senior Engineer
225981,Niclas,Hopewell,9999-01-01,Engineer
225982,Susanta,Zaiane,9999-01-01,Senior Engineer
225992,Sverrir,Zedlitz,9999-01-01,Senior Staff
225995,Khoa,Gniady,9999-01-01,Assistant Engineer
226012,Sahrah,Katalagarianos,9999-01-01,Senior Engineer
226017,Badri,Orlowski,9999-01-01,Senior Engineer
226019,Billie,Bellmore,9999-01-01,Staff
226032,Sadegh,Vernadat,9999-01-01,Engineer
226067,Baruch,Benner,9999-01-01,Staff
226079,Naraig,Badache,9999-01-01,Senior Engineer
226080,Fabrizio,Decleir,9999-01-01,Senior Engineer
226092,Chinho,Nyanchama,9999-01-01,Engineer
226093,Werner,Iacovou,9999-01-01,Staff
226095,Unal,Kalsbeek,9999-01-01,Staff
226099,Malu,Chandrasekhar,9999-01-01,Staff
226110,Shuji,Stasinski,9999-01-01,Senior Staff
226112,Susanna,Gomatam,9999-01-01,Senior Staff
226121,Vidar,Narahara,9999-01-01,Senior Engineer
226146,Shichao,Syrzycki,9999-01-01,Senior Engineer
226166,Selwyn,Mapelli,9999-01-01,Staff
226181,Maris,Sudbeck,9999-01-01,Engineer
226191,Toong,Jakobus,9999-01-01,Staff
226231,Heekeun,Raoux,9999-01-01,Engineer
226263,Rajmohan,Attimonelli,9999-01-01,Staff
226269,Collette,Zhiwei,9999-01-01,Staff
226270,Uwe,Honiden,9999-01-01,Staff
226275,Alain,Katiyar,9999-01-01,Engineer
226281,Doowon,Kragelund,9999-01-01,Engineer
226282,Emdad,Krzyzanowski,9999-01-01,Senior Staff
226299,Reuven,McDermid,9999-01-01,Senior Engineer
226302,Danae,Braunmuhl,9999-01-01,Senior Engineer
226309,Youngkon,Portugali,9999-01-01,Senior Engineer
226313,Aiichiro,Christ,9999-01-01,Staff
226325,Leni,Avouris,9999-01-01,Senior Staff
226367,Ung,Munro,9999-01-01,Senior Staff
226369,Kensei,Heping,9999-01-01,Senior Staff
226382,Moss,Khasidashvili,9999-01-01,Senior Staff
226384,Hausi,Makinen,9999-01-01,Staff
226385,Xiaoshan,Broomell,9999-01-01,Senior Engineer
226398,Girolamo,Copas,9999-01-01,Senior Engineer
226410,Gio,Sifakis,9999-01-01,Senior Engineer
226424,Siddarth,Constantine,9999-01-01,Technique Leader
226431,Alassane,Budinsky,9999-01-01,Engineer
226435,Radhika,Llado,9999-01-01,Engineer
226438,Subhada,Kambil,9999-01-01,Staff
226452,Patricio,Stellhorn,9999-01-01,Senior Engineer
226453,Saniya,Leonhardt,9999-01-01,Engineer
226456,Phule,Kabayashi,9999-01-01,Engineer
226466,Atilio,Baek,9999-01-01,Staff
226468,Mooi,Asmuth,9999-01-01,Senior Staff
226471,JoAnna,Stroustrup,9999-01-01,Senior Staff
226480,Leszek,Kusalik,9999-01-01,Staff
226497,Ravishankar,Malinowski,9999-01-01,Technique Leader
226526,Lobel,Fiutem,9999-01-01,Engineer
226529,Padma,Lamparter,9999-01-01,Senior Staff
226568,Deniz,Frezza,9999-01-01,Senior Staff
226573,Nathan,Penn,9999-01-01,Senior Engineer
226581,Baoqiu,Nannarelli,9999-01-01,Engineer
226582,Reinhard,Serre,9999-01-01,Staff
226587,Serap,Mitina,9999-01-01,Staff
226601,Faiza,Strehl,9999-01-01,Senior Engineer
226603,Spyrose,Pokrovskii,9999-01-01,Staff
226611,Kersti,Nourani,9999-01-01,Senior Engineer
226614,Valery,Fargier,9999-01-01,Engineer
226616,Zine,Unno,9999-01-01,Senior Engineer
226619,Masanao,Strandh,9999-01-01,Senior Staff
226627,Hilari,Serdy,9999-01-01,Staff
226628,Nishit,Matteis,9999-01-01,Engineer
226643,Hauke,Marshall,9999-01-01,Senior Engineer
226661,Kannan,Rosenbaum,9999-01-01,Assistant Engineer
226671,Mostafa,Coullard,9999-01-01,Senior Engineer
226681,Persi,Coullard,9999-01-01,Engineer
226699,Zsolt,Bolsens,9999-01-01,Staff
226708,Bikash,Zedlitz,9999-01-01,Staff
226715,Paloma,Sullins,9999-01-01,Senior Engineer
226733,Taizo,Pezzoli,9999-01-01,Senior Engineer
226752,Rajmohan,Luit,9999-01-01,Senior Engineer
226765,Ayakannu,Luby,9999-01-01,Senior Engineer
226772,Heping,Koshino,9999-01-01,Staff
226774,Sumali,Remmers,9999-01-01,Senior Engineer
226782,Jaber,Beerel,9999-01-01,Staff
226792,Siamak,Shackel,9999-01-01,Senior Engineer
226796,Aksel,Baar,9999-01-01,Senior Engineer
226801,Xuejia,Roohalamini,9999-01-01,Staff
226808,Giordano,Marchegay,9999-01-01,Engineer
226814,Zhenbing,Pollock,9999-01-01,Engineer
226829,Godehard,Gihr,9999-01-01,Staff
226846,Ortrud,Carrere,9999-01-01,Engineer
226853,Wuxu,Bail,9999-01-01,Assistant Engineer
226878,Abdulah,Furedi,9999-01-01,Staff
226884,Adam,Fortenbacher,9999-01-01,Assistant Engineer
226886,Divine,Bojadziev,9999-01-01,Assistant Engineer
226896,Yurij,Akaboshi,9999-01-01,Senior Staff
226899,Shigehito,Syrotiuk,9999-01-01,Senior Engineer
226905,Koldo,Barreiro,9999-01-01,Senior Staff
226910,Kristen,Rosay,9999-01-01,Senior Staff
226919,Adamantios,Rehfuss,9999-01-01,Senior Staff
226932,Gen,Bridgland,9999-01-01,Senior Staff
226942,Satoru,Rattan,9999-01-01,Technique Leader
226954,Shushma,Pietrzykowski,9999-01-01,Engineer
226987,Arif,Delgrossi,9999-01-01,Engineer
226991,Maha,Schreiter,9999-01-01,Staff
226993,Thanasis,Peot,9999-01-01,Engineer
227015,Rance,Trogemann,9999-01-01,Senior Engineer
227042,Gay,Templeman,9999-01-01,Technique Leader
227048,Arco,Cincotta,9999-01-01,Engineer
227059,Supot,Benzmuller,9999-01-01,Engineer
227069,Shigeichiro,Marshall,9999-01-01,Senior Engineer
227116,Steve,Teitelbaum,9999-01-01,Staff
227134,Mohamadou,Nollmann,9999-01-01,Staff
227144,Anneli,Beeson,9999-01-01,Assistant Engineer
227157,Perla,Swab,9999-01-01,Senior Engineer
227185,Lillian,Syang,9999-01-01,Engineer
227205,Leon,Demizu,9999-01-01,Senior Engineer
227212,Premsyl,Hartvigsen,9999-01-01,Staff
227235,Boutros,Zykh,9999-01-01,Staff
227239,Krisda,Showalter,9999-01-01,Senior Staff
227249,Hideyuki,Erni,9999-01-01,Senior Staff
227250,Sadegh,Kusakabe,9999-01-01,Engineer
227271,Yechiam,Osgood,9999-01-01,Senior Staff
227276,Nobuyoshi,Zultner,9999-01-01,Senior Staff
227277,Pragnesh,Buescher,9999-01-01,Senior Engineer
227296,Oscal,Christ,9999-01-01,Senior Engineer
227299,Kellyn,Millington,9999-01-01,Senior Engineer
227303,Rosalie,Mondadori,9999-01-01,Staff
227318,Claude,Benantar,9999-01-01,Staff
227324,Arve,Cooley,9999-01-01,Staff
227333,Urs,Swist,9999-01-01,Engineer
227358,Rafols,Muhling,9999-01-01,Engineer
227361,Kazuhito,Servieres,9999-01-01,Senior Staff
227388,Arif,Krychniak,9999-01-01,Engineer
227394,Vishu,Georgakopoulos,9999-01-01,Engineer
227399,Gregory,Champarnaud,9999-01-01,Staff
227409,Jianhao,Ullian,9999-01-01,Technique Leader
227416,Ferdinand,Hebert,9999-01-01,Engineer
227423,Arunas,Baby,9999-01-01,Senior Engineer
227448,Steve,Puppo,9999-01-01,Engineer
227456,Mark,Bach,9999-01-01,Staff
227457,Zeydy,Silva,9999-01-01,Senior Engineer
227459,Younwoo,Schmiedel,9999-01-01,Senior Staff
227463,Zorica,Tsunoo,9999-01-01,Engineer
227465,Bartek,Ducloy,9999-01-01,Senior Staff
227471,Djenana,Cannane,9999-01-01,Senior Staff
227473,Feixiong,Olivero,9999-01-01,Senior Staff
227475,Kendra,Danner,9999-01-01,Senior Engineer
227478,Collette,Crouzet,9999-01-01,Senior Staff
227487,Bodo,Nishimukai,9999-01-01,Senior Engineer
227488,Takahito,Jarecki,9999-01-01,Staff
227501,Angus,Biron,9999-01-01,Senior Engineer
227517,Aria,Rathonyi,9999-01-01,Staff
227518,Masoud,Dichev,9999-01-01,Technique Leader
227530,Gilbert,Krichel,9999-01-01,Senior Engineer
227531,Pranay,Varker,9999-01-01,Senior Engineer
227553,Trygve,Schwartzbauer,9999-01-01,Senior Staff
227554,Akemi,Borstler,9999-01-01,Engineer
227563,Peternela,Yamaashi,9999-01-01,Staff
227578,Randy,Alpay,9999-01-01,Senior Engineer
227586,Neelam,Munawer,9999-01-01,Senior Staff
227591,Byong,Genin,9999-01-01,Staff
227592,Mingsen,Karnin,9999-01-01,Staff
227593,Hugo,Leuchs,9999-01-01,Engineer
227595,Gaetan,Kragelund,9999-01-01,Engineer
227608,Christ,Stentiford,9999-01-01,Senior Staff
227650,Takanari,Juneja,9999-01-01,Staff
227662,Gou,Preusig,9999-01-01,Senior Staff
227676,Sakthirel,Ruemmler,9999-01-01,Senior Staff
227684,Denis,Kusakabe,9999-01-01,Senior Staff
227689,Dannz,Seuren,9999-01-01,Staff
227694,Paloma,Chandrasekhar,9999-01-01,Staff
227695,Saeed,DasSarma,9999-01-01,Staff
227696,Moty,Portugali,9999-01-01,Senior Engineer
227698,Genevieve,Majewski,9999-01-01,Senior Engineer
227701,Frederique,Brizzi,9999-01-01,Technique Leader
227710,Stamatina,Douceur,9999-01-01,Engineer
227714,Luigi,Peternell,9999-01-01,Staff
227726,Alejandro,Trystram,9999-01-01,Senior Staff
227741,Behnaam,Kobuchi,9999-01-01,Staff
227752,Xinglin,Birch,9999-01-01,Staff
227772,Waiman,Michaels,9999-01-01,Technique Leader
227777,Ingmar,Ibel,9999-01-01,Engineer
227781,Aleksander,Ramras,9999-01-01,Staff
227783,Xiping,Constantine,9999-01-01,Senior Staff
227792,Woody,Ponthieu,9999-01-01,Staff
227801,Valery,Brobst,9999-01-01,Assistant Engineer
227808,Xiaoheng,Babb,9999-01-01,Staff
227819,Luerbio,Lichtner,9999-01-01,Engineer
227834,Urs,Cardazo,9999-01-01,Senior Staff
227850,Visit,Andreotta,9999-01-01,Senior Engineer
227854,Zvonko,Ibel,9999-01-01,Senior Staff
227864,Tuval,Soicher,9999-01-01,Staff
227868,Ute,Hardjono,9999-01-01,Senior Engineer
227877,Leszek,Tsukune,9999-01-01,Staff
227885,Tesuya,Cheshire,9999-01-01,Engineer
227889,Dipayan,Monarch,9999-01-01,Engineer
227892,George,Stille,9999-01-01,Senior Staff
227894,Lijia,Kulisch,9999-01-01,Assistant Engineer
227907,Bogdan,Camurati,9999-01-01,Engineer
227908,Shih,Denti,9999-01-01,Engineer
227910,Saniya,Alencar,9999-01-01,Staff
227913,Ingemar,Scallan,9999-01-01,Engineer
227925,Ulises,Sgarro,9999-01-01,Senior Staff
227938,Uzi,Schaaf,9999-01-01,Senior Staff
227943,Sushant,Przulj,9999-01-01,Senior Engineer
227958,Shichao,Hennebert,9999-01-01,Staff
227969,Falguni,Mandell,9999-01-01,Staff
227973,Tomofumi,Tyugu,9999-01-01,Staff
228008,Guozhong,Melski,9999-01-01,Senior Engineer
228018,Minghong,Beerel,9999-01-01,Senior Staff
228023,Hidefumi,Denna,9999-01-01,Engineer
228025,Yuguang,Papastamatiou,9999-01-01,Technique Leader
228051,Yuguang,Viele,9999-01-01,Technique Leader
228065,Mariusz,McFarlan,9999-01-01,Staff
228071,Taegyun,Laurillard,9999-01-01,Senior Staff
228095,DAIDA,Suppi,9999-01-01,Senior Engineer
228122,Sugwoo,Kaltofen,9999-01-01,Engineer
228130,Eben,Woycyznski,9999-01-01,Senior Engineer
228142,Vojin,Talmor,9999-01-01,Staff
228146,Navin,Rande,9999-01-01,Staff
228152,Sailaja,Lung,9999-01-01,Staff
228163,Ortrud,Kossowski,9999-01-01,Engineer
228200,Chinhyun,Teitelbaum,9999-01-01,Engineer
228223,Pranav,Hatcliff,9999-01-01,Staff
228227,Werner,Wendorf,9999-01-01,Senior Staff
228233,Francesca,Serov,9999-01-01,Technique Leader
228237,Chanjung,Vakili,9999-01-01,Senior Engineer
228246,Bartek,Aloisi,9999-01-01,Staff
228258,Suzette,Giaccio,9999-01-01,Engineer
228269,Aluzio,Varman,9999-01-01,Staff
228278,Sungwon,Douceur,9999-01-01,Senior Staff
228284,Along,Ressouche,9999-01-01,Engineer
228285,Weiwu,Pollock,9999-01-01,Engineer
228307,Munir,Belinskaya,9999-01-01,Staff
228320,Wonhee,Murrill,9999-01-01,Senior Staff
228331,Wilmer,Poehlman,9999-01-01,Senior Engineer
228337,Yechezkel,Jeansoulin,9999-01-01,Staff
228357,Sarita,Brookner,9999-01-01,Senior Engineer
228358,Goetz,Molenaar,9999-01-01,Senior Engineer
228368,Mario,Remmers,9999-01-01,Engineer
228374,Shahaf,McClurg,9999-01-01,Senior Staff
228411,Khaled,Hofstetter,9999-01-01,Staff
228427,Fumitaka,Rothenberg,9999-01-01,Engineer
228429,Atreye,Emmerich,9999-01-01,Engineer
228436,Vugranam,Baja,9999-01-01,Senior Engineer
228449,Pascal,Kushnir,9999-01-01,Staff
228456,Zengping,Deville,9999-01-01,Technique Leader
228472,Chirstian,Magalhaes,9999-01-01,Engineer
228480,Marc,Gornas,9999-01-01,Senior Staff
228500,Martial,Fontet,9999-01-01,Senior Staff
228507,Zine,VanScheik,9999-01-01,Senior Engineer
228517,Huei,Leaver,9999-01-01,Staff
228519,Lihong,Porotnikoff,9999-01-01,Engineer
228524,Erzsebet,Androutsos,9999-01-01,Senior Engineer
228542,Mack,Quadeer,9999-01-01,Staff
228546,Matk,Chiodo,9999-01-01,Senior Staff
228557,Sanjay,Griswold,9999-01-01,Senior Staff
228563,Paloma,Baer,9999-01-01,Senior Engineer
228564,Mohammad,Yoshimura,9999-01-01,Senior Staff
228576,Owen,Motley,9999-01-01,Senior Staff
228578,JoAnne,Talmon,9999-01-01,Engineer
228587,Katsuo,Basagni,9999-01-01,Senior Staff
228591,Tristan,Petereit,9999-01-01,Senior Staff
228610,Tomokazu,Llado,9999-01-01,Senior Engineer
228636,Paloma,Munck,9999-01-01,Engineer
228654,Sudharsan,Chachaty,9999-01-01,Staff
228655,Jiong,Blokdijk,9999-01-01,Senior Staff
228660,Charmane,Zaiane,9999-01-01,Engineer
228666,Franziska,Conde,9999-01-01,Engineer
228672,Goetz,Pulkowski,9999-01-01,Senior Staff
228683,Girolamo,Coombs,9999-01-01,Staff
228685,Peer,Zolotykh,9999-01-01,Staff
228691,Ortrud,Paciorek,9999-01-01,Engineer
228693,Hideo,Kakkad,9999-01-01,Engineer
228716,Sukumar,Rajcani,9999-01-01,Senior Engineer
228725,Edwin,Navazio,9999-01-01,Senior Engineer
228755,Kazuhira,Angot,9999-01-01,Engineer
228757,Kazuhiko,Lanteri,9999-01-01,Senior Engineer
228758,Aksel,Thummel,9999-01-01,Senior Engineer
228774,Xinan,Klyachko,9999-01-01,Senior Engineer
228778,Yoshinari,Rettelbach,9999-01-01,Staff
228790,Djenana,Felder,9999-01-01,Engineer
228823,Mayuko,Gimbel,9999-01-01,Engineer
228829,Guiseppe,Lagarias,9999-01-01,Engineer
228853,Mayumi,Basawa,9999-01-01,Engineer
228858,Barton,Emmerich,9999-01-01,Senior Engineer
228861,KayLiang,Siksek,9999-01-01,Senior Staff
228889,Mircea,Frolund,9999-01-01,Senior Engineer
228895,Ugo,Fontan,9999-01-01,Staff
228928,Yahiko,Panwar,9999-01-01,Senior Staff
228929,Pascal,Borovoy,9999-01-01,Senior Engineer
228944,Tzu,Hmelo,9999-01-01,Engineer
228960,Eberhardt,Halevi,9999-01-01,Staff
228961,Xiaoshan,Poupard,9999-01-01,Senior Engineer
228972,Amalendu,Heiserman,9999-01-01,Engineer
228973,Cheong,Nations,9999-01-01,Engineer
228982,Alagu,Ramsak,9999-01-01,Senior Staff
228990,Arup,Reeken,9999-01-01,Engineer
228993,Kristine,Marrevee,9999-01-01,Engineer
228999,Fen,Birsak,9999-01-01,Engineer
229024,Holgard,Rajaraman,9999-01-01,Staff
229028,Rasiah,Whittlesey,9999-01-01,Engineer
229046,Fabrizio,Denti,9999-01-01,Staff
229049,Alois,Denis,9999-01-01,Engineer
229058,Barry,Zykh,9999-01-01,Senior Staff
229061,Chinhyun,Lorho,9999-01-01,Staff
229069,Lucian,Crelier,9999-01-01,Senior Engineer
229070,Takushi,Cairo,9999-01-01,Engineer
229088,Kasidit,Servieres,9999-01-01,Engineer
229092,Fumiya,Morrin,9999-01-01,Engineer
229111,Satoru,Schiper,9999-01-01,Senior Engineer
229122,Masasuke,Lichtner,9999-01-01,Senior Staff
229126,Leszek,Kolvik,9999-01-01,Senior Staff
229137,Susanta,Prenel,9999-01-01,Technique Leader
229147,Eberhardt,Birke,9999-01-01,Staff
229155,Gino,Glowinski,9999-01-01,Staff
229163,Susuma,Wroclawski,9999-01-01,Senior Staff
229164,Lena,Papastamatiou,9999-01-01,Senior Engineer
229182,Georg,Bail,9999-01-01,Technique Leader
229196,Shin,Gewali,9999-01-01,Staff
229208,Patricio,Christianini,9999-01-01,Senior Staff
229216,Becky,Muniz,9999-01-01,Senior Staff
229225,Clyde,McClure,9999-01-01,Senior Engineer
229231,Oscar,Toyoshima,9999-01-01,Senior Engineer
229240,Sachar,Kugler,9999-01-01,Senior Engineer
229249,Debatosh,Sgarro,9999-01-01,Senior Engineer
229255,George,Nannarelli,9999-01-01,Engineer
229259,Georgi,Narahari,9999-01-01,Senior Engineer
229266,Cathie,Munck,9999-01-01,Engineer
229271,Kiyokazu,Schapiro,9999-01-01,Staff
229281,Hitomi,Solovay,9999-01-01,Engineer
229307,Padma,Peroz,9999-01-01,Engineer
229317,Fumiya,Wegerle,9999-01-01,Engineer
229335,Hilary,Chinin,9999-01-01,Engineer
229340,Gor,Gadepally,9999-01-01,Senior Engineer
229347,Sedat,Hiltgen,9999-01-01,Engineer
229367,Oscar,Katzenelson,9999-01-01,Staff
229368,Chuanti,Marrevee,9999-01-01,Senior Staff
229377,Herb,Slutz,9999-01-01,Engineer
229385,Kwangjo,Guardalben,9999-01-01,Staff
229415,Abdelghani,Ibel,9999-01-01,Senior Engineer
229418,Uri,Sanella,9999-01-01,Senior Engineer
229423,Stafford,Murtafg,9999-01-01,Senior Staff
229435,Arnd,Kading,9999-01-01,Senior Engineer
229443,Mohammad,Hedayat,9999-01-01,Senior Engineer
229444,Zeljko,Rijsenbrij,9999-01-01,Staff
229446,Kazuhiko,Gadepally,9999-01-01,Engineer
229449,Poornachandra,Valtorta,9999-01-01,Engineer
229450,Debatosh,Tramer,9999-01-01,Technique Leader
229461,Berto,Raczkowsky,9999-01-01,Senior Staff
229466,Monique,Schaft,9999-01-01,Engineer
229469,Rosalie,Terkki,9999-01-01,Senior Engineer
229470,Teunis,Bala,9999-01-01,Senior Staff
229477,Barry,Kusakari,9999-01-01,Senior Staff
229480,Franziska,Passafiume,9999-01-01,Engineer
229481,Shimshon,Conti,9999-01-01,Staff
229487,Siamak,Keirsey,9999-01-01,Engineer
229513,Trygve,Lienhardt,9999-01-01,Technique Leader
229516,Susanta,Gischer,9999-01-01,Senior Engineer
229539,Torsten,Kawashima,9999-01-01,Staff
229541,Maya,Rosenbaum,9999-01-01,Staff
229549,Ekawit,DasSarma,9999-01-01,Engineer
229552,Utpal,Shackel,9999-01-01,Senior Staff
229569,Kannan,Merel,9999-01-01,Engineer
229571,Masanao,Pappas,9999-01-01,Senior Engineer
229578,Bernt,Ariola,9999-01-01,Senior Staff
229579,Reinhard,Aumann,9999-01-01,Senior Engineer
229587,Leucio,Zucker,9999-01-01,Senior Engineer
229612,Chuanti,Vidal,9999-01-01,Senior Engineer
229620,Arun,Shackell,9999-01-01,Senior Staff
229627,Samphel,Uehara,9999-01-01,Senior Staff
229649,DAIDA,Montresor,9999-01-01,Senior Engineer
229701,Xinglin,Nollmann,9999-01-01,Senior Engineer
229717,Sivanarayana,Baig,9999-01-01,Staff
229740,Chrisa,Walston,9999-01-01,Senior Engineer
229742,Aran,Lundstrom,9999-01-01,Engineer
229745,Mohd,Ventosa,9999-01-01,Senior Engineer
229761,Amalendu,Garnham,9999-01-01,Senior Staff
229779,Mahmut,Kohling,9999-01-01,Senior Staff
229798,Patricio,Soicher,9999-01-01,Engineer
229810,Katsuo,Attimonelli,9999-01-01,Senior Engineer
229815,Atreyi,Tsukune,9999-01-01,Engineer
229819,Zhenbing,Delgrande,9999-01-01,Technique Leader
229822,Vidya,Basagni,9999-01-01,Engineer
229839,Bojan,Kermarrec,9999-01-01,Senior Engineer
229846,Ibibia,Melton,9999-01-01,Senior Engineer
229853,Mantis,Atchley,9999-01-01,Engineer
229858,Giri,Dulin,9999-01-01,Senior Staff
229860,Ingmar,Sewelson,9999-01-01,Senior Staff
229867,Jasminko,Merkl,9999-01-01,Senior Engineer
229878,Guangming,Asser,9999-01-01,Staff
229903,Hausi,Callaway,9999-01-01,Assistant Engineer
229905,Moss,Trumbly,9999-01-01,Senior Engineer
229911,Ingmar,Jansen,9999-01-01,Senior Staff
229922,Arvin,Condotta,9999-01-01,Engineer
229926,Tomofumi,Sgarro,9999-01-01,Staff
229927,Berto,Valiente,9999-01-01,Senior Engineer
229933,Saniya,Itzfeldt,9999-01-01,Senior Engineer
229937,Huiqun,Butner,9999-01-01,Staff
229949,Alois,Matzov,9999-01-01,Senior Staff
229969,Zine,Walstra,9999-01-01,Staff
229970,Tse,Berendt,9999-01-01,Engineer
229989,Qiwen,Braunschweig,9999-01-01,Staff
229997,Fai,Zwicker,9999-01-01,Senior Staff
230008,Sajjan,Angelopoulos,9999-01-01,Senior Staff
230022,Xuedong,Skogmar,9999-01-01,Staff
230028,Zsolt,Vernadat,9999-01-01,Senior Engineer
230029,Wanqing,Kalorkoti,9999-01-01,Engineer
230046,Nobuyoshi,Hoppenstand,9999-01-01,Engineer
230047,Yucai,Jullig,9999-01-01,Senior Staff
230074,Zito,Templeman,9999-01-01,Staff
230084,Ishfaq,Qiwen,9999-01-01,Engineer
230091,Waiman,Birjandi,9999-01-01,Engineer
230116,Kristine,Wilfing,9999-01-01,Engineer
230121,Zhonghui,Kornatzky,9999-01-01,Engineer
230130,Kien,Quaggetto,9999-01-01,Senior Engineer
230180,Adhemar,Kamble,9999-01-01,Senior Engineer
230182,Urs,Ruemmler,9999-01-01,Engineer
230188,Snehasis,Krychniak,9999-01-01,Senior Staff
230192,Oddvar,Mandelberg,9999-01-01,Engineer
230202,Serge,Gerteisen,9999-01-01,Engineer
230210,Mayumi,Lamma,9999-01-01,Engineer
230213,Yishai,Furedi,9999-01-01,Technique Leader
230219,Heather,Malinowski,9999-01-01,Senior Engineer
230230,Ipke,Halevi,9999-01-01,Senior Engineer
230245,Thodoros,Bain,9999-01-01,Staff
230246,Herbert,Hasham,9999-01-01,Engineer
230252,Soenke,Serra,9999-01-01,Senior Staff
230255,Ennio,Lorcy,9999-01-01,Senior Engineer
230280,Karlis,Feinberg,9999-01-01,Senior Staff
230290,Deborah,Hopewell,9999-01-01,Engineer
230296,Uzi,Makinen,9999-01-01,Engineer
230321,Gunilla,Alencar,9999-01-01,Senior Staff
230325,Gio,Kinley,9999-01-01,Senior Engineer
230331,Nidapan,Beutelspacher,9999-01-01,Technique Leader
230346,Guiseppe,Trumbly,9999-01-01,Senior Staff
230348,Yongmao,Awdeh,9999-01-01,Senior Staff
230353,Siamak,Maierhofer,9999-01-01,Staff
230355,Debaprosad,Lamma,9999-01-01,Senior Engineer
230357,Mitchel,Marciano,9999-01-01,Senior Engineer
230367,Susuma,Lubachevsky,9999-01-01,Senior Staff
230378,Brigham,Babu,9999-01-01,Staff
230385,Kirk,Lorys,9999-01-01,Staff
230412,Subhrajyoti,Mikschl,9999-01-01,Engineer
230419,Mona,Comte,9999-01-01,Senior Engineer
230426,Make,Riesenhuber,9999-01-01,Engineer
230444,Edwin,Ghalwash,9999-01-01,Senior Engineer
230453,Limsoon,Macedo,9999-01-01,Staff
230465,Sajjan,Coullard,9999-01-01,Engineer
230468,Takahito,Zweizig,9999-01-01,Engineer
230480,Udo,Bernini,9999-01-01,Senior Staff
230481,Khaled,Rathonyi,9999-01-01,Engineer
230496,Tomokazu,Gips,9999-01-01,Engineer
230541,Shaunak,Riexinger,9999-01-01,Senior Engineer
230545,Bokyung,Baba,9999-01-01,Senior Staff
230553,Oldrich,Mapelli,9999-01-01,Senior Engineer
230583,Aruna,Velasco,9999-01-01,Senior Engineer
230594,Basim,Cyne,9999-01-01,Senior Engineer
230602,Arnould,Wursthorn,9999-01-01,Assistant Engineer
230610,Stepehn,Veevers,9999-01-01,Staff
230616,Paloma,Pluym,9999-01-01,Senior Engineer
230621,Ulises,Erol,9999-01-01,Senior Engineer
230622,Unal,Quittner,9999-01-01,Technique Leader
230636,Tsz,Pusterhofer,9999-01-01,Staff
230647,Kamakshi,Senzako,9999-01-01,Engineer
230673,Sadegh,Panwar,9999-01-01,Senior Engineer
230681,Jinya,Hiraishi,9999-01-01,Senior Staff
230690,Khoa,Papastamatiou,9999-01-01,Senior Staff
230691,Mantis,Angelopoulos,9999-01-01,Senior Staff
230701,Kristen,Salverda,9999-01-01,Engineer
230707,Tesuro,Verhoeff,9999-01-01,Engineer
230716,Xinglin,Panangaden,9999-01-01,Senior Staff
230723,Shimshon,Portugali,9999-01-01,Senior Staff
230737,Hsiangchu,Hagimont,9999-01-01,Engineer
230747,Piyush,Haumacher,9999-01-01,Engineer
230750,Magy,Vigier,9999-01-01,Senior Staff
230753,Geraldo,Suri,9999-01-01,Senior Engineer
230771,Bezalel,Colorni,9999-01-01,Engineer
230774,Tetsushi,Erni,9999-01-01,Engineer
230801,Giao,Engberts,9999-01-01,Staff
230808,Roded,Piveteau,9999-01-01,Senior Engineer
230813,Tesuya,Shumilov,9999-01-01,Senior Staff
230822,Saeko,Rebaine,9999-01-01,Staff
230825,Atilio,Stentiford,9999-01-01,Senior Engineer
230846,Parto,Perelgut,9999-01-01,Senior Engineer
230848,Michaela,Oxenboll,9999-01-01,Senior Engineer
230859,Jaques,Cichocki,9999-01-01,Senior Engineer
230862,Kazuyasu,Rouquie,9999-01-01,Engineer
230868,Zengping,Poulakidas,9999-01-01,Senior Staff
230871,Rildo,Rabejac,9999-01-01,Senior Staff
230875,Keiichiro,Kushner,9999-01-01,Staff
230882,Geoffrey,Pezzoli,9999-01-01,Engineer
230883,Pradeep,Kawashima,9999-01-01,Senior Staff
230885,Gila,Zhiwei,9999-01-01,Senior Engineer
230895,Godehard,Parhami,9999-01-01,Assistant Engineer
230898,Charlene,Vitiello,9999-01-01,Assistant Engineer
230906,Qunsheng,Marchegay,9999-01-01,Staff
230916,Lena,Bale,9999-01-01,Senior Staff
230928,Tesuya,Schlumberger,9999-01-01,Engineer
230931,Petter,Hoppenstand,9999-01-01,Engineer
230935,Heon,Scallan,9999-01-01,Engineer
230937,Indrajit,Kermarrec,9999-01-01,Engineer
230939,Peternela,Matzen,9999-01-01,Senior Staff
230946,Tamiya,Taubenfeld,9999-01-01,Staff
230948,Emdad,Peac,9999-01-01,Senior Engineer
230956,Moheb,Ranft,9999-01-01,Engineer
230958,Krisda,Bade,9999-01-01,Engineer
230966,Tadahiro,Melski,9999-01-01,Engineer
230970,Alper,Lammel,9999-01-01,Engineer
230975,DeForest,Keohane,9999-01-01,Engineer
230976,Chuanyi,Serot,9999-01-01,Senior Staff
230984,Odinaldo,Itzigehl,9999-01-01,Senior Engineer
230985,Hatsukazu,Taubman,9999-01-01,Engineer
231005,Muzhong,Murthy,9999-01-01,Senior Staff
231006,Gill,Delgrossi,9999-01-01,Senior Staff
231016,Hitofumi,Valette,9999-01-01,Senior Engineer
231023,Toshimo,Madeira,9999-01-01,Senior Engineer
231027,Kazuhiko,Denny,9999-01-01,Senior Engineer
231034,Xiaobin,Coors,9999-01-01,Staff
231036,Hyuncheol,Soloway,9999-01-01,Senior Staff
231044,Stevo,Merey,9999-01-01,Senior Engineer
231056,Margo,McAlpine,9999-01-01,Engineer
231057,Ziyad,Bhattacharjee,9999-01-01,Staff
231062,Kwee,Godskesen,9999-01-01,Staff
231073,Yechiam,Rattan,9999-01-01,Staff
231083,Gritta,Angelopoulos,9999-01-01,Senior Engineer
231096,Debaprosad,Tyugu,9999-01-01,Staff
231110,Kiyomitsu,Sidou,9999-01-01,Senior Staff
231111,Shirish,Rosiles,9999-01-01,Senior Engineer
231116,Kristof,Danecki,9999-01-01,Senior Engineer
231122,Jeane,Baik,9999-01-01,Senior Engineer
231132,Arunas,Hofstetter,9999-01-01,Senior Staff
231144,Pradeep,Simmen,9999-01-01,Senior Staff
231151,Jessie,Varman,9999-01-01,Staff
231163,Emran,Dechter,9999-01-01,Staff
231178,Gennady,Highland,9999-01-01,Senior Staff
231192,Zorica,Siepmann,9999-01-01,Engineer
231193,Freyja,Isaac,9999-01-01,Senior Engineer
231194,Tonny,Burnard,9999-01-01,Senior Engineer
231202,Nobuyoshi,Fioravanti,9999-01-01,Engineer
231207,Peternela,Lakshmanan,9999-01-01,Technique Leader
231236,Guadalupe,Iisaka,9999-01-01,Engineer
231238,Sarita,Tsukuda,9999-01-01,Engineer
231243,Abdelghani,Birta,9999-01-01,Senior Staff
231270,Gritta,Rassart,9999-01-01,Senior Staff
231276,Jayesh,Butner,9999-01-01,Senior Staff
231280,Weidon,Verhoeff,9999-01-01,Technique Leader
231294,Sven,Brender,9999-01-01,Senior Staff
231308,Lijie,Boudaillier,9999-01-01,Staff
231315,Subir,Farrar,9999-01-01,Senior Engineer
231316,Zhilian,Soloway,9999-01-01,Engineer
231333,Kinh,Stroustrup,9999-01-01,Senior Staff
231339,Bogdan,Skrikant,9999-01-01,Engineer
231344,Ohad,Kalafatis,9999-01-01,Staff
231347,Kiam,Thimonier,9999-01-01,Senior Engineer
231372,Khatoun,Koblick,9999-01-01,Staff
231375,Jungsoon,Kushnir,9999-01-01,Senior Staff
231401,Fumino,Biran,9999-01-01,Senior Engineer
231409,Maya,Thorensen,9999-01-01,Senior Engineer
231410,Persi,Sidou,9999-01-01,Senior Staff
231411,Prasadram,Perfilyeva,9999-01-01,Senior Staff
231424,Dayanand,Fortenbacher,9999-01-01,Staff
231425,Danai,DuCasse,9999-01-01,Senior Engineer
231430,Quingbo,Kusakabe,9999-01-01,Staff
231431,Anestis,Merle,9999-01-01,Senior Staff
231436,Hironobu,Nannarelli,9999-01-01,Engineer
231440,Mariangiola,Lores,9999-01-01,Senior Engineer
231469,Juyoung,Denos,9999-01-01,Senior Engineer
231471,Saeko,Chinin,9999-01-01,Senior Engineer
231477,Larisa,Krohm,9999-01-01,Staff
231486,Yefim,Cmelik,9999-01-01,Senior Engineer
231490,Etsuo,Clouatre,9999-01-01,Senior Staff
231499,Inderjeet,Perly,9999-01-01,Staff
231520,Junichi,Angel,9999-01-01,Engineer
231521,Kiam,Koshino,9999-01-01,Engineer
231536,Jouni,Wrigley,9999-01-01,Senior Staff
231553,Oksana,Simkin,9999-01-01,Senior Engineer
231554,Xiaoshan,Hennings,9999-01-01,Engineer
231557,Janche,Griswold,9999-01-01,Engineer
231563,Khosrow,Rijckaert,9999-01-01,Staff
231564,Vasilii,Nanard,9999-01-01,Staff
231566,Lillian,Brickell,9999-01-01,Senior Staff
231570,Dietrich,Vecchi,9999-01-01,Staff
231571,Lena,Broomell,9999-01-01,Senior Staff
231583,Szabolcs,Laventhal,9999-01-01,Engineer
231586,Teunis,Standera,9999-01-01,Senior Staff
231602,Leaf,Azumi,9999-01-01,Engineer
231611,Moni,Muhlberg,9999-01-01,Senior Staff
231635,Billie,Kalafatis,9999-01-01,Technique Leader
231649,Woody,Hebert,9999-01-01,Senior Engineer
231665,Gita,Cullers,9999-01-01,Senior Engineer
231672,Hironobu,Erdi,9999-01-01,Senior Engineer
231696,Foong,Silva,9999-01-01,Senior Staff
231702,Sahrah,Vieri,9999-01-01,Staff
231705,Fusako,Feldhoffer,9999-01-01,Senior Engineer
231706,Achilleas,Pettey,9999-01-01,Staff
231727,Kazuhito,Luca,9999-01-01,Senior Staff
231735,Sanjeeva,Randi,9999-01-01,Senior Staff
231736,Sverrir,Peternell,9999-01-01,Technique Leader
231740,Kyoichi,Gustavson,9999-01-01,Staff
231746,Jaber,Gist,9999-01-01,Staff
231756,Ronnie,Barreiro,9999-01-01,Engineer
231760,Karsten,Auyong,9999-01-01,Senior Staff
231815,Marjo,Reinhart,9999-01-01,Engineer
231818,Gretta,Hartvigsen,9999-01-01,Technique Leader
231838,Kazuhiko,Strandh,9999-01-01,Engineer
231847,Geraldo,Pauthner,9999-01-01,Staff
231858,Geoffry,Baez,9999-01-01,Senior Staff
231874,Murthy,Peroz,9999-01-01,Senior Staff
231876,Abdelkader,Akazan,9999-01-01,Staff
231879,Kyoichi,Acton,9999-01-01,Engineer
231883,Srinidhi,Heering,9999-01-01,Senior Staff
231887,Yongmin,Petereit,9999-01-01,Senior Staff
231891,Yagil,Ranka,9999-01-01,Senior Staff
231895,Shiv,Hmelo,9999-01-01,Senior Engineer
231905,Hugo,Comellas,9999-01-01,Engineer
231918,Ger,Naumovich,9999-01-01,Senior Engineer
231919,Sanjit,Lamma,9999-01-01,Senior Engineer
231922,Mohammad,Minakawa,9999-01-01,Engineer
231929,Adit,Muhlberg,9999-01-01,Senior Staff
231935,Duri,Perry,9999-01-01,Senior Engineer
231950,Stella,Marchegay,9999-01-01,Senior Engineer
231952,Carrsten,Docker,9999-01-01,Senior Engineer
231956,Spyrose,Birjandi,9999-01-01,Staff
231959,Adib,Hatcliff,9999-01-01,Staff
231968,Elrique,Mapelli,9999-01-01,Senior Engineer
231978,Somnath,Plesums,9999-01-01,Senior Staff
231994,Hideyuki,Hagimont,9999-01-01,Senior Engineer
232030,Kish,Waleschkowski,9999-01-01,Senior Engineer
232031,Zvonko,Alpay,9999-01-01,Engineer
232035,Yakichi,Marwedel,9999-01-01,Senior Engineer
232038,Ennio,Bach,9999-01-01,Senior Engineer
232040,Vasiliy,Hoogerwoord,9999-01-01,Senior Engineer
232045,Berhard,Goodrum,9999-01-01,Engineer
232048,Mabhin,Kandlur,9999-01-01,Engineer
232050,Tomoyuki,Weedon,9999-01-01,Staff
232053,Izaskun,Mundy,9999-01-01,Senior Engineer
232057,Valter,Candan,9999-01-01,Staff
232058,Shigeichiro,Pehl,9999-01-01,Engineer
232067,Abdelwaheb,Rosay,9999-01-01,Engineer
232089,Yoshimitsu,Czaja,9999-01-01,Engineer
232098,Margareta,Bale,9999-01-01,Senior Staff
232102,Hidekazu,Ramsay,9999-01-01,Staff
232107,Boutros,Baby,9999-01-01,Senior Engineer
232121,Ayonca,Panwar,9999-01-01,Senior Engineer
232127,Jamaludin,Hanabata,9999-01-01,Engineer
232134,Malu,Suwa,9999-01-01,Engineer
232142,Valter,Merli,9999-01-01,Engineer
232154,Kerhong,Steinauer,9999-01-01,Senior Staff
232184,Persi,Weiland,9999-01-01,Technique Leader
232201,Weicheng,Baig,9999-01-01,Staff
232203,Shaowei,Pollock,9999-01-01,Technique Leader
232204,Mamdouh,Zastre,9999-01-01,Staff
232211,Demos,Nishimukai,9999-01-01,Assistant Engineer
232220,Zengping,Hettesheimer,9999-01-01,Senior Engineer
232230,Gay,Steinauer,9999-01-01,Staff
232243,Manton,Encarnacion,9999-01-01,Senior Staff
232269,Kamran,Szmurlo,9999-01-01,Engineer
232276,Berna,Ruemmler,9999-01-01,Senior Staff
232289,Fun,Farrag,9999-01-01,Senior Engineer
232294,Arie,Klerer,9999-01-01,Engineer
232297,Ghassan,Borstler,9999-01-01,Senior Engineer
232298,Bader,Tempesti,9999-01-01,Technique Leader
232313,Raimond,Schiettecatte,9999-01-01,Staff
232328,Uinam,Stanger,9999-01-01,Senior Engineer
232335,Fay,Boguraev,9999-01-01,Senior Staff
232338,Genta,Mahnke,9999-01-01,Staff
232348,Thanasis,Bernick,9999-01-01,Senior Staff
232357,Doowon,Biros,9999-01-01,Staff
232381,Siddarth,Tempesti,9999-01-01,Staff
232382,Shir,Landherr,9999-01-01,Staff
232384,Selwyn,Niizuma,9999-01-01,Engineer
232389,Marit,Kumaresan,9999-01-01,Engineer
232416,Tokuyasu,Binkley,9999-01-01,Engineer
232423,Szabolcs,Baezner,9999-01-01,Senior Engineer
232436,Morrie,Stemann,9999-01-01,Senior Staff
232437,Kasturi,Douceur,9999-01-01,Staff
232438,Demos,Polupanov,9999-01-01,Staff
232440,Ottavia,Ressouche,9999-01-01,Engineer
232446,Chirstian,Siepmann,9999-01-01,Senior Staff
232466,Weidon,Perri,9999-01-01,Technique Leader
232485,Margo,Denti,9999-01-01,Engineer
232508,Kankanahalli,Brickell,9999-01-01,Senior Staff
232526,Stepehn,Bernick,9999-01-01,Staff
232528,Satyanarayana,Ramsay,9999-01-01,Engineer
232543,Moni,Masada,9999-01-01,Senior Staff
232545,Mani,Vanwelkenhuysen,9999-01-01,Engineer
232559,Ramya,Vernadat,9999-01-01,Senior Staff
232564,Vishu,Trachtenberg,9999-01-01,Senior Engineer
232587,Sreenivas,Weedon,9999-01-01,Engineer
232596,Zvonko,Percebois,9999-01-01,Senior Engineer
232597,Weiye,Butner,9999-01-01,Senior Staff
232599,Haldon,Kropf,9999-01-01,Senior Staff
232601,Claude,Honglei,9999-01-01,Engineer
232613,Uwe,Butner,9999-01-01,Senior Engineer
232617,Kamran,Guerreiro,9999-01-01,Senior Staff
232620,Arne,Rabejac,9999-01-01,Senior Engineer
232623,Guther,Linares,9999-01-01,Senior Engineer
232626,Behnaam,Codenie,9999-01-01,Senior Staff
232632,Brewster,Radhakrishnan,9999-01-01,Senior Engineer
232636,Duro,Peha,9999-01-01,Senior Staff
232638,Morrie,Morris,9999-01-01,Engineer
232677,Arvind,Orlowski,9999-01-01,Senior Staff
232679,Lijie,Baca,9999-01-01,Senior Staff
232684,Hyuckchul,Hockney,9999-01-01,Senior Engineer
232686,Kazuhiko,Akiyama,9999-01-01,Senior Staff
232692,Yakichi,Copas,9999-01-01,Staff
232694,Diederik,Pintelas,9999-01-01,Senior Staff
232711,Palash,Vitiello,9999-01-01,Staff
232716,Manu,Bruckman,9999-01-01,Staff
232722,Mitchel,Srimani,9999-01-01,Staff
232727,Sastry,Jonsson,9999-01-01,Engineer
232748,Zorica,Ernst,9999-01-01,Senior Engineer
232750,Fumitaka,Majewski,9999-01-01,Senior Staff
232753,Tadanori,Sudbeck,9999-01-01,Staff
232758,Jeong,Kisuki,9999-01-01,Engineer
232802,Branimir,Riesenhuber,9999-01-01,Technique Leader
232808,Uriel,Ghalwash,9999-01-01,Senior Engineer
232813,Chandrasekaran,Breugel,9999-01-01,Engineer
232817,Gio,Garigliano,9999-01-01,Senior Staff
232818,Sreenivas,Peck,9999-01-01,Engineer
232834,Chinhyun,Poehlman,9999-01-01,Senior Engineer
232857,Ebbe,Swiss,9999-01-01,Staff
232868,Tua,Suri,9999-01-01,Senior Engineer
232878,Xinyu,Peroz,9999-01-01,Senior Staff
232880,Uli,Reutenauer,9999-01-01,Senior Staff
232882,Zhigen,Pepe,9999-01-01,Senior Staff
232883,Gita,Lorie,9999-01-01,Senior Staff
232888,Ennio,Comellas,9999-01-01,Senior Staff
232890,Alair,Herath,9999-01-01,Staff
232893,Arif,Leonhardt,9999-01-01,Engineer
232897,Toney,Douceur,9999-01-01,Senior Staff
232907,Bernd,Christ,9999-01-01,Senior Staff
232911,Marin,Borstler,9999-01-01,Senior Engineer
232918,Mayuko,Bultermann,9999-01-01,Engineer
232921,Ugo,Ravishankar,9999-01-01,Senior Staff
232933,Keung,Solovay,9999-01-01,Senior Staff
232947,Noritoshi,Meriste,9999-01-01,Senior Staff
232977,Perla,Chenney,9999-01-01,Engineer
232995,Jixiang,Billawala,9999-01-01,Senior Staff
233010,Nirmal,Khamsi,9999-01-01,Engineer
233012,Yuchang,Reistad,9999-01-01,Engineer
233022,Adam,Bisiani,9999-01-01,Senior Engineer
233030,Abdulah,Businaro,9999-01-01,Senior Staff
233040,Terresa,Weedon,9999-01-01,Senior Engineer
233048,Sailaja,Waterhouse,9999-01-01,Senior Staff
233056,Zhenhua,Yoshimura,9999-01-01,Senior Staff
233077,JoAnna,Georgatos,9999-01-01,Senior Staff
233079,Genta,Stranks,9999-01-01,Staff
233097,Djenana,Olano,9999-01-01,Engineer
233099,Geraldo,Garigliano,9999-01-01,Senior Staff
233102,Zhilian,Garigliano,9999-01-01,Senior Staff
233115,Felicidad,Middleton,9999-01-01,Senior Engineer
233118,Fusako,Otillio,9999-01-01,Engineer
233121,Lucian,Norsworthy,9999-01-01,Senior Engineer
233126,Geoff,Kranzdorf,9999-01-01,Engineer
233136,Kauko,Ruther,9999-01-01,Senior Staff
233147,Yishai,Teitelbaum,9999-01-01,Senior Engineer
233163,Jayson,Ginneken,9999-01-01,Staff
233165,Mohan,Crooks,9999-01-01,Senior Engineer
233187,Lunjin,Czaja,9999-01-01,Senior Staff
233194,Masaki,Taneja,9999-01-01,Assistant Engineer
233212,Kazuhiro,Yurov,9999-01-01,Staff
233250,Jayson,Hoogerwoord,9999-01-01,Senior Staff
233253,Kyoichi,Merli,9999-01-01,Engineer
233257,Mikhail,Waeselynck,9999-01-01,Senior Staff
233272,Trygve,Teitelbaum,9999-01-01,Senior Engineer
233278,Berto,Eiron,9999-01-01,Engineer
233284,Isamu,Cannane,9999-01-01,Engineer
233314,Karoline,Luby,9999-01-01,Engineer
233330,Shuji,Spelt,9999-01-01,Staff
233341,Serge,Lienhardt,9999-01-01,Senior Staff
233346,Serenella,Oehlmann,9999-01-01,Assistant Engineer
233354,Mingzeng,Bernick,9999-01-01,Engineer
233366,Sajjad,Kieras,9999-01-01,Senior Staff
233375,Chrisa,Comte,9999-01-01,Technique Leader
233385,Georgi,Kulisch,9999-01-01,Senior Engineer
233388,Aluzio,Wendorf,9999-01-01,Staff
233391,Eldridge,Preusig,9999-01-01,Staff
233400,Vatsa,Rothenberg,9999-01-01,Technique Leader
233410,Munehiko,Kalsbeek,9999-01-01,Senior Staff
233429,Marjo,Kranzdorf,9999-01-01,Engineer
233431,Jingling,Flowers,9999-01-01,Staff
233434,Vivian,Kinley,9999-01-01,Engineer
233443,Satosi,Barvinok,9999-01-01,Senior Staff
233451,Tommaso,Murrill,9999-01-01,Engineer
233464,Hsiangchu,Bach,9999-01-01,Engineer
233481,Nectarios,Talmon,9999-01-01,Senior Engineer
233484,Fatemeh,Segond,9999-01-01,Senior Engineer
233489,Chaosheng,Kopetz,9999-01-01,Staff
233494,Basem,Chartres,9999-01-01,Senior Engineer
233498,Snehasis,Eterovic,9999-01-01,Senior Engineer
233518,Utpal,Conry,9999-01-01,Senior Engineer
233520,Magdalena,Ghazalie,9999-01-01,Staff
233523,Shaowen,Lorcy,9999-01-01,Senior Staff
233526,Yuchang,Comyn,9999-01-01,Engineer
233527,Chenye,Woycyznski,9999-01-01,Staff
233531,Along,Cullers,9999-01-01,Engineer
233538,Sasan,Delgrossi,9999-01-01,Senior Engineer
233539,Sumant,Rossi,9999-01-01,Staff
233547,Masali,Dichev,9999-01-01,Senior Staff
233557,Boutros,Benveniste,9999-01-01,Senior Engineer
233570,Jessie,Sridhar,9999-01-01,Staff
233588,Gill,Genin,9999-01-01,Senior Staff
233591,Fox,Lunn,9999-01-01,Engineer
233594,Xiahua,Yamaashi,9999-01-01,Senior Staff
233602,Ulf,Aloia,9999-01-01,Staff
233610,Mabo,Litzler,9999-01-01,Senior Staff
233613,Nigel,Masand,9999-01-01,Staff
233647,Salvador,Thummel,9999-01-01,Engineer
233649,Fumiya,Gustavson,9999-01-01,Senior Staff
233652,Hatim,Auria,9999-01-01,Staff
233653,Neelam,Chachaty,9999-01-01,Engineer
233659,Chenye,Swick,9999-01-01,Senior Engineer
233681,Adam,Fontet,9999-01-01,Engineer
233701,Shen,Nollmann,9999-01-01,Senior Staff
233706,Lansing,Mawatari,9999-01-01,Technique Leader
233738,Candida,Mayerwieser,9999-01-01,Engineer
233745,Brendon,Schapire,9999-01-01,Engineer
233746,Janche,Yemenis,9999-01-01,Senior Staff
233749,Charlene,Beausoleil,9999-01-01,Senior Engineer
233770,Moheb,Huxford,9999-01-01,Engineer
233783,Tse,Orlowska,9999-01-01,Assistant Engineer
233791,Hideyuki,Zhiwei,9999-01-01,Staff
233798,Pranas,Feinberg,9999-01-01,Senior Engineer
233800,Stepehn,Vingron,9999-01-01,Senior Staff
233810,Stevo,Peltason,9999-01-01,Senior Engineer
233821,Lubomir,Salvesen,9999-01-01,Senior Engineer
233822,Nathan,Mitchem,9999-01-01,Staff
233828,Sariel,Vecchi,9999-01-01,Staff
233834,Guiseppe,Mayerwieser,9999-01-01,Engineer
233835,Vincent,Onuegbe,9999-01-01,Engineer
233837,Filipp,Luef,9999-01-01,Senior Engineer
233858,Irena,Nivat,9999-01-01,Senior Engineer
233878,Shigenori,Vanwelkenhuysen,9999-01-01,Staff
233892,Tiina,Siochi,9999-01-01,Engineer
233899,Shan,Horswill,9999-01-01,Senior Staff
233930,Gina,Quadeer,9999-01-01,Senior Engineer
233934,Nimmagadda,Hanabata,9999-01-01,Technique Leader
233940,Visit,Khalil,9999-01-01,Senior Engineer
233943,Seongbae,Theuretzbacher,9999-01-01,Engineer
233953,Mona,Lindqvist,9999-01-01,Engineer
233958,Toney,Magliocco,9999-01-01,Senior Engineer
233964,Luise,Merle,9999-01-01,Engineer
233966,Shimshon,Albarhamtoshy,9999-01-01,Senior Staff
233975,Werner,Leuchs,9999-01-01,Senior Engineer
233981,Angel,Francisci,9999-01-01,Engineer
234007,Babette,Oskamp,9999-01-01,Engineer
234014,Yuqun,Schoegge,9999-01-01,Senior Staff
234015,Uwe,Hiltgen,9999-01-01,Senior Staff
234016,Katsuo,Sewelson,9999-01-01,Engineer
234025,Uta,Boyle,9999-01-01,Staff
234031,Xudong,Hitomi,9999-01-01,Senior Staff
234045,Gift,Zschoche,9999-01-01,Staff
234046,Guadalupe,Valtorta,9999-01-01,Staff
234054,Janche,Cronan,9999-01-01,Senior Staff
234056,Udaiprakash,Perng,9999-01-01,Staff
234066,Pranay,Haddadi,9999-01-01,Staff
234084,Rance,Viele,9999-01-01,Senior Staff
234092,Mabry,Rusmann,9999-01-01,Senior Engineer
234098,Saddek,Ulupinar,9999-01-01,Senior Staff
234105,Bikash,Broder,9999-01-01,Staff
234120,Heekeun,Ghazalie,9999-01-01,Senior Engineer
234131,Arumugam,Ranka,9999-01-01,Senior Engineer
234136,Leszek,Roison,9999-01-01,Engineer
234146,Felicidad,Molenaar,9999-01-01,Engineer
234151,Wayne,Ozeki,9999-01-01,Senior Staff
234153,Remzi,Beerel,9999-01-01,Engineer
234156,Mitchel,Montemayor,9999-01-01,Staff
234157,Tsutomu,Codenie,9999-01-01,Staff
234166,Isamu,Birke,9999-01-01,Staff
234172,Make,Dulli,9999-01-01,Engineer
234179,Bangqing,Underwood,9999-01-01,Engineer
234181,Masali,Camarinopoulos,9999-01-01,Senior Engineer
234185,Ramya,Asmuth,9999-01-01,Engineer
234208,Yucai,Horswill,9999-01-01,Staff
234214,Yunming,Matzen,9999-01-01,Technique Leader
234230,Falguni,Waymire,9999-01-01,Senior Engineer
234234,Edwin,Minakawa,9999-01-01,Senior Engineer
234237,Falguni,Bugrara,9999-01-01,Engineer
234242,Lobel,Gien,9999-01-01,Senior Staff
234252,Eirik,Kavraki,9999-01-01,Senior Staff
234253,Subhash,Staylopatis,9999-01-01,Senior Staff
234256,Sadok,Kaminger,9999-01-01,Senior Engineer
234281,Zito,Karnin,9999-01-01,Technique Leader
234282,Sasan,Rosis,9999-01-01,Engineer
234300,Subhrajyoti,Beznosov,9999-01-01,Senior Engineer
234307,Shin,Zaumen,9999-01-01,Assistant Engineer
234310,Bojan,Murtagh,9999-01-01,Staff
234311,Fusako,Haddadi,9999-01-01,Staff
234312,Zissis,Ruther,9999-01-01,Staff
234317,Willard,Calkin,9999-01-01,Engineer
234326,Munehiko,Sherertz,9999-01-01,Engineer
234331,Cullen,Cherinka,9999-01-01,Engineer
234334,Kshitij,Kornatzky,9999-01-01,Staff
234337,Masasuke,Thorensen,9999-01-01,Staff
234347,Tomoyuki,Muchinsky,9999-01-01,Assistant Engineer
234357,Heather,Maraist,9999-01-01,Technique Leader
234358,Ioana,Ebeling,9999-01-01,Engineer
234361,Chiranjit,Kamber,9999-01-01,Staff
234366,Goncalo,McFarlan,9999-01-01,Engineer
234374,Hairong,Shackell,9999-01-01,Senior Staff
234390,Mokhtar,Arlazarov,9999-01-01,Senior Engineer
234394,Kazuhide,Sichman,9999-01-01,Staff
234397,Tsz,Oskamp,9999-01-01,Staff
234403,Indrajit,Georgatos,9999-01-01,Senior Engineer
234417,Arunas,Kusakari,9999-01-01,Engineer
234427,Vasilis,Rosaz,9999-01-01,Engineer
234434,Otmar,Strandh,9999-01-01,Senior Engineer
234438,Sreekrishna,Schnelling,9999-01-01,Senior Staff
234442,Marlo,Hutton,9999-01-01,Senior Engineer
234452,Yifei,Schwabacher,9999-01-01,Staff
234457,Arto,Stranks,9999-01-01,Engineer
234495,Zdislav,Ferriere,9999-01-01,Engineer
234500,Dmitry,Zockler,9999-01-01,Engineer
234501,Hisao,Capobianchi,9999-01-01,Senior Engineer
234512,Kitty,Lortz,9999-01-01,Senior Engineer
234515,Chriss,Eastman,9999-01-01,Senior Staff
234516,Unal,Peral,9999-01-01,Senior Engineer
234524,Fai,Yemenis,9999-01-01,Staff
234530,Mostafa,Swan,9999-01-01,Senior Staff
234552,Saniya,Tokunaga,9999-01-01,Senior Staff
234560,Oldrich,Georgatos,9999-01-01,Staff
234562,Howell,Berztiss,9999-01-01,Engineer
234566,Moti,Assaf,9999-01-01,Engineer
234569,Shigeichiro,Serna,9999-01-01,Staff
234591,Kshitij,Hemaspaandra,9999-01-01,Engineer
234601,Alexius,Lanzelotte,9999-01-01,Technique Leader
234603,Deniz,Ambroszkiewicz,9999-01-01,Engineer
234604,Patricia,Aingworth,9999-01-01,Staff
234617,Dekang,Jenevein,9999-01-01,Staff
234639,Morrie,Luck,9999-01-01,Staff
234643,Arvind,Schaar,9999-01-01,Engineer
234663,Ravishankar,Kroon,9999-01-01,Engineer
234668,Basem,Loncour,9999-01-01,Senior Engineer
234676,Yaghout,Valiente,9999-01-01,Engineer
234677,TRUE,Juneja,9999-01-01,Staff
234690,Dmitri,Bridgland,9999-01-01,Senior Engineer
234694,Stamatina,Bernatsky,9999-01-01,Engineer
234699,Sachio,Azumi,9999-01-01,Staff
234703,Deborah,Levasseur,9999-01-01,Assistant Engineer
234709,Lena,Chandrasekhar,9999-01-01,Senior Staff
234718,Jasminko,Assaf,9999-01-01,Senior Staff
234729,Collette,Kropatsch,9999-01-01,Technique Leader
234740,DeForest,Schaar,9999-01-01,Senior Staff
234756,Harjit,Hiltgen,9999-01-01,Senior Engineer
234761,Lijia,Borstler,9999-01-01,Assistant Engineer
234782,Yuriy,Pehl,9999-01-01,Senior Staff
234797,Margo,Schoegge,9999-01-01,Engineer
234801,Jianhao,Perfilyeva,9999-01-01,Senior Staff
234802,Yinlin,Debuse,9999-01-01,Senior Staff
234804,Uriel,Sidou,9999-01-01,Engineer
234809,Jacqueline,Baalen,9999-01-01,Staff
234813,Dietrich,Tagansky,9999-01-01,Senior Engineer
234816,Filipe,Langford,9999-01-01,Engineer
234848,Xiaobin,Bael,9999-01-01,Senior Engineer
234853,Insup,Szemeredi,9999-01-01,Senior Engineer
234854,Marit,Sevcikova,9999-01-01,Staff
234874,Conal,Cronin,9999-01-01,Engineer
234891,Ravishankar,Erez,9999-01-01,Staff
234929,Tonia,Chepyzhov,9999-01-01,Staff
234930,Basant,Erev,9999-01-01,Senior Engineer
234932,TRUE,Brodie,9999-01-01,Senior Staff
234934,Caolyn,Azumi,9999-01-01,Staff
234941,Pohua,Ouhyoung,9999-01-01,Engineer
234962,Greger,Fujisaki,9999-01-01,Technique Leader
234979,Zejun,Dredge,9999-01-01,Staff
234990,Mohamadou,Markovitch,9999-01-01,Engineer
234993,Wuxu,Schade,9999-01-01,Engineer
234995,Mori,Talmon,9999-01-01,Technique Leader
234996,Mark,Hasham,9999-01-01,Engineer
234998,Mayuko,Armand,9999-01-01,Engineer
235001,Anneke,Escriba,9999-01-01,Senior Engineer
235018,Guozhong,Basawa,9999-01-01,Senior Engineer
235019,Tooru,Peir,9999-01-01,Staff
235024,Sariel,VanScheik,9999-01-01,Senior Staff
235028,Yucai,Juneja,9999-01-01,Senior Engineer
235029,Satoru,Oaver,9999-01-01,Staff
235057,Yinghua,Portugali,9999-01-01,Staff
235062,Takahito,Mapelli,9999-01-01,Senior Engineer
235063,Noritoshi,Schwartzburd,9999-01-01,Senior Staff
235078,Yoshinari,Ullian,9999-01-01,Senior Engineer
235088,Gilbert,Mersereau,9999-01-01,Staff
235098,Christ,Murtha,9999-01-01,Staff
235110,Boriana,Biran,9999-01-01,Staff
235115,Sandeepan,Byoun,9999-01-01,Senior Staff
235136,Parto,Azuma,9999-01-01,Engineer
235148,Mountaz,Rouquie,9999-01-01,Senior Engineer
235177,Deborah,Petereit,9999-01-01,Engineer
235180,Mototsugu,Bade,9999-01-01,Staff
235197,Abdelwaheb,Baig,9999-01-01,Senior Staff
235215,Toshimori,Fetvedt,9999-01-01,Staff
235225,Aloke,Binding,9999-01-01,Staff
235232,Ramzi,Spinelli,9999-01-01,Senior Engineer
235236,Kotesh,Furudate,9999-01-01,Engineer
235245,Alassane,Denny,9999-01-01,Senior Engineer
235263,Fusako,Apsitis,9999-01-01,Senior Staff
235267,Troy,Anido,9999-01-01,Assistant Engineer
235270,Nadjib,Matzke,9999-01-01,Engineer
235271,Gregory,Azuma,9999-01-01,Senior Staff
235275,Stafford,Perly,9999-01-01,Technique Leader
235282,Falguni,Munch,9999-01-01,Engineer
235285,Diederik,Morrey,9999-01-01,Engineer
235287,Arco,Glowinski,9999-01-01,Engineer
235291,Arto,Fontet,9999-01-01,Engineer
235317,Sorina,Gerteisen,9999-01-01,Staff
235326,Abdelwaheb,Gustavson,9999-01-01,Senior Engineer
235337,Gian,Sidou,9999-01-01,Senior Engineer
235348,Jinya,Merro,9999-01-01,Engineer
235356,Uri,Hempstead,9999-01-01,Senior Engineer
235359,Badri,Snyers,9999-01-01,Staff
235364,Marie,Keohane,9999-01-01,Senior Staff
235366,Xinyu,Esteva,9999-01-01,Technique Leader
235367,Lucien,Wrigley,9999-01-01,Senior Engineer
235371,Tzu,Merle,9999-01-01,Engineer
235377,Guther,Kusalik,9999-01-01,Staff
235382,Ghassan,Pillow,9999-01-01,Staff
235386,Eirik,Egerstedt,9999-01-01,Senior Staff
235393,Mara,Gill,9999-01-01,Senior Engineer
235394,Visit,Ecklund,9999-01-01,Staff
235400,Tristan,England,9999-01-01,Senior Engineer
235404,Chinho,Stentiford,9999-01-01,Senior Engineer
235425,Deborah,Schiper,9999-01-01,Staff
235450,Hidekazu,Mawatari,9999-01-01,Technique Leader
235454,Guadalupe,Lally,9999-01-01,Senior Engineer
235460,Inderjeet,Giarratana,9999-01-01,Senior Staff
235475,Kiyotoshi,Eldridge,9999-01-01,Senior Engineer
235482,Babette,Poulakidas,9999-01-01,Senior Staff
235486,Tse,Bahr,9999-01-01,Senior Engineer
235488,Tommaso,Reinhart,9999-01-01,Senior Staff
235506,Jaber,Shokrollahi,9999-01-01,Engineer
235512,Bodh,Ranka,9999-01-01,Senior Staff
235524,Jolita,Itzigehl,9999-01-01,Staff
235545,Fatemeh,Collette,9999-01-01,Senior Engineer
235548,Muneo,Nanard,9999-01-01,Senior Staff
235558,Lein,Billawala,9999-01-01,Staff
235562,Doohun,Beerel,9999-01-01,Staff
235565,Suvo,Hopewell,9999-01-01,Engineer
235566,Xuedong,Kleiser,9999-01-01,Senior Staff
235568,Izaskun,Trachtenberg,9999-01-01,Senior Engineer
235570,Suzette,Swist,9999-01-01,Engineer
235573,Adil,Stamatiou,9999-01-01,Staff
235594,Yannik,Heemskerk,9999-01-01,Senior Engineer
235597,Makato,Kobara,9999-01-01,Engineer
235601,Fun,Angel,9999-01-01,Engineer
235605,Aron,Rajaraman,9999-01-01,Senior Engineer
235608,Jiong,Vadhan,9999-01-01,Senior Engineer
235609,Aamer,Talmor,9999-01-01,Staff
235643,Bernardo,Gyimothy,9999-01-01,Senior Staff
235645,Mona,Carrere,9999-01-01,Senior Staff
235658,Adil,Gyorkos,9999-01-01,Senior Staff
235659,Hideyuki,Lanzelotte,9999-01-01,Assistant Engineer
235661,Along,Menhardt,9999-01-01,Staff
235665,Geraldo,Lukaszewicz,9999-01-01,Senior Staff
235678,Lenore,Tomescu,9999-01-01,Senior Engineer
235684,Horward,Georgatos,9999-01-01,Engineer
235706,Shuichi,Fendler,9999-01-01,Senior Engineer
235708,Jayesh,Backhouse,9999-01-01,Senior Staff
235710,Sachem,Bonifati,9999-01-01,Senior Staff
235720,Wilmer,Lores,9999-01-01,Senior Staff
235731,Rosalyn,Gill,9999-01-01,Staff
235735,Miquel,Lagarias,9999-01-01,Engineer
235740,Arco,Baer,9999-01-01,Senior Staff
235773,Georgi,Schonegge,9999-01-01,Engineer
235775,Chriss,Driscoll,9999-01-01,Senior Staff
235776,Christoph,Brickell,9999-01-01,Staff
235786,Przemyslawa,Schlumberger,9999-01-01,Staff
235790,Shigehiro,Hofting,9999-01-01,Assistant Engineer
235800,Huan,Belinskaya,9999-01-01,Engineer
235826,Frazer,Kolinko,9999-01-01,Technique Leader
235834,Kish,Ducloy,9999-01-01,Engineer
235837,Danai,Cannata,9999-01-01,Senior Staff
235841,Stafford,Ibel,9999-01-01,Staff
235862,Neven,Openshaw,9999-01-01,Engineer
235884,Berry,Ishibashi,9999-01-01,Engineer
235899,Toshiko,Picht,9999-01-01,Engineer
235905,Zeljko,Riefers,9999-01-01,Senior Staff
235908,Eckart,Denti,9999-01-01,Senior Engineer
235937,Moto,Atchley,9999-01-01,Senior Engineer
235951,Gen,Unno,9999-01-01,Senior Engineer
235957,Kwangho,Ulupinar,9999-01-01,Senior Staff
235980,Cullen,Serre,9999-01-01,Engineer
236015,Matt,Kroll,9999-01-01,Senior Engineer
236019,Nishit,Gerlach,9999-01-01,Engineer
236038,Aiichiro,Alpin,9999-01-01,Senior Engineer
236041,Girolamo,Nergos,9999-01-01,Senior Staff
236050,Yoshinari,Marchesini,9999-01-01,Senior Engineer
236062,Constantijn,Joslin,9999-01-01,Senior Engineer
236067,Radoslaw,Collette,9999-01-01,Senior Engineer
236083,Marl,Scharstein,9999-01-01,Assistant Engineer
236105,Genevieve,Kleiser,9999-01-01,Engineer
236118,Aleksandar,Conti,9999-01-01,Engineer
236119,Emran,Schwartzburd,9999-01-01,Senior Staff
236125,Abdulah,Jumpertz,9999-01-01,Senior Engineer
236126,Steve,Thambidurai,9999-01-01,Staff
236154,Shmuel,Demeyer,9999-01-01,Staff
236168,Kyoichi,Hopewell,9999-01-01,Engineer
236185,Waiman,Rosen,9999-01-01,Senior Staff
236187,Bokyung,Pollock,9999-01-01,Staff
236190,Ugo,Lichtner,9999-01-01,Engineer
236192,Abdelkader,Whitcomb,9999-01-01,Engineer
236203,Shahab,Suermann,9999-01-01,Assistant Engineer
236208,Mayuri,Plavsic,9999-01-01,Staff
236224,Jolita,Iisaka,9999-01-01,Engineer
236228,Gal,Baez,9999-01-01,Staff
236236,Pranjal,Melichar,9999-01-01,Technique Leader
236243,Jinxi,Daescu,9999-01-01,Staff
236246,Hidekazu,Pena,9999-01-01,Senior Staff
236247,Chaitali,Staudhammer,9999-01-01,Engineer
236258,Goh,Shackell,9999-01-01,Senior Engineer
236259,Baruch,Mondadori,9999-01-01,Staff
236267,Uriel,Remmele,9999-01-01,Engineer
236272,Chirstian,Litvinov,9999-01-01,Engineer
236285,Takahito,Erni,9999-01-01,Engineer
236286,Kasturi,Sidou,9999-01-01,Staff
236287,Babette,Butner,9999-01-01,Engineer
236290,Ingmar,Sichman,9999-01-01,Engineer
236293,Brendon,Rosiles,9999-01-01,Engineer
236294,Christ,Khalil,9999-01-01,Staff
236299,Jeane,Vingron,9999-01-01,Senior Engineer
236303,Wilmer,Michaels,9999-01-01,Staff
236328,Chinhyun,Nations,9999-01-01,Assistant Engineer
236329,Bodo,Rosay,9999-01-01,Assistant Engineer
236331,Golgen,Pettit,9999-01-01,Staff
236332,Jeanne,Berstel,9999-01-01,Senior Staff
236373,Mahendra,Fujisaki,9999-01-01,Staff
236381,Breannda,Stavenow,9999-01-01,Senior Staff
236383,Magdalena,Figueira,9999-01-01,Technique Leader
236386,Jiong,Yetto,9999-01-01,Technique Leader
236396,Zhonghui,Spataro,9999-01-01,Senior Staff
236398,Satyanarayana,Ciolek,9999-01-01,Engineer
236413,Elzbieta,Awdeh,9999-01-01,Senior Engineer
236414,Shigehiro,Barbanera,9999-01-01,Senior Engineer
236417,Nikolaus,Beilner,9999-01-01,Senior Staff
236441,Salvador,Bednarek,9999-01-01,Assistant Engineer
236447,Achilleas,Vasanthakumar,9999-01-01,Staff
236451,Taegyun,Mahmud,9999-01-01,Staff
236466,Yinghua,Krohn,9999-01-01,Senior Staff
236496,Dhritiman,Lyonns,9999-01-01,Engineer
236508,Subir,Salinas,9999-01-01,Senior Staff
236555,Adamantios,Luga,9999-01-01,Staff
236557,Zhonghua,Markovitch,9999-01-01,Senior Engineer
236558,Rosalie,Asmuth,9999-01-01,Senior Staff
236574,Jacqueline,Munch,9999-01-01,Senior Engineer
236581,Gurbir,Oxenboll,9999-01-01,Staff
236602,Temple,Baak,9999-01-01,Senior Engineer
236607,Geraldo,Lorcy,9999-01-01,Engineer
236609,Denny,Luks,9999-01-01,Staff
236615,Geoffrey,Kuszyk,9999-01-01,Engineer
236634,Mohd,Falster,9999-01-01,Staff
236652,Kayoko,Sidje,9999-01-01,Senior Engineer
236696,Xiaoheng,Cappelli,9999-01-01,Senior Engineer
236698,Kokou,Ramaiah,9999-01-01,Technique Leader
236708,Pascal,Bennet,9999-01-01,Engineer
236727,Duri,Staylopatis,9999-01-01,Staff
236732,Gladys,Thiria,9999-01-01,Engineer
236733,Ziva,Pero,9999-01-01,Senior Staff
236740,Shahaf,Bergere,9999-01-01,Senior Engineer
236743,Muneo,Terwilliger,9999-01-01,Senior Engineer
236764,Ibibia,Ulupinar,9999-01-01,Senior Staff
236767,Faiza,Stifter,9999-01-01,Engineer
236787,Suebskul,Rathonyi,9999-01-01,Senior Staff
236795,Arno,Trystram,9999-01-01,Staff
236812,Xiaoheng,Azadmanesh,9999-01-01,Engineer
236837,Mabhin,Qiwen,9999-01-01,Senior Engineer
236848,Vincent,Marwedel,9999-01-01,Engineer
236856,JoAnne,Couchot,9999-01-01,Engineer
236858,Haldun,Bharadwaj,9999-01-01,Technique Leader
236860,Jaewoo,Skafidas,9999-01-01,Assistant Engineer
236878,Lech,Savasere,9999-01-01,Engineer
236936,Hironobu,Schusler,9999-01-01,Senior Engineer
236938,Elgin,dAstous,9999-01-01,Engineer
236957,Marsal,Matzen,9999-01-01,Staff
236972,Nishit,Ouhyoung,9999-01-01,Senior Staff
236995,Mari,Brender,9999-01-01,Senior Staff
236997,Moss,Peral,9999-01-01,Engineer
237008,Giap,Roisin,9999-01-01,Senior Engineer
237012,Berhard,Narwekar,9999-01-01,Senior Engineer
237022,Ibibia,Gopalakrishnan,9999-01-01,Senior Staff
237047,Akeel,Peres,9999-01-01,Staff
237064,Shrikanth,Frezza,9999-01-01,Engineer
237073,Cheong,Moehrke,9999-01-01,Senior Staff
237078,Khalid,Braccini,9999-01-01,Technique Leader
237085,Sedat,Cesareni,9999-01-01,Senior Engineer
237093,Demos,Ranum,9999-01-01,Technique Leader
237095,Babette,Luck,9999-01-01,Senior Staff
237110,Yishay,Bardell,9999-01-01,Staff
237134,Nitsan,Aloisi,9999-01-01,Staff
237136,Stabislas,Poulakidas,9999-01-01,Senior Engineer
237142,Dung,Schiper,9999-01-01,Staff
237153,Douadi,Lukaszewicz,9999-01-01,Staff
237154,Makato,Bardell,9999-01-01,Senior Staff
237156,Khedija,Berendt,9999-01-01,Senior Staff
237158,Shaowei,Hertweck,9999-01-01,Staff
237159,KayLiang,Turnbull,9999-01-01,Senior Engineer
237160,Akeno,Rande,9999-01-01,Senior Engineer
237175,Adil,Reutenauer,9999-01-01,Senior Staff
237178,Kiyokazu,Anick,9999-01-01,Senior Staff
237179,Leen,Ernst,9999-01-01,Staff
237186,Mingzeng,Selenyi,9999-01-01,Staff
237187,Prodip,Ariola,9999-01-01,Staff
237193,Premal,Birjandi,9999-01-01,Engineer
237202,Hongzhu,Hettesheimer,9999-01-01,Staff
237221,Magy,Krohm,9999-01-01,Technique Leader
237227,Jasminko,Baba,9999-01-01,Staff
237234,Martins,Stavenow,9999-01-01,Engineer
237240,Jianhua,Trumbly,9999-01-01,Engineer
237253,Jianhao,Bisiani,9999-01-01,Senior Staff
237262,Jagoda,Otillio,9999-01-01,Senior Engineer
237263,Jaroslava,Nivat,9999-01-01,Engineer
237291,Jackson,Gecsei,9999-01-01,Staff
237303,LiMin,Herbst,9999-01-01,Senior Staff
237310,Beshir,Polajnar,9999-01-01,Staff
237324,Susanna,Lorin,9999-01-01,Technique Leader
237325,Jayson,Passino,9999-01-01,Staff
237337,Heekeun,Vuskovic,9999-01-01,Senior Staff
237343,Ottavia,Zolotykh,9999-01-01,Senior Engineer
237348,Dhritiman,Imataki,9999-01-01,Senior Staff
237364,Lunjin,Birsak,9999-01-01,Senior Staff
237376,Takanari,Diderrich,9999-01-01,Engineer
237418,Arvind,Stiles,9999-01-01,Senior Engineer
237419,Bernd,Trachtenberg,9999-01-01,Senior Engineer
237445,Beshir,Furedi,9999-01-01,Engineer
237449,Zita,Edelhoff,9999-01-01,Technique Leader
237460,Masami,Ramsey,9999-01-01,Senior Staff
237463,Becky,Buescher,9999-01-01,Engineer
237472,Rosita,Grospietsch,9999-01-01,Senior Staff
237474,Tetsurou,Poulakidas,9999-01-01,Senior Engineer
237476,Khalil,Vilarrasa,9999-01-01,Staff
237477,Werner,Lindqvist,9999-01-01,Engineer
237479,Patricio,Comyn,9999-01-01,Staff
237480,Achilleas,Ranai,9999-01-01,Engineer
237483,Morrie,Zumaque,9999-01-01,Senior Engineer
237488,Padma,Ishibashi,9999-01-01,Engineer
237497,Turgut,Stavenow,9999-01-01,Senior Staff
237499,Shichao,Vickson,9999-01-01,Engineer
237512,Guozhong,Berztiss,9999-01-01,Engineer
237519,Mayuri,Pearson,9999-01-01,Senior Engineer
237536,Candida,Horswill,9999-01-01,Technique Leader
237537,Avishai,Jarecki,9999-01-01,Senior Staff
237542,Weicheng,Hatcliff,9999-01-01,Staff
237546,Guttorm,Clemencon,9999-01-01,Senior Staff
237548,Khalil,Cappelletti,9999-01-01,Senior Staff
237557,Katsuyuki,Orlowska,9999-01-01,Senior Engineer
237558,Nikolaos,Riefers,9999-01-01,Senior Staff
237570,Ennio,Perng,9999-01-01,Senior Staff
237571,Ronghao,Schaad,9999-01-01,Senior Staff
237572,Jiong,Codenie,9999-01-01,Engineer
237576,Alper,Andreotta,9999-01-01,Senior Staff
237581,Jiang,Szemeredi,9999-01-01,Senior Staff
237585,Elzbieta,Kawashima,9999-01-01,Senior Staff
237591,Halsur,Serov,9999-01-01,Engineer
237598,Tse,Ghelli,9999-01-01,Staff
237638,JoAnne,Kaminger,9999-01-01,Engineer
237643,Premsyl,Begiun,9999-01-01,Senior Engineer
237658,Indrajit,Baik,9999-01-01,Engineer
237663,Junsik,Onuegbe,9999-01-01,Assistant Engineer
237666,Geoffrey,Ranze,9999-01-01,Staff
237671,Reinhard,Cangellaris,9999-01-01,Senior Engineer
237673,Gio,Reistad,9999-01-01,Staff
237681,Shem,Berztiss,9999-01-01,Senior Engineer
237706,Candido,Provine,9999-01-01,Engineer
237717,Owen,Heping,9999-01-01,Technique Leader
237724,Fumiyo,Birch,9999-01-01,Senior Staff
237730,Hatsukazu,Domenig,9999-01-01,Senior Engineer
237740,Fan,Birrer,9999-01-01,Engineer
237741,Jovan,Sankaranarayanan,9999-01-01,Staff
237767,Sanjay,Kalefeld,9999-01-01,Staff
237769,Herb,Daescu,9999-01-01,Staff
237773,Eberhardt,Iwayama,9999-01-01,Engineer
237777,Anneli,Fiebach,9999-01-01,Senior Staff
237787,Bernardo,Isaac,9999-01-01,Senior Staff
237790,Yannik,Bierbaum,9999-01-01,Technique Leader
237794,Fei,Morrin,9999-01-01,Senior Staff
237803,Lihong,Baranowski,9999-01-01,Senior Engineer
237820,Jiakeng,Rosiles,9999-01-01,Senior Engineer
237831,Pramod,Oaver,9999-01-01,Assistant Engineer
237863,Manohar,Kushnir,9999-01-01,Engineer
237874,Otmar,Castellani,9999-01-01,Senior Staff
237892,Pohua,Dechter,9999-01-01,Engineer
237894,Jiang,Dalton,9999-01-01,Staff
237900,Elgin,Rajala,9999-01-01,Senior Engineer
237917,Kendra,Schaad,9999-01-01,Senior Engineer
237923,Gudjon,Straney,9999-01-01,Senior Engineer
237930,Constantijn,Luef,9999-01-01,Senior Engineer
237959,Van,Huxford,9999-01-01,Staff
237965,Toong,Solovay,9999-01-01,Staff
237971,Seongbin,Steenbeek,9999-01-01,Assistant Engineer
237995,Irene,Rassart,9999-01-01,Senior Engineer
238004,Mariusz,Reeken,9999-01-01,Staff
238008,Owen,Kornatzky,9999-01-01,Senior Staff
238018,Amabile,Radhakrishnan,9999-01-01,Technique Leader
238021,Marjo,Prochazka,9999-01-01,Senior Engineer
238032,Filipe,Srimani,9999-01-01,Senior Engineer
238039,Ekawit,Eppinger,9999-01-01,Senior Engineer
238041,Qiwen,Leslie,9999-01-01,Senior Engineer
238044,Leen,Conti,9999-01-01,Senior Staff
238047,Renee,Krohn,9999-01-01,Senior Staff
238049,Subhrajyoti,Undy,9999-01-01,Staff
238053,Lein,Baca,9999-01-01,Staff
238056,Fumiyo,Vakili,9999-01-01,Staff
238066,Florina,Steinauer,9999-01-01,Senior Staff
238072,Oksana,Karnin,9999-01-01,Engineer
238078,Fumiyo,Peroz,9999-01-01,Senior Engineer
238100,Koldo,Burnard,9999-01-01,Senior Engineer
238105,Mikhail,Socorro,9999-01-01,Engineer
238131,Wojceich,Besselaar,9999-01-01,Staff
238149,Adib,Rothe,9999-01-01,Engineer
238155,Adil,Nittel,9999-01-01,Engineer
238159,Toshiki,Schicker,9999-01-01,Staff
238160,Edwin,Merks,9999-01-01,Senior Staff
238164,Perry,Sullins,9999-01-01,Staff
238172,Radhia,Vuskovic,9999-01-01,Senior Staff
238173,Lucian,Rathonyi,9999-01-01,Senior Engineer
238177,Falguni,Hertweck,9999-01-01,Senior Engineer
238200,Alair,Molenkamp,9999-01-01,Senior Engineer
238202,Waiman,Nilsson,9999-01-01,Senior Engineer
238226,Nobuyoshi,Wursthorn,9999-01-01,Senior Engineer
238244,Richara,Rosca,9999-01-01,Senior Engineer
238245,Richard,Diderrich,9999-01-01,Assistant Engineer
238275,Huai,Middleton,9999-01-01,Engineer
238290,Freyja,Awdeh,9999-01-01,Staff
238298,Prasadram,Cunliffe,9999-01-01,Staff
238302,Yishay,Kushnir,9999-01-01,Senior Staff
238316,Kamran,Grospietsch,9999-01-01,Senior Engineer
238342,Filipp,Wielonsky,9999-01-01,Senior Engineer
238355,Roddy,Marzano,9999-01-01,Engineer
238357,Yuriy,Miara,9999-01-01,Senior Staff
238360,Demin,Basawa,9999-01-01,Senior Staff
238372,Yuriy,Harbusch,9999-01-01,Assistant Engineer
238386,Vasilii,Munro,9999-01-01,Engineer
238389,Etsuo,Perfilyeva,9999-01-01,Staff
238406,Conor,Wegerle,9999-01-01,Senior Staff
238475,Fox,Jarecki,9999-01-01,Staff
238476,Khalid,Lanzelotte,9999-01-01,Senior Staff
238498,Heon,Macedo,9999-01-01,Senior Engineer
238504,Baruch,Fiebach,9999-01-01,Senior Engineer
238505,Falguni,Camurati,9999-01-01,Senior Staff
238508,Sahrah,Schach,9999-01-01,Senior Staff
238531,Ugo,Birdsall,9999-01-01,Senior Engineer
238535,Pranay,Kilgour,9999-01-01,Senior Engineer
238537,Tomofumi,Bellone,9999-01-01,Senior Engineer
238538,Fumitaka,Pehl,9999-01-01,Senior Engineer
238548,Masato,Zhang,9999-01-01,Senior Staff
238578,Neelam,Uhrig,9999-01-01,Senior Engineer
238599,Tokuyasu,Breugel,9999-01-01,Staff
238605,Pranay,Negoita,9999-01-01,Senior Staff
238615,Masaru,Falby,9999-01-01,Senior Engineer
238619,Badri,Benantar,9999-01-01,Senior Engineer
238625,Filipe,Schusler,9999-01-01,Senior Engineer
238643,Fumiko,Anido,9999-01-01,Staff
238644,Sanjoy,Jiang,9999-01-01,Senior Staff
238653,Greger,Segond,9999-01-01,Senior Engineer
238659,Khalil,Zirintsis,9999-01-01,Staff
238669,Masako,Rosenbaum,9999-01-01,Senior Staff
238684,Jahangir,Asmuth,9999-01-01,Staff
238689,Maha,Mamelak,9999-01-01,Engineer
238696,Lorien,Gecseg,9999-01-01,Engineer
238700,Arch,Hebden,9999-01-01,Staff
238709,Mayuri,Chappelet,9999-01-01,Senior Engineer
238717,Mario,Kumaresan,9999-01-01,Senior Staff
238743,Paraskevi,Rabehasaina,9999-01-01,Senior Staff
238749,Cordelia,Hebert,9999-01-01,Senior Engineer
238752,Aluzio,Acton,9999-01-01,Senior Engineer
238764,Fen,Candan,9999-01-01,Staff
238769,Freyja,Ducloy,9999-01-01,Staff
238777,Nimmagadda,Luiz,9999-01-01,Staff
238787,Berto,Bennis,9999-01-01,Senior Staff
238791,Deniz,Kroll,9999-01-01,Senior Staff
238800,Make,Ferretti,9999-01-01,Senior Engineer
238804,Teunis,Oskamp,9999-01-01,Engineer
238813,Shaz,Marsiglia,9999-01-01,Engineer
238836,Gopalakrishnan,Merlo,9999-01-01,Senior Staff
238847,Barton,Buchter,9999-01-01,Senior Engineer
238848,Ohad,Randt,9999-01-01,Engineer
238855,Mohit,Gewali,9999-01-01,Engineer
238865,Ebru,Standera,9999-01-01,Engineer
238867,Visit,Sigstam,9999-01-01,Senior Staff
238869,Alagu,Glinert,9999-01-01,Staff
238870,Ashish,Lowrie,9999-01-01,Staff
238880,Atreye,Heyers,9999-01-01,Technique Leader
238886,Holgard,Hanratty,9999-01-01,Engineer
238891,Nitsan,Sudkamp,9999-01-01,Senior Engineer
238900,Yaghout,Furedi,9999-01-01,Senior Engineer
238907,Ashish,Douceur,9999-01-01,Senior Staff
238920,Khatoun,Perly,9999-01-01,Senior Staff
238934,Evgueni,Bardell,9999-01-01,Engineer
238935,Janalee,Jakobus,9999-01-01,Staff
238967,Fei,Jansen,9999-01-01,Senior Engineer
238968,Freyja,Jonsson,9999-01-01,Senior Staff
238978,Shuichi,Cappelli,9999-01-01,Senior Engineer
238982,Vitali,Oxman,9999-01-01,Engineer
238985,Pramod,Emden,9999-01-01,Senior Engineer
238992,Fox,Hiyoshi,9999-01-01,Senior Staff
238997,Yuuichi,Knightly,9999-01-01,Engineer
239004,Peer,Farrag,9999-01-01,Technique Leader
239013,Alassane,Lamparter,9999-01-01,Senior Engineer
239019,Itzchak,Demir,9999-01-01,Senior Staff
239021,Christ,Foong,9999-01-01,Senior Staff
239022,Maik,Selenyi,9999-01-01,Staff
239065,Akhilish,Braunmuhl,9999-01-01,Staff
239066,Stafford,Pesch,9999-01-01,Senior Staff
239074,Chenyi,Koprowski,9999-01-01,Staff
239078,Szabolcs,Narwekar,9999-01-01,Senior Staff
239087,Yishai,Birjandi,9999-01-01,Staff
239094,Hatim,Montresor,9999-01-01,Engineer
239096,Kwan,Highland,9999-01-01,Senior Engineer
239097,Sungwon,Ratnaker,9999-01-01,Senior Engineer
239108,Shigehito,Thombley,9999-01-01,Staff
239115,Arra,Bratsberg,9999-01-01,Senior Staff
239116,DeForest,Silva,9999-01-01,Senior Engineer
239121,Sumant,Beidas,9999-01-01,Engineer
239134,Moss,Magalhaes,9999-01-01,Senior Staff
239137,Shaz,Wynblatt,9999-01-01,Senior Engineer
239139,Kristinn,Varman,9999-01-01,Staff
239146,Duke,Kakkad,9999-01-01,Technique Leader
239153,Sanjoy,Lorcy,9999-01-01,Senior Staff
239160,Chiranjit,Kornatzky,9999-01-01,Senior Engineer
239163,Duro,Wossner,9999-01-01,Assistant Engineer
239166,Elliott,Isard,9999-01-01,Staff
239172,Yinghua,Picel,9999-01-01,Senior Staff
239173,Mitchel,Vandervoorde,9999-01-01,Staff
239184,Jinpo,Luce,9999-01-01,Senior Engineer
239185,Luigi,Giaccio,9999-01-01,Senior Staff
239188,Sanjeeva,Lunn,9999-01-01,Senior Staff
239196,Horward,Onuegbe,9999-01-01,Staff
239204,Sadegh,Cannard,9999-01-01,Staff
239205,Masasuke,Brizzi,9999-01-01,Staff
239223,Aria,Meszaros,9999-01-01,Senior Engineer
239230,Chirstian,Cannard,9999-01-01,Senior Engineer
239256,Kazunori,Passino,9999-01-01,Engineer
239261,Shem,Pileggi,9999-01-01,Senior Engineer
239269,Angus,Linares,9999-01-01,Senior Engineer
239273,Martine,Murtafg,9999-01-01,Senior Engineer
239287,Mario,Katiyar,9999-01-01,Senior Engineer
239294,Valter,Peot,9999-01-01,Engineer
239295,Pragnesh,Orlowska,9999-01-01,Senior Staff
239303,Arne,Rathonyi,9999-01-01,Senior Engineer
239325,Fox,Perz,9999-01-01,Senior Engineer
239326,Aloys,Heping,9999-01-01,Senior Engineer
239332,Nimmagadda,Bael,9999-01-01,Senior Staff
239338,Nitsan,Polupanov,9999-01-01,Senior Staff
239341,Shigehiro,Gecsei,9999-01-01,Senior Staff
239350,Marlo,Peltason,9999-01-01,Senior Staff
239353,Francoise,Wynblatt,9999-01-01,Technique Leader
239362,Susumu,Lorin,9999-01-01,Senior Staff
239365,Hsiangchu,Bratten,9999-01-01,Senior Staff
239377,Geraldo,McFarlan,9999-01-01,Senior Staff
239382,Sanjoy,Oberman,9999-01-01,Engineer
239393,Sanjay,Demian,9999-01-01,Senior Staff
239401,Bernardo,Denny,9999-01-01,Engineer
239414,Sverrir,Renear,9999-01-01,Staff
239423,Hongzue,Gyimothy,9999-01-01,Senior Staff
239430,Shrikanth,Weedman,9999-01-01,Senior Engineer
239443,Teruyuki,Ouhyoung,9999-01-01,Senior Engineer
239446,Uriel,Yetim,9999-01-01,Engineer
239462,Masadi,Iisaka,9999-01-01,Senior Staff
239463,Arve,Tagansky,9999-01-01,Engineer
239471,Marl,Range,9999-01-01,Senior Engineer
239477,Chinya,Tsunoo,9999-01-01,Engineer
239481,Youjian,Winter,9999-01-01,Senior Engineer
239482,Duri,Burnard,9999-01-01,Senior Staff
239494,Ramachenga,Stifter,9999-01-01,Staff
239495,Saeed,Stemann,9999-01-01,Staff
239499,Bouchung,Zedlitz,9999-01-01,Staff
239503,Clyde,Schauser,9999-01-01,Senior Engineer
239537,Valter,Thummel,9999-01-01,Engineer
239539,Shaz,Hedayat,9999-01-01,Assistant Engineer
239550,Pragnesh,Birnbaum,9999-01-01,Senior Staff
239556,Gilbert,Irland,9999-01-01,Senior Engineer
239586,Kayoko,Unno,9999-01-01,Senior Engineer
239594,Radhika,Callaway,9999-01-01,Senior Engineer
239598,Taiji,Rosch,9999-01-01,Senior Staff
239641,Yannik,Eickenmeyer,9999-01-01,Senior Engineer
239642,Mara,Belinskaya,9999-01-01,Assistant Engineer
239648,Fun,Birsak,9999-01-01,Staff
239650,Yuuichi,Furudate,9999-01-01,Engineer
239653,Elrique,Emmart,9999-01-01,Senior Staff
239671,Koldo,Ranum,9999-01-01,Senior Staff
239685,Houman,Tagansky,9999-01-01,Engineer
239689,Susanta,Cooman,9999-01-01,Staff
239711,Arun,Lagarias,9999-01-01,Engineer
239718,Shaunak,Docker,9999-01-01,Senior Staff
239720,Karoline,Pehl,9999-01-01,Senior Engineer
239721,Ramzi,Crouzet,9999-01-01,Senior Staff
239724,Ramachenga,Eugenio,9999-01-01,Staff
239729,Lijie,Rousseau,9999-01-01,Senior Staff
239735,Marit,Bhattacharjee,9999-01-01,Senior Staff
239738,Arfst,Suessmith,9999-01-01,Staff
239745,Giao,Aingworth,9999-01-01,Senior Staff
239749,Limsoon,Barinka,9999-01-01,Engineer
239756,Leif,Coors,9999-01-01,Engineer
239762,Kamakshi,Szemeredi,9999-01-01,Engineer
239782,Indrajit,Shackel,9999-01-01,Senior Staff
239798,Uzi,Trystram,9999-01-01,Senior Staff
239802,Elvis,Isard,9999-01-01,Staff
239806,Byong,Kadhim,9999-01-01,Staff
239809,Naraig,Baaz,9999-01-01,Senior Engineer
239831,Miyeon,Diderrich,9999-01-01,Senior Staff
239832,Akhilish,Kakkar,9999-01-01,Senior Staff
239846,Cristinel,Beilner,9999-01-01,Senior Engineer
239853,Chaoyi,Koprowski,9999-01-01,Staff
239866,Divine,Denny,9999-01-01,Staff
239871,Xiaopeng,Hatcliff,9999-01-01,Senior Staff
239873,Mohd,Baaz,9999-01-01,Senior Engineer
239896,Shuzo,Hasenauer,9999-01-01,Senior Staff
239904,Marsja,Caine,9999-01-01,Senior Engineer
239912,Bartek,Litzler,9999-01-01,Staff
239917,Soenke,Christ,9999-01-01,Senior Engineer
239921,Teiji,Siprelle,9999-01-01,Senior Staff
239922,Teunis,Feldmann,9999-01-01,Senior Staff
239925,Hugo,Ellozy,9999-01-01,Staff
239927,Theron,Riefers,9999-01-01,Senior Staff
239939,Uli,Bazelow,9999-01-01,Technique Leader
239944,Mariangiola,Fritzsche,9999-01-01,Staff
239955,Pantung,Gihr,9999-01-01,Staff
239979,Radhia,Radwan,9999-01-01,Senior Staff
239989,Tsvetan,Vakili,9999-01-01,Senior Staff
239995,Kotesh,Simmel,9999-01-01,Senior Engineer
240014,Manibrata,Swiler,9999-01-01,Senior Engineer
240055,Bernice,Kumaresan,9999-01-01,Engineer
240060,Anwar,Reinhard,9999-01-01,Senior Staff
240062,Lucian,Maquelin,9999-01-01,Senior Engineer
240083,Huan,Kroon,9999-01-01,Senior Engineer
240086,Demos,Tasistro,9999-01-01,Technique Leader
240094,Maria,Daescu,9999-01-01,Staff
240097,Godehard,Kitai,9999-01-01,Engineer
240112,Subbu,Marciano,9999-01-01,Staff
240129,Roddy,Karnin,9999-01-01,Technique Leader
240134,Lidong,Mattern,9999-01-01,Senior Staff
240135,Kwok,Gien,9999-01-01,Senior Engineer
240140,Kristina,Setlzner,9999-01-01,Staff
240141,Hisao,Emmart,9999-01-01,Senior Engineer
240143,Tremaine,Demri,9999-01-01,Senior Staff
240146,Joydip,Orlowski,9999-01-01,Engineer
240156,Hisao,Heijenga,9999-01-01,Engineer
240160,Abdelghani,Clouatre,9999-01-01,Senior Engineer
240163,Shugo,Ghazalie,9999-01-01,Senior Engineer
240196,Xianlong,Vigier,9999-01-01,Staff
240204,Duke,Vandervoorde,9999-01-01,Engineer
240208,Eishiro,Dusink,9999-01-01,Engineer
240217,Ger,Akiyama,9999-01-01,Senior Staff
240218,Yonghong,Akazan,9999-01-01,Staff
240228,Sangeeta,Lubachevsky,9999-01-01,Senior Staff
240241,Aimee,Ginesta,9999-01-01,Engineer
240260,Fumiya,Herber,9999-01-01,Senior Staff
240268,Masanao,Iwayama,9999-01-01,Technique Leader
240289,Jeane,Sidhu,9999-01-01,Senior Engineer
240308,Jordanka,Beeson,9999-01-01,Senior Staff
240309,Roselyn,Angel,9999-01-01,Engineer
240313,Sandeepan,Krupka,9999-01-01,Engineer
240341,Constantijn,Vendrig,9999-01-01,Senior Staff
240344,Sarita,Koyama,9999-01-01,Senior Engineer
240352,Rimon,Rubsam,9999-01-01,Senior Engineer
240356,Oscar,Mondadori,9999-01-01,Staff
240360,Mary,Pelz,9999-01-01,Staff
240367,Amabile,Yetim,9999-01-01,Engineer
240378,Rimli,Trachtenberg,9999-01-01,Technique Leader
240382,Zengping,Egerstedt,9999-01-01,Senior Staff
240404,Gererd,Swen,9999-01-01,Staff
240407,Jaewoo,Gilg,9999-01-01,Senior Staff
240414,Aran,Maquelin,9999-01-01,Staff
240418,Behnaam,Solares,9999-01-01,Technique Leader
240441,Luise,Prampolini,9999-01-01,Senior Staff
240469,Harngdar,Oxenboll,9999-01-01,Staff
240475,Qunsheng,Guardalben,9999-01-01,Engineer
240499,Mitchel,Encarnacion,9999-01-01,Staff
240518,Guadalupe,Reeker,9999-01-01,Senior Engineer
240527,Alselm,Millington,9999-01-01,Engineer
240530,Alois,Sridhar,9999-01-01,Senior Engineer
240540,Kazunori,Kopetz,9999-01-01,Engineer
240559,Yinlin,Bhattacharjee,9999-01-01,Senior Staff
240561,Stella,Simmen,9999-01-01,Engineer
240587,Zorica,Akazan,9999-01-01,Senior Staff
240589,Kish,Ritcey,9999-01-01,Staff
240594,Uta,Sommen,9999-01-01,Senior Staff
240609,Taegyun,Serre,9999-01-01,Senior Engineer
240629,Jamaludin,Ratnaker,9999-01-01,Technique Leader
240635,Manibrata,Lanphier,9999-01-01,Staff
240639,Mountaz,Bratten,9999-01-01,Senior Staff
240666,Kinh,Ventosa,9999-01-01,Senior Staff
240669,Jeanna,Azulay,9999-01-01,Senior Engineer
240675,Karoline,Uchoa,9999-01-01,Senior Staff
240678,Harjit,Perin,9999-01-01,Senior Staff
240679,Toshimo,Jullig,9999-01-01,Senior Engineer
240684,Masaki,Bain,9999-01-01,Staff
240690,Jungsoon,Narahara,9999-01-01,Technique Leader
240693,Hongzue,Ratnakar,9999-01-01,Senior Engineer
240696,Boutros,Velardi,9999-01-01,Senior Staff
240697,Rafail,Molenaar,9999-01-01,Engineer
240711,Kokou,Alpin,9999-01-01,Engineer
240715,Lijie,Ghelli,9999-01-01,Senior Staff
240721,Srinidhi,Kieras,9999-01-01,Senior Engineer
240727,Visit,Bauknecht,9999-01-01,Senior Engineer
240744,Yakkov,Ratnakar,9999-01-01,Senior Staff
240750,Shrikanth,Bernatsky,9999-01-01,Engineer
240751,Moie,Pintelas,9999-01-01,Engineer
240770,Gino,Erman,9999-01-01,Engineer
240779,Claudi,Morris,9999-01-01,Senior Engineer
240787,Munenori,Farrel,9999-01-01,Engineer
240793,Boutros,Hennings,9999-01-01,Senior Engineer
240798,Arvin,Munawer,9999-01-01,Senior Staff
240811,Valdiodio,Eugenio,9999-01-01,Technique Leader
240814,Filipp,Vieri,9999-01-01,Staff
240826,Weidon,Paludetto,9999-01-01,Staff
240834,Basil,Gelosh,9999-01-01,Engineer
240857,Karsten,Krzyzanowski,9999-01-01,Senior Engineer
240869,Kirk,Hasham,9999-01-01,Staff
240871,Perry,Goldhammer,9999-01-01,Technique Leader
240892,Charlene,Wiegley,9999-01-01,Senior Staff
240927,Adit,Alvarado,9999-01-01,Engineer
240928,Shahaf,Unni,9999-01-01,Senior Staff
240936,Shahid,Tanemo,9999-01-01,Engineer
240947,Arra,Azadmanesh,9999-01-01,Engineer
240950,Demos,Kleiser,9999-01-01,Senior Engineer
240951,Visit,Awdeh,9999-01-01,Technique Leader
240960,Hongzhu,Murtha,9999-01-01,Staff
240964,Marjo,Kusakabe,9999-01-01,Engineer
240965,Elvia,Ashish,9999-01-01,Senior Engineer
240988,Weidon,Flasterstein,9999-01-01,Senior Engineer
241011,Fumiko,Scallan,9999-01-01,Senior Engineer
241030,Khun,Siochi,9999-01-01,Staff
241035,Heping,Marshall,9999-01-01,Senior Engineer
241040,Duri,Siegrist,9999-01-01,Senior Staff
241067,Shigeu,Binkley,9999-01-01,Technique Leader
241071,Jovan,Tetzlaff,9999-01-01,Senior Staff
241123,Tomoyuki,Jonsson,9999-01-01,Staff
241126,Masamitsu,Francisci,9999-01-01,Assistant Engineer
241130,Yucel,Nyanchama,9999-01-01,Senior Staff
241145,Kwee,Sundgren,9999-01-01,Senior Staff
241153,Maris,Kalloufi,9999-01-01,Senior Engineer
241169,Parke,Aloia,9999-01-01,Engineer
241182,Toshimi,Peral,9999-01-01,Senior Staff
241204,Fumitake,Dehkordi,9999-01-01,Senior Engineer
241216,Sreenivas,Conta,9999-01-01,Senior Staff
241253,Shigeichiro,Schapiro,9999-01-01,Technique Leader
241258,Shai,Zwicker,9999-01-01,Senior Engineer
241260,Kellie,Heinisuo,9999-01-01,Engineer
241301,Masato,Perin,9999-01-01,Senior Engineer
241303,Jamaludin,Bratsberg,9999-01-01,Senior Staff
241306,Sanjiv,Danley,9999-01-01,Engineer
241320,Sreekrishna,Rosch,9999-01-01,Engineer
241321,Shir,Heping,9999-01-01,Senior Engineer
241328,Murthy,Shinomoto,9999-01-01,Engineer
241354,Kousuke,Pauthner,9999-01-01,Senior Staff
241363,Gurbir,Slutz,9999-01-01,Senior Staff
241380,Josyula,Pezzoli,9999-01-01,Senior Engineer
241389,Yishay,Sommen,9999-01-01,Engineer
241399,Zhaofang,Przulj,9999-01-01,Staff
241411,Subhada,Salvesen,9999-01-01,Staff
241427,Fei,Msuda,9999-01-01,Engineer
241463,Tadahiko,Fritzsche,9999-01-01,Technique Leader
241472,Jianhao,Slobodova,9999-01-01,Technique Leader
241481,Muzhong,Dahlbom,9999-01-01,Senior Engineer
241492,Miomir,Atchley,9999-01-01,Engineer
241502,Mitchel,Hainaut,9999-01-01,Assistant Engineer
241514,Arve,Arlazarov,9999-01-01,Engineer
241518,Janche,Rijckaert,9999-01-01,Senior Engineer
241525,Yechezkel,Journel,9999-01-01,Engineer
241537,Idoia,Zielinski,9999-01-01,Staff
241548,Evgueni,Crouzet,9999-01-01,Engineer
241553,Nathan,Gurbaxani,9999-01-01,Senior Staff
241558,Sadok,Hedayat,9999-01-01,Engineer
241570,Tiina,Erde,9999-01-01,Staff
241577,Gao,Wendorf,9999-01-01,Senior Staff
241580,Ortrun,Motley,9999-01-01,Senior Engineer
241589,Rutger,Silva,9999-01-01,Staff
241595,Oddvar,Muhling,9999-01-01,Staff
241597,Thodoros,Spieker,9999-01-01,Senior Engineer
241622,Mara,Grospietsch,9999-01-01,Staff
241623,Fumitaka,Knightly,9999-01-01,Senior Staff
241627,Remco,Plump,9999-01-01,Senior Engineer
241632,Sadun,Merel,9999-01-01,Senior Staff
241639,Kankanahalli,Stafford,9999-01-01,Engineer
241660,Marla,Boissier,9999-01-01,Senior Engineer
241665,Dinah,Businaro,9999-01-01,Engineer
241666,Mechthild,Tibblin,9999-01-01,Senior Engineer
241668,Bouchung,Eldridge,9999-01-01,Engineer
241672,Augustine,Schlegelmilch,9999-01-01,Senior Staff
241677,Lansing,Denti,9999-01-01,Engineer
241689,Tristan,Borovoy,9999-01-01,Engineer
241690,Atreyi,Lemarechal,9999-01-01,Engineer
241737,Aria,Gente,9999-01-01,Senior Engineer
241750,Shih,Grabner,9999-01-01,Engineer
241762,Toney,Tiemann,9999-01-01,Engineer
241784,Francesca,Lamparter,9999-01-01,Senior Staff
241786,Shaibal,Khamsi,9999-01-01,Engineer
241788,Val,Shimshoni,9999-01-01,Technique Leader
241815,Alagu,Terlouw,9999-01-01,Engineer
241828,Jessie,Champarnaud,9999-01-01,Senior Staff
241842,Kokou,Staudhammer,9999-01-01,Staff
241851,Domenico,Marzano,9999-01-01,Senior Staff
241855,Nechama,Undy,9999-01-01,Engineer
241864,Taizo,Kandlur,9999-01-01,Senior Engineer
241880,Moty,Erev,9999-01-01,Staff
241887,Sushant,Sewelson,9999-01-01,Engineer
241926,Matk,Debuse,9999-01-01,Senior Staff
241928,Valery,Norsworthy,9999-01-01,Senior Engineer
241940,Carrsten,Schoegge,9999-01-01,Senior Staff
241942,Jackson,Ratnaker,9999-01-01,Technique Leader
241955,Evgueni,Vakili,9999-01-01,Technique Leader
241965,Aimee,Kornatzky,9999-01-01,Senior Staff
241969,Susuma,Kriebel,9999-01-01,Staff
241973,Stevo,Ozeki,9999-01-01,Staff
241984,Boaz,Callaway,9999-01-01,Senior Engineer
241985,Baziley,Muniz,9999-01-01,Senior Engineer
242005,Emdad,Pettey,9999-01-01,Staff
242011,Subhash,Mahnke,9999-01-01,Engineer
242014,Conor,Wilharm,9999-01-01,Senior Engineer
242030,Constantine,Wrigley,9999-01-01,Senior Staff
242037,Izaskun,Yemenis,9999-01-01,Staff
242055,Arco,Zaiane,9999-01-01,Senior Engineer
242058,Shaowen,Morrey,9999-01-01,Senior Staff
242069,Angus,Perz,9999-01-01,Staff
242071,Youpyo,Denti,9999-01-01,Staff
242072,Suzette,Thiran,9999-01-01,Staff
242089,Chrisa,Highland,9999-01-01,Senior Engineer
242098,Mooi,Gecsei,9999-01-01,Senior Engineer
242114,Angus,Orlowska,9999-01-01,Senior Staff
242123,Fan,Talmon,9999-01-01,Senior Staff
242132,Serge,Liesche,9999-01-01,Senior Staff
242152,Pranay,Hofmeyr,9999-01-01,Senior Staff
242162,Yinghua,Bodoff,9999-01-01,Senior Staff
242197,Marla,Hennings,9999-01-01,Engineer
242198,Maria,Baik,9999-01-01,Senior Staff
242200,Nimmagadda,Zumaque,9999-01-01,Senior Staff
242214,Cullen,Krupka,9999-01-01,Senior Engineer
242227,Jouni,Dahlbom,9999-01-01,Staff
242231,Lansing,Biron,9999-01-01,Senior Engineer
242248,Nishit,Garnick,9999-01-01,Senior Staff
242250,Yoshinari,Ishibashi,9999-01-01,Senior Engineer
242262,Ziva,Przulj,9999-01-01,Senior Engineer
242275,Toshiki,Haldar,9999-01-01,Engineer
242280,Irene,Benzmuller,9999-01-01,Staff
242289,Sakthirel,Wixon,9999-01-01,Senior Engineer
242296,Sanjay,Passino,9999-01-01,Staff
242305,Gro,Merle,9999-01-01,Staff
242321,DAIDA,Reeker,9999-01-01,Senior Engineer
242333,Gaetan,Dolinsky,9999-01-01,Engineer
242334,Renny,Kadhim,9999-01-01,Senior Staff
242342,Marsha,Pargaonkar,9999-01-01,Technique Leader
242347,Teunis,Heystek,9999-01-01,Senior Staff
242348,Falguni,Puoti,9999-01-01,Senior Engineer
242367,Larisa,Papastamatiou,9999-01-01,Senior Staff
242373,Christoper,Weisert,9999-01-01,Senior Staff
242396,Bernice,Sichman,9999-01-01,Senior Engineer
242398,Djelloul,Levergood,9999-01-01,Senior Engineer
242404,Kwee,Zumaque,9999-01-01,Senior Engineer
242414,Urs,Nicolson,9999-01-01,Senior Engineer
242428,Uri,Valtorta,9999-01-01,Engineer
242459,Jaber,Kriebel,9999-01-01,Engineer
242461,Sham,Gente,9999-01-01,Senior Staff
242470,Tse,Constantine,9999-01-01,Engineer
242494,Nevio,Alpin,9999-01-01,Senior Staff
242495,Demos,Yamaashi,9999-01-01,Engineer
242499,Kendra,Denis,9999-01-01,Engineer
242501,Huei,Zallocco,9999-01-01,Senior Staff
242509,Rosalyn,Hebden,9999-01-01,Staff
242528,Lansing,Cannata,9999-01-01,Senior Engineer
242535,Nagui,Levasseur,9999-01-01,Engineer
242546,Chuanyi,Kakkar,9999-01-01,Senior Staff
242554,Sadegh,Masamoto,9999-01-01,Senior Staff
242561,Shen,Compeau,9999-01-01,Technique Leader
242572,Jongsuk,Danlos,9999-01-01,Senior Staff
242585,Kwangho,Cyre,9999-01-01,Engineer
242586,Xinglin,Gulik,9999-01-01,Staff
242598,Waiman,Nastansky,9999-01-01,Engineer
242601,Adhemar,Kumaresan,9999-01-01,Senior Engineer
242614,Arie,Fandrianto,9999-01-01,Staff
242653,Yucel,Chelton,9999-01-01,Engineer
242655,Tadahiko,Gunderson,9999-01-01,Technique Leader
242678,Tokuyasu,Beausoleil,9999-01-01,Senior Engineer
242717,Mori,Nanard,9999-01-01,Senior Engineer
242722,Lijia,Larfeldt,9999-01-01,Senior Staff
242731,Arun,Erdmenger,9999-01-01,Senior Staff
242749,Tetsurou,Chandrasekhar,9999-01-01,Senior Engineer
242779,Mona,Whitcomb,9999-01-01,Engineer
242789,Hitomi,Nitsch,9999-01-01,Technique Leader
242793,Ekawit,Rosca,9999-01-01,Engineer
242795,Tetsurou,Bouloucos,9999-01-01,Senior Engineer
242799,Kenton,Uehara,9999-01-01,Engineer
242802,Heng,Shobatake,9999-01-01,Senior Staff
242806,Conal,Motley,9999-01-01,Engineer
242818,Malu,Murtagh,9999-01-01,Engineer
242819,Xuejia,Lukaszewicz,9999-01-01,Engineer
242821,Vojin,Baby,9999-01-01,Senior Staff
242826,Turgut,Danner,9999-01-01,Senior Engineer
242834,Sanjoy,Tetzlaff,9999-01-01,Engineer
242837,Eric,Hiraishi,9999-01-01,Senior Engineer
242846,Susanna,Raoux,9999-01-01,Senior Engineer
242850,Hyuckchul,Ouhyoung,9999-01-01,Senior Engineer
242862,Mario,Leonhardt,9999-01-01,Senior Staff
242863,Debaprosad,Otillio,9999-01-01,Staff
242870,Kazuhisa,Thiria,9999-01-01,Engineer
242879,Khalil,Khalid,9999-01-01,Engineer
242886,Guadalupe,Nitsch,9999-01-01,Engineer
242895,Khoa,Pillow,9999-01-01,Engineer
242901,Ortrun,Atchley,9999-01-01,Senior Staff
242903,Dung,Genther,9999-01-01,Staff
242907,Bouchung,Eppinger,9999-01-01,Senior Engineer
242920,Tuval,Anandan,9999-01-01,Engineer
242927,Manibrata,Msuda,9999-01-01,Senior Staff
242940,Hinrich,Vieth,9999-01-01,Senior Engineer
242949,Surveyors,Perelgut,9999-01-01,Senior Engineer
242957,Danae,Antonakopoulos,9999-01-01,Engineer
242967,Susuma,Escriba,9999-01-01,Senior Staff
242990,Sachar,Journel,9999-01-01,Staff
242993,Billur,Lorch,9999-01-01,Senior Engineer
243005,Leszek,Moffat,9999-01-01,Assistant Engineer
243013,Yuqun,Peron,9999-01-01,Senior Engineer
243014,Gaurav,Codenie,9999-01-01,Senior Engineer
243024,Girolamo,Sherertz,9999-01-01,Senior Staff
243036,Idoia,Lundstrom,9999-01-01,Senior Staff
243054,Georgy,Felder,9999-01-01,Staff
243057,Bodo,Atrawala,9999-01-01,Staff
243084,Lech,Pavlopoulou,9999-01-01,Senior Staff
243086,Rosalie,Kumaresan,9999-01-01,Senior Staff
243095,Irene,Ullian,9999-01-01,Senior Staff
243099,Mansur,Barvinok,9999-01-01,Engineer
243103,Gao,Coney,9999-01-01,Engineer
243109,Nagui,Barvinok,9999-01-01,Engineer
243114,Gererd,Kemmerer,9999-01-01,Assistant Engineer
243116,Masaru,Perna,9999-01-01,Staff
243128,Zhonghua,Papadias,9999-01-01,Assistant Engineer
243131,Paris,Detkin,9999-01-01,Staff
243141,Kshitij,Birnbaum,9999-01-01,Senior Engineer
243154,Maia,Marrakchi,9999-01-01,Technique Leader
243167,Flemming,Cusworth,9999-01-01,Senior Engineer
243178,Kaijung,Bazelow,9999-01-01,Engineer
243180,Gen,Terkki,9999-01-01,Senior Engineer
243184,Hilari,Zongker,9999-01-01,Staff
243189,Goh,Rebaine,9999-01-01,Senior Staff
243208,Sachin,Biros,9999-01-01,Senior Staff
243210,Raimond,Lieberherr,9999-01-01,Senior Engineer
243213,Malu,Kusakabe,9999-01-01,Senior Staff
243215,Yakichi,Bain,9999-01-01,Senior Staff
243244,Sarita,Mitzlaff,9999-01-01,Engineer
243255,Ghassan,Rosca,9999-01-01,Staff
243260,Wonhee,Delgrossi,9999-01-01,Engineer
243270,Zongyan,Ruemmler,9999-01-01,Senior Staff
243278,Franziska,Gerlach,9999-01-01,Senior Staff
243288,Randi,Chiola,9999-01-01,Staff
243306,Sailaja,Randt,9999-01-01,Senior Staff
243308,Tianruo,Demri,9999-01-01,Engineer
243311,Mikhail,Dengi,9999-01-01,Senior Staff
243316,Brendon,Talmon,9999-01-01,Staff
243337,Aloys,Speek,9999-01-01,Senior Engineer
243340,Waiman,Covnot,9999-01-01,Senior Staff
243362,Fatemeh,Sifakis,9999-01-01,Senior Engineer
243378,Nirmal,Matzel,9999-01-01,Senior Staff
243420,Jaewoo,Radwan,9999-01-01,Engineer
243435,Moriyoshi,Akiyama,9999-01-01,Senior Staff
243458,Leni,Zykh,9999-01-01,Senior Staff
243465,Mayumi,Hutton,9999-01-01,Staff
243469,Serap,Marakhovsky,9999-01-01,Engineer
243470,Paloma,Tyugu,9999-01-01,Senior Staff
243473,Ebbe,Heemskerk,9999-01-01,Engineer
243487,Ottavia,Makinen,9999-01-01,Staff
243494,Dannz,Bernatsky,9999-01-01,Senior Staff
243508,Dhritiman,Sinitsyn,9999-01-01,Senior Staff
243510,Paraskevi,Detkin,9999-01-01,Engineer
243516,Ohad,Siochi,9999-01-01,Senior Engineer
243535,Chinhyun,Chorvat,9999-01-01,Senior Engineer
243537,Jingling,Pardalos,9999-01-01,Senior Staff
243538,Arvin,Champarnaud,9999-01-01,Engineer
243540,Kish,Larfeldt,9999-01-01,Senior Staff
243561,Sergi,Sichman,9999-01-01,Engineer
243564,Aran,Schiper,9999-01-01,Engineer
243565,Nigel,Veeraraghavan,9999-01-01,Engineer
243569,Mitchel,Ravishankar,9999-01-01,Engineer
243571,Zeljko,Kulisch,9999-01-01,Engineer
243578,Ymte,Klassen,9999-01-01,Senior Engineer
243589,Rasiah,Walstra,9999-01-01,Engineer
243592,Radhia,Frolund,9999-01-01,Staff
243608,Rajmohan,Porotnikoff,9999-01-01,Engineer
243636,Tamiya,Sudkamp,9999-01-01,Senior Engineer
243639,Sreekrishna,Smeets,9999-01-01,Senior Engineer
243677,Odoardo,Baezner,9999-01-01,Engineer
243689,Koichi,Neiman,9999-01-01,Senior Staff
243694,Niclas,Businaro,9999-01-01,Senior Engineer
243695,Harngdar,Stasinski,9999-01-01,Engineer
243715,Baziley,Gewali,9999-01-01,Staff
243716,Abdulah,Denos,9999-01-01,Technique Leader
243743,Adam,Cyre,9999-01-01,Engineer
243762,Hidde,Kalsbeek,9999-01-01,Senior Staff
243766,Xinyu,Oppitz,9999-01-01,Engineer
243770,Baoqiu,Schlenzig,9999-01-01,Staff
243785,Takahiro,Veldwijk,9999-01-01,Staff
243793,Willard,Felder,9999-01-01,Staff
243799,Kiam,Chaudhury,9999-01-01,Staff
243804,Xianlong,Salinas,9999-01-01,Engineer
243805,Ramzi,Vecchi,9999-01-01,Senior Staff
243810,Kwan,Merel,9999-01-01,Technique Leader
243811,Heather,Openshaw,9999-01-01,Engineer
243815,Zengping,Improta,9999-01-01,Assistant Engineer
243817,Valeska,Spelt,9999-01-01,Staff
243820,Chiranjit,Akaboshi,9999-01-01,Senior Engineer
243829,Seongbae,Thiria,9999-01-01,Engineer
243838,Hailing,Selenyi,9999-01-01,Senior Engineer
243845,Selwyn,Larfeldt,9999-01-01,Engineer
243861,Dipayan,Cannane,9999-01-01,Senior Engineer
243877,Make,Kolvik,9999-01-01,Senior Staff
243885,Kirk,Bernardeschi,9999-01-01,Staff
243891,Shan,Rodite,9999-01-01,Senior Staff
243895,Pranas,Serra,9999-01-01,Engineer
243917,Gill,Remmers,9999-01-01,Senior Staff
243923,Owen,Akiyama,9999-01-01,Engineer
243931,Sanjit,Miara,9999-01-01,Staff
243932,Divier,Castellani,9999-01-01,Senior Staff
243933,Stepehn,Kabayashi,9999-01-01,Senior Engineer
243948,Macha,Ducloy,9999-01-01,Assistant Engineer
243950,Lidong,Argence,9999-01-01,Engineer
243958,Dipayan,Leuchs,9999-01-01,Technique Leader
243981,Dipankar,Encarnacion,9999-01-01,Engineer
243987,Genki,Gyorkos,9999-01-01,Senior Engineer
244019,Syozo,Fujisaki,9999-01-01,Senior Staff
244021,Sungwon,Taubenfeld,9999-01-01,Senior Staff
244065,Rutger,Georg,9999-01-01,Staff
244072,Chiranjit,Demke,9999-01-01,Senior Staff
244078,Gurbir,Alblas,9999-01-01,Senior Engineer
244086,Nitsan,Hiroyama,9999-01-01,Senior Engineer
244094,Giordano,Ponthieu,9999-01-01,Staff
244113,Navin,Terwilliger,9999-01-01,Engineer
244117,Dung,Chiodo,9999-01-01,Senior Engineer
244130,Mingzeng,Swab,9999-01-01,Staff
244148,Chikako,Heusch,9999-01-01,Staff
244172,Karoline,Thibadeau,9999-01-01,Technique Leader
244177,Tzu,Champarnaud,9999-01-01,Staff
244187,Gregory,Peng,9999-01-01,Engineer
244188,Yuping,Lanteri,9999-01-01,Staff
244196,Leon,Flowers,9999-01-01,Engineer
244205,Conor,Hofting,9999-01-01,Senior Staff
244229,Kristina,Melichar,9999-01-01,Assistant Engineer
244249,Yifei,Schach,9999-01-01,Senior Staff
244252,Jeane,Sankaranarayanan,9999-01-01,Senior Staff
244260,Sangeeta,Mandelberg,9999-01-01,Senior Staff
244269,Eldridge,Lortz,9999-01-01,Staff
244271,Shawna,Sundgren,9999-01-01,Engineer
244273,Fei,Raoux,9999-01-01,Engineer
244279,DeForest,Claffy,9999-01-01,Senior Staff
244280,Miyeon,Jiang,9999-01-01,Engineer
244283,Inderjeet,Manderick,9999-01-01,Staff
244286,Manohar,Pettit,9999-01-01,Senior Staff
244292,Khedija,Anick,9999-01-01,Senior Staff
244323,Zhongwei,Emmerich,9999-01-01,Staff
244329,Nobuyoshi,Stentiford,9999-01-01,Engineer
244338,Chuanti,Swick,9999-01-01,Senior Staff
244341,Frazer,Muchinsky,9999-01-01,Senior Staff
244359,Maria,McAffer,9999-01-01,Senior Staff
244360,Mountaz,Swiler,9999-01-01,Engineer
244361,Shuzo,Flasterstein,9999-01-01,Staff
244366,Carrsten,Carrera,9999-01-01,Technique Leader
244369,Teiji,Penttonen,9999-01-01,Senior Engineer
244395,Oldrich,McConalogue,9999-01-01,Engineer
244402,Xinan,Godskesen,9999-01-01,Senior Staff
244437,Yinlin,Rikino,9999-01-01,Senior Engineer
244454,Akeno,Morrow,9999-01-01,Staff
244462,Rafael,Heystek,9999-01-01,Senior Staff
244524,Mabhin,Monarch,9999-01-01,Engineer
244539,Aloys,Jumpertz,9999-01-01,Senior Engineer
244541,Djenana,Zedlitz,9999-01-01,Senior Staff
244566,Jacopo,Soloway,9999-01-01,Senior Engineer
244579,Sasan,Zhiwei,9999-01-01,Senior Engineer
244590,Takanari,Azadmanesh,9999-01-01,Technique Leader
244591,Akemi,Sambasivam,9999-01-01,Senior Staff
244603,Yuichiro,Naudin,9999-01-01,Engineer
244607,Manton,Fetvedt,9999-01-01,Senior Staff
244611,Rosine,Stranks,9999-01-01,Staff
244614,Vasilis,Matzel,9999-01-01,Technique Leader
244619,Suvo,Sabnani,9999-01-01,Senior Engineer
244630,Supot,Range,9999-01-01,Senior Staff
244638,Takahira,Ghazalie,9999-01-01,Senior Engineer
244654,Suzette,Katiyar,9999-01-01,Assistant Engineer
244661,Idoia,Parfitt,9999-01-01,Senior Engineer
244662,Oddvar,Falco,9999-01-01,Staff
244664,Hatim,Sgarro,9999-01-01,Assistant Engineer
244671,Chanjung,Staudhammer,9999-01-01,Assistant Engineer
244673,Kokou,Antonakopoulos,9999-01-01,Senior Engineer
244675,Aloys,Barreiro,9999-01-01,Engineer
244677,Gift,Ruther,9999-01-01,Senior Engineer
244686,Utz,Pietrzykowski,9999-01-01,Senior Staff
244705,Maha,Guerreiro,9999-01-01,Senior Staff
244709,Masato,Wendorf,9999-01-01,Staff
244731,Paloma,Krichel,9999-01-01,Senior Engineer
244746,Arvin,Chaudhuri,9999-01-01,Staff
244750,Gaurav,Kamble,9999-01-01,Technique Leader
244753,Xumin,Lanteri,9999-01-01,Engineer
244766,Taizo,Kaltofen,9999-01-01,Senior Engineer
244773,Mingdong,Zaiane,9999-01-01,Engineer
244780,Domenico,Itzfeldt,9999-01-01,Engineer
244783,Roddy,Pollock,9999-01-01,Senior Engineer
244784,Aris,Matzen,9999-01-01,Senior Staff
244787,Rosalyn,Talmor,9999-01-01,Senior Staff
244791,Kauko,Olivero,9999-01-01,Senior Staff
244813,Rimli,Poupard,9999-01-01,Engineer
244815,Remko,Streit,9999-01-01,Engineer
244836,Tianruo,Cairo,9999-01-01,Senior Engineer
244860,Florina,Salverda,9999-01-01,Assistant Engineer
244863,Mohit,Peres,9999-01-01,Senior Staff
244877,Jinxi,Montemayor,9999-01-01,Engineer
244896,Etsuo,Angiulli,9999-01-01,Senior Staff
244911,Xudong,Sanella,9999-01-01,Staff
244921,Tru,Berendt,9999-01-01,Staff
244946,Abdelghani,Lubachevsky,9999-01-01,Senior Engineer
244948,Marsha,Masand,9999-01-01,Engineer
244958,Maja,Merks,9999-01-01,Senior Engineer
244964,Aram,Hasenauer,9999-01-01,Senior Staff
244982,Sajjad,Wolniewicz,9999-01-01,Senior Engineer
244994,Mingsen,Lambe,9999-01-01,Senior Staff
245010,Xiaoheng,Kabayashi,9999-01-01,Senior Engineer
245022,Gen,Xiaoshan,9999-01-01,Senior Staff
245051,Taiji,Slaats,9999-01-01,Staff
245052,Martina,Gruenwald,9999-01-01,Senior Staff
245056,Guoxiang,Leslie,9999-01-01,Engineer
245062,Jayesh,Cyne,9999-01-01,Technique Leader
245064,Achilleas,Dayana,9999-01-01,Engineer
245065,Ioana,Rosar,9999-01-01,Senior Staff
245080,Mari,Herber,9999-01-01,Senior Engineer
245096,Xiadong,Azumi,9999-01-01,Senior Engineer
245112,Val,Naudin,9999-01-01,Senior Engineer
245114,Matt,Demeyer,9999-01-01,Senior Engineer
245132,Gaetan,Hiroyama,9999-01-01,Technique Leader
245180,Zorica,Hoppenstand,9999-01-01,Senior Staff
245182,Arup,Perfilyeva,9999-01-01,Senior Engineer
245186,Marlo,Trelles,9999-01-01,Staff
245196,Randi,Chartres,9999-01-01,Staff
245202,Toshimori,Munro,9999-01-01,Staff
245203,Kenroku,Hiroyama,9999-01-01,Engineer
245252,Phuoc,Brizzi,9999-01-01,Engineer
245257,Bernardo,Schiper,9999-01-01,Engineer
245258,Arra,Erol,9999-01-01,Staff
245268,Billie,Caine,9999-01-01,Engineer
245273,Tianruo,Encarnacion,9999-01-01,Engineer
245282,Tokuyasu,Szemeredi,9999-01-01,Engineer
245284,Elliott,Maliniak,9999-01-01,Senior Staff
245290,Guther,Hofmeyr,9999-01-01,Senior Engineer
245291,Sachem,Srimani,9999-01-01,Senior Engineer
245293,Heping,Segond,9999-01-01,Senior Engineer
245306,Huai,Yoshimura,9999-01-01,Senior Staff
245313,Kwangjo,Crouzet,9999-01-01,Senior Engineer
245320,Yishay,Hanabata,9999-01-01,Senior Engineer
245338,Faiza,Piazza,9999-01-01,Technique Leader
245349,Xiaocheng,Falck,9999-01-01,Engineer
245350,Tadanori,Greibach,9999-01-01,Technique Leader
245352,Randi,Mattern,9999-01-01,Senior Staff
245362,Owen,Klassen,9999-01-01,Engineer
245363,Ewing,Pollock,9999-01-01,Staff
245366,Sachar,Rodier,9999-01-01,Senior Engineer
245373,Sivanarayana,Spell,9999-01-01,Senior Engineer
245381,Krister,Cromarty,9999-01-01,Senior Staff
245398,Kazuhisa,Berstel,9999-01-01,Engineer
245415,Kasidit,Leuchs,9999-01-01,Engineer
245425,Licheng,Schieder,9999-01-01,Senior Staff
245430,Roselyn,Granlund,9999-01-01,Senior Staff
245434,Narain,Gulla,9999-01-01,Senior Engineer
245444,Moie,Mattern,9999-01-01,Senior Staff
245463,Chenye,Rajcani,9999-01-01,Senior Staff
245474,Brewster,Matheson,9999-01-01,Engineer
245491,Tzu,Krychniak,9999-01-01,Senior Engineer
245493,Mechthild,Kirkerud,9999-01-01,Staff
245503,Lakshmi,Narahara,9999-01-01,Senior Engineer
245517,Keiichiro,Koshiba,9999-01-01,Senior Engineer
245527,Falguni,Nourani,9999-01-01,Senior Engineer
245528,Kristinn,Baumann,9999-01-01,Staff
245530,Mayuko,Poulakidas,9999-01-01,Engineer
245535,Xinan,Reeken,9999-01-01,Technique Leader
245537,Uri,Broomell,9999-01-01,Senior Engineer
245540,Oscal,Bresenham,9999-01-01,Assistant Engineer
245565,Basant,Yeung,9999-01-01,Staff
245567,Khaled,Anguita,9999-01-01,Staff
245580,Mohamadou,Kossowski,9999-01-01,Staff
245585,Shrikanth,Bellmore,9999-01-01,Senior Staff
245590,Doowon,Honglei,9999-01-01,Senior Engineer
245593,Shigeu,Perez,9999-01-01,Staff
245598,Takanari,Remmers,9999-01-01,Staff
245611,Arup,Randi,9999-01-01,Senior Staff
245622,Sergi,Pellegrinelli,9999-01-01,Senior Engineer
245634,Berry,Hatcliff,9999-01-01,Senior Engineer
245642,Kiyokazu,Sommer,9999-01-01,Engineer
245645,Guttorm,Decaestecker,9999-01-01,Senior Staff
245653,Padma,Brlek,9999-01-01,Staff
245688,Mrinalini,Ambroszkiewicz,9999-01-01,Technique Leader
245717,Chinya,Nergos,9999-01-01,Engineer
245719,Ayonca,Lowrie,9999-01-01,Staff
245740,Arun,Pelz,9999-01-01,Senior Staff
245742,Ohad,Lampe,9999-01-01,Senior Staff
245756,Munenori,Nitto,9999-01-01,Senior Staff
245771,Fox,Murtafg,9999-01-01,Senior Engineer
245790,Yongmao,Alblas,9999-01-01,Senior Staff
245815,Sahrah,Swick,9999-01-01,Engineer
245829,Valter,McConalogue,9999-01-01,Engineer
245833,Francesca,Fontan,9999-01-01,Engineer
245835,Peternela,Back,9999-01-01,Staff
245837,Poorav,Kermarrec,9999-01-01,Engineer
245840,Shan,Beznosov,9999-01-01,Senior Staff
245880,Valdiodio,Giveon,9999-01-01,Senior Engineer
245886,Frederique,Herath,9999-01-01,Assistant Engineer
245889,Mohamadou,Cappelli,9999-01-01,Engineer
245902,Mizuhito,Rajaraman,9999-01-01,Staff
245914,Shim,Swick,9999-01-01,Technique Leader
245920,Baoqiu,Nishimukai,9999-01-01,Staff
245927,Udo,Orlowski,9999-01-01,Senior Engineer
245953,Xiaoqiang,Azuma,9999-01-01,Technique Leader
245969,Akhilish,Kushner,9999-01-01,Staff
245986,Reinhard,Gargeya,9999-01-01,Engineer
245997,Zhongwei,Rusterholz,9999-01-01,Staff
245998,Suvo,Deville,9999-01-01,Senior Staff
246005,Marke,Hanratty,9999-01-01,Senior Staff
246012,Moie,Rusmann,9999-01-01,Staff
246038,Herbert,Pettit,9999-01-01,Engineer
246039,Weicheng,Osgood,9999-01-01,Senior Staff
246041,Maria,Bahl,9999-01-01,Staff
246050,Douadi,Valiente,9999-01-01,Engineer
246061,Jaana,Ramsey,9999-01-01,Senior Engineer
246062,Divier,Codenie,9999-01-01,Engineer
246071,Ortrud,Ramras,9999-01-01,Engineer
246073,Karoline,Pietrzykowski,9999-01-01,Senior Engineer
246077,Berni,Fordan,9999-01-01,Staff
246089,Hironobu,Otillio,9999-01-01,Technique Leader
246093,Munehiko,Conti,9999-01-01,Senior Engineer
246100,Barry,Weedman,9999-01-01,Senior Engineer
246101,Karoline,Sherertz,9999-01-01,Senior Staff
246103,Muneo,Chinal,9999-01-01,Senior Engineer
246114,Oscar,Kabayashi,9999-01-01,Senior Staff
246134,Nobuyoshi,Belinskaya,9999-01-01,Engineer
246140,Duangkaew,Zschoche,9999-01-01,Senior Staff
246149,Guangming,Fargier,9999-01-01,Senior Engineer
246155,Phillip,Peak,9999-01-01,Senior Staff
246157,Saddek,Ohori,9999-01-01,Engineer
246160,Bilhanan,McFarlin,9999-01-01,Senior Engineer
246165,Hironobu,Spinelli,9999-01-01,Senior Staff
246170,Shugo,Zirintsis,9999-01-01,Senior Staff
246182,Jahangir,Heydon,9999-01-01,Staff
246198,Aruna,Spataro,9999-01-01,Senior Staff
246207,Sumali,Piazza,9999-01-01,Senior Engineer
246215,Seshu,Anger,9999-01-01,Staff
246224,Kenton,Griswold,9999-01-01,Engineer
246225,Reuven,Birjandi,9999-01-01,Assistant Engineer
246236,Muzhong,Sudkamp,9999-01-01,Senior Staff
246240,Gian,Polajnar,9999-01-01,Senior Engineer
246249,Jamaludin,Remmele,9999-01-01,Senior Engineer
246253,Neven,Jansen,9999-01-01,Staff
246273,Uwe,Poulakidas,9999-01-01,Engineer
246289,Owen,Polupanov,9999-01-01,Senior Engineer
246295,Kwangyoen,Asmuth,9999-01-01,Engineer
246320,Michaela,Bage,9999-01-01,Assistant Engineer
246322,Kazuhito,Staudhammer,9999-01-01,Engineer
246356,Koldo,Pagter,9999-01-01,Senior Engineer
246381,Feiyu,Peha,9999-01-01,Senior Staff
246383,Mart,Radivojevic,9999-01-01,Senior Staff
246392,Toshimo,Tyugu,9999-01-01,Staff
246395,Vasilii,Schwabacher,9999-01-01,Senior Engineer
246428,Kwangjo,Velasco,9999-01-01,Senior Staff
246435,Becky,Merkl,9999-01-01,Engineer
246437,Michaela,Badache,9999-01-01,Engineer
246446,Arlette,Molenkamp,9999-01-01,Engineer
246467,Adel,Nations,9999-01-01,Senior Engineer
246482,Tsutomu,Journel,9999-01-01,Senior Staff
246490,Ohad,Farris,9999-01-01,Senior Engineer
246498,Matt,Herber,9999-01-01,Technique Leader
246505,Hugo,Byoun,9999-01-01,Senior Staff
246510,Chinho,Zedlitz,9999-01-01,Engineer
246511,Kokou,Pelz,9999-01-01,Senior Engineer
246513,Magy,Parhami,9999-01-01,Senior Engineer
246522,Toshimi,Ramras,9999-01-01,Senior Engineer
246545,Honesty,Benantar,9999-01-01,Senior Staff
246549,Kwok,Picel,9999-01-01,Senior Staff
246556,Hairong,Axelband,9999-01-01,Staff
246559,Gian,Rissanen,9999-01-01,Senior Staff
246566,Heekeun,Eickenmeyer,9999-01-01,Engineer
246568,Tianruo,Dymetman,9999-01-01,Technique Leader
246571,Kristof,Leuchs,9999-01-01,Staff
246590,Vesna,Panwar,9999-01-01,Senior Engineer
246600,Visit,Chachaty,9999-01-01,Senior Staff
246622,Shigeu,Valette,9999-01-01,Senior Staff
246630,Adib,Markovitch,9999-01-01,Engineer
246639,Sergi,Schiettecatte,9999-01-01,Senior Engineer
246647,Poorav,Cochrane,9999-01-01,Senior Engineer
246651,Mohammed,Heemskerk,9999-01-01,Senior Engineer
246658,Hatim,Nitsche,9999-01-01,Senior Engineer
246677,Marlo,Stellhorn,9999-01-01,Staff
246692,Lansing,Conti,9999-01-01,Senior Staff
246700,Bodh,Cools,9999-01-01,Engineer
246709,Pohua,Sundgren,9999-01-01,Senior Engineer
246717,Sham,Benzmuller,9999-01-01,Senior Staff
246720,Sreekrishna,Quaggetto,9999-01-01,Senior Engineer
246722,Jouni,Heemskerk,9999-01-01,Staff
246739,Takahito,Llado,9999-01-01,Senior Staff
246743,Zhonghua,Bridgland,9999-01-01,Senior Staff
246756,Suvo,Schwartzburd,9999-01-01,Senior Staff
246765,Oguz,Osgood,9999-01-01,Senior Engineer
246775,Jixiang,Kamber,9999-01-01,Senior Staff
246782,Torsten,Hettesheimer,9999-01-01,Technique Leader
246783,Sariel,Garigliano,9999-01-01,Senior Staff
246794,Marlo,Rebaine,9999-01-01,Technique Leader
246812,Goa,Jonsson,9999-01-01,Senior Engineer
246817,Taegyun,Czaja,9999-01-01,Senior Engineer
246834,Gladys,Dusink,9999-01-01,Staff
246839,Zhanqiu,Yoshimura,9999-01-01,Senior Engineer
246851,Isamu,Farris,9999-01-01,Engineer
246854,Roddy,Gips,9999-01-01,Engineer
246858,Dannz,Swist,9999-01-01,Engineer
246866,Huican,Carrera,9999-01-01,Senior Engineer
246873,Shaz,Vilarrasa,9999-01-01,Technique Leader
246881,Atreyi,Karcich,9999-01-01,Engineer
246901,Khue,Heinisuo,9999-01-01,Senior Engineer
246904,Carrsten,Armand,9999-01-01,Senior Staff
246915,Masamitsu,Pollock,9999-01-01,Senior Engineer
246919,Menkae,Perin,9999-01-01,Staff
246930,Kitty,Anguita,9999-01-01,Senior Engineer
246947,Arvind,Montemayor,9999-01-01,Engineer
246957,Juichirou,Gini,9999-01-01,Senior Engineer
246959,Tomoyuki,Lindenbaum,9999-01-01,Staff
246979,Youjian,Wuwongse,9999-01-01,Staff
246984,Taizo,Fraisse,9999-01-01,Staff
246997,Jaewon,Aloia,9999-01-01,Senior Staff
247055,Fan,Peris,9999-01-01,Senior Engineer
247056,Syozo,Figueira,9999-01-01,Senior Staff
247060,Pranay,Bamford,9999-01-01,Staff
247065,Shakhar,Zedlitz,9999-01-01,Technique Leader
247084,Collette,Yurek,9999-01-01,Senior Engineer
247086,Boaz,Mundy,9999-01-01,Senior Staff
247104,Jinya,Schnelling,9999-01-01,Senior Staff
247116,Adil,Lambe,9999-01-01,Senior Engineer
247118,Khaled,Panwar,9999-01-01,Senior Engineer
247135,Yaghout,Bage,9999-01-01,Engineer
247168,Taisook,Barriga,9999-01-01,Technique Leader
247170,Wonhee,Lanteri,9999-01-01,Senior Staff
247185,Yishai,Stifter,9999-01-01,Engineer
247198,Conrado,Zultner,9999-01-01,Staff
247206,Jordanka,Ishibashi,9999-01-01,Senior Staff
247210,Guoxiang,Kuzuoka,9999-01-01,Senior Staff
247216,Georg,Bazzichi,9999-01-01,Engineer
247220,Aimee,Miyakawa,9999-01-01,Staff
247232,Mariangiola,Mandelberg,9999-01-01,Senior Engineer
247256,Patricio,Reutenauer,9999-01-01,Staff
247284,Gina,Otillio,9999-01-01,Senior Engineer
247299,Yinlin,Whitcomb,9999-01-01,Senior Engineer
247306,Berry,Rosaz,9999-01-01,Staff
247311,Pranay,Bolsens,9999-01-01,Staff
247315,Fei,Lorho,9999-01-01,Staff
247318,Sarita,Baek,9999-01-01,Senior Engineer
247323,Shaz,Godskesen,9999-01-01,Senior Staff
247332,Hugo,Gerlach,9999-01-01,Engineer
247335,Dante,Bottner,9999-01-01,Engineer
247338,Giri,Pardalos,9999-01-01,Engineer
247377,Yurij,Bondorf,9999-01-01,Senior Engineer
247400,Huei,Chappelet,9999-01-01,Senior Engineer
247401,Sudharsan,Iivonen,9999-01-01,Senior Staff
247408,Aamod,Perez,9999-01-01,Senior Engineer
247410,Arif,Spataro,9999-01-01,Engineer
247411,Anyuan,Hedayat,9999-01-01,Senior Staff
247412,Jaihie,Brodie,9999-01-01,Senior Staff
247427,Uinam,Schaaf,9999-01-01,Engineer
247442,Mantis,Fordan,9999-01-01,Engineer
247449,Anneli,Percebois,9999-01-01,Engineer
247453,Khoa,Flasterstein,9999-01-01,Staff
247458,Minghong,Monkewich,9999-01-01,Staff
247472,Mayuko,Rossi,9999-01-01,Engineer
247477,Alenka,Kropp,9999-01-01,Senior Staff
247485,Mrinalini,Luby,9999-01-01,Staff
247502,Yinlin,Iivonen,9999-01-01,Senior Staff
247518,Yefim,Siprelle,9999-01-01,Senior Engineer
247537,Muzhong,Eldridge,9999-01-01,Engineer
247538,Fatemeh,Verspoor,9999-01-01,Staff
247540,Parviz,Murthy,9999-01-01,Staff
247559,Yechezkel,Szilard,9999-01-01,Staff
247577,Yuqun,Pileggi,9999-01-01,Engineer
247590,Venkatesan,Chinen,9999-01-01,Engineer
247594,Paraskevi,Showalter,9999-01-01,Engineer
247634,Shiv,Axelband,9999-01-01,Assistant Engineer
247645,Feiyu,Sundgren,9999-01-01,Engineer
247667,Pranjal,Egerstedt,9999-01-01,Technique Leader
247677,Weidon,Kavvadias,9999-01-01,Senior Staff
247678,Vugranam,Khalid,9999-01-01,Engineer
247681,Alejandra,Muniz,9999-01-01,Engineer
247689,Gennadi,Fadgyas,9999-01-01,Senior Engineer
247702,Elzbieta,Vidal,9999-01-01,Technique Leader
247706,Goa,Sethi,9999-01-01,Senior Staff
247714,Vivian,Swist,9999-01-01,Senior Staff
247715,Harjit,Scharstein,9999-01-01,Staff
247722,Roselyn,Molenkamp,9999-01-01,Staff
247729,Filipp,Morris,9999-01-01,Engineer
247731,Khatoun,Kopetz,9999-01-01,Engineer
247763,Remzi,Cincotta,9999-01-01,Senior Engineer
247769,Vugranam,Melton,9999-01-01,Engineer
247774,Pranay,Jeansoulin,9999-01-01,Engineer
247777,Shen,Herath,9999-01-01,Senior Engineer
247784,Ortrud,Kaelbling,9999-01-01,Staff
247790,Goo,Apsitis,9999-01-01,Engineer
247807,Aemilian,Azumi,9999-01-01,Technique Leader
247808,Sadun,Mitina,9999-01-01,Senior Engineer
247817,Chaoyi,Morrow,9999-01-01,Senior Engineer
247826,Xiaoheng,Kopetz,9999-01-01,Senior Staff
247827,Arif,Lund,9999-01-01,Staff
247855,Shao,Yamaashi,9999-01-01,Senior Staff
247858,Conor,Fritzsche,9999-01-01,Engineer
247860,Inderjeet,Ruther,9999-01-01,Senior Staff
247863,Pranav,Bugaenko,9999-01-01,Engineer
247872,Ger,Imataki,9999-01-01,Senior Staff
247876,Felicidad,Beetstra,9999-01-01,Senior Engineer
247877,Amabile,Jarecki,9999-01-01,Staff
247878,Doohun,Peha,9999-01-01,Senior Staff
247880,Saniya,Oxenboll,9999-01-01,Staff
247887,Ashish,Preusig,9999-01-01,Staff
247898,Karoline,Krohn,9999-01-01,Senior Staff
247900,Tuval,Denis,9999-01-01,Senior Engineer
247910,Mohan,Merli,9999-01-01,Engineer
247919,Volkmar,Piveteau,9999-01-01,Senior Engineer
247920,Shunichi,Miculan,9999-01-01,Senior Staff
247942,Marjo,Merle,9999-01-01,Engineer
247959,Moni,Piancastelli,9999-01-01,Technique Leader
247963,Charlene,Back,9999-01-01,Senior Engineer
247967,Denny,Varker,9999-01-01,Technique Leader
247968,Pintsang,Zweizig,9999-01-01,Staff
247971,Berni,Zweizig,9999-01-01,Senior Staff
247973,Xuejun,Simmel,9999-01-01,Senior Engineer
247984,Gaetan,Srimani,9999-01-01,Staff
248000,Turgut,Thorensen,9999-01-01,Engineer
248012,Shirish,Menhoudj,9999-01-01,Engineer
248019,Adel,McDermid,9999-01-01,Staff
248023,Sverrir,Badache,9999-01-01,Engineer
248035,Chikako,Maraist,9999-01-01,Engineer
248038,Golgen,Stellhorn,9999-01-01,Senior Engineer
248049,Lunjin,Henseler,9999-01-01,Engineer
248050,Conrado,Simmen,9999-01-01,Staff
248056,Suzette,Kroha,9999-01-01,Engineer
248063,Lidong,Genther,9999-01-01,Technique Leader
248066,JiYoung,Hebden,9999-01-01,Senior Engineer
248083,Zdislav,Wielonsky,9999-01-01,Technique Leader
248084,Noritoshi,Renear,9999-01-01,Engineer
248085,Emdad,Marciano,9999-01-01,Senior Engineer
248087,Christoph,Engelmann,9999-01-01,Senior Engineer
248092,Macha,Marzano,9999-01-01,Senior Staff
248130,Jacqueline,Bahr,9999-01-01,Staff
248134,Fayez,Bernardeschi,9999-01-01,Technique Leader
248172,Alassane,Couchot,9999-01-01,Senior Staff
248219,Parviz,Levasseur,9999-01-01,Senior Engineer
248224,Baruch,Ranta,9999-01-01,Senior Staff
248227,Zhiguo,Spell,9999-01-01,Senior Engineer
248232,Hinrich,Rodiger,9999-01-01,Staff
248233,Annemarie,Dayana,9999-01-01,Technique Leader
248259,Tze,Serre,9999-01-01,Engineer
248264,Niteen,Ligten,9999-01-01,Senior Engineer
248277,Yinlin,Boyle,9999-01-01,Senior Staff
248292,Arunas,Bugrara,9999-01-01,Engineer
248295,Francesca,Rathonyi,9999-01-01,Senior Staff
248303,Subir,Hambrick,9999-01-01,Engineer
248304,Xiaoshan,Krohn,9999-01-01,Engineer
248310,Christophe,Ratnakar,9999-01-01,Engineer
248320,Phuoc,Rehfuss,9999-01-01,Senior Engineer
248324,Rimli,Minakawa,9999-01-01,Senior Engineer
248327,Xuejia,Siprelle,9999-01-01,Senior Staff
248335,Gaetan,Tibblin,9999-01-01,Technique Leader
248336,Amstein,Vitiello,9999-01-01,Staff
248340,Maris,Dalphin,9999-01-01,Engineer
248361,Luigi,Axelband,9999-01-01,Senior Staff
248374,Dipankar,Speckmann,9999-01-01,Senior Engineer
248377,Felicidad,Luks,9999-01-01,Engineer
248386,Yannik,Ernst,9999-01-01,Senior Engineer
248389,Yunming,Weedon,9999-01-01,Senior Staff
248416,Lubomir,Ferretti,9999-01-01,Senior Engineer
248419,Toshimo,Ranst,9999-01-01,Staff
248437,Frederique,Porotnikoff,9999-01-01,Senior Staff
248443,Zengping,Melton,9999-01-01,Senior Staff
248454,Seongbae,Swab,9999-01-01,Senior Staff
248456,Jinpo,Brender,9999-01-01,Senior Staff
248462,Filipe,Gecsei,9999-01-01,Senior Engineer
248475,Masoud,Wursthorn,9999-01-01,Senior Engineer
248486,Karoline,Nishimukai,9999-01-01,Staff
248502,Sham,Vecchi,9999-01-01,Senior Engineer
248515,Duro,Swiler,9999-01-01,Senior Staff
248537,Fumino,Cyne,9999-01-01,Engineer
248542,Pranay,Hitomi,9999-01-01,Senior Engineer
248544,Basim,Murrill,9999-01-01,Senior Staff
248571,Jiakeng,Vesna,9999-01-01,Senior Staff
248572,Filipp,Fetvedt,9999-01-01,Staff
248586,Divier,VanScheik,9999-01-01,Senior Engineer
248599,Chinhyun,Luit,9999-01-01,Senior Staff
248600,Gio,Condotta,9999-01-01,Senior Staff
248609,Eirik,Chimia,9999-01-01,Engineer
248614,TRUE,Rodiger,9999-01-01,Staff
248626,Yolla,Gruenwald,9999-01-01,Senior Engineer
248631,Sungwon,Pezzoli,9999-01-01,Staff
248632,Zijian,Clemencon,9999-01-01,Senior Staff
248640,Jessie,Eiter,9999-01-01,Senior Staff
248648,Zhiwei,Schlenzig,9999-01-01,Senior Engineer
248650,Vitali,Onuegbe,9999-01-01,Staff
248659,Yoshimitsu,Encarnacion,9999-01-01,Engineer
248669,Mansur,Perz,9999-01-01,Staff
248686,Danil,Awdeh,9999-01-01,Senior Staff
248688,Percy,Zlotek,9999-01-01,Senior Engineer
248706,Panayotis,Azuma,9999-01-01,Senior Staff
248710,Fabrizio,Hockney,9999-01-01,Senior Staff
248713,Valter,Gaughan,9999-01-01,Engineer
248734,Mostafa,Ranst,9999-01-01,Engineer
248743,Leif,Bahr,9999-01-01,Senior Engineer
248755,Kyoichi,Ranka,9999-01-01,Technique Leader
248818,Yefim,Suomi,9999-01-01,Staff
248820,Howell,Seiwald,9999-01-01,Technique Leader
248826,Jaana,Oxenboll,9999-01-01,Technique Leader
248859,Arvind,Baar,9999-01-01,Staff
248860,Sreenivas,Carrere,9999-01-01,Senior Engineer
248871,Bokyung,Ozeki,9999-01-01,Staff
248885,Xiong,Kieras,9999-01-01,Staff
248888,Chikara,Thiran,9999-01-01,Engineer
248902,Lihong,Esteva,9999-01-01,Staff
248908,Adit,Peha,9999-01-01,Engineer
248933,Insup,Miyakawa,9999-01-01,Senior Staff
248939,Paris,Ghelli,9999-01-01,Staff
248951,Matt,Zultner,9999-01-01,Engineer
248957,Tomokazu,Peyn,9999-01-01,Senior Staff
248959,Elrique,Noriega,9999-01-01,Senior Staff
248965,Mack,Spinelli,9999-01-01,Senior Staff
248973,Slavian,Akaboshi,9999-01-01,Senior Staff
248979,Bezalel,Pezzoli,9999-01-01,Senior Staff
248988,Lokesh,Wynblatt,9999-01-01,Staff
248989,Radoslaw,Giarratana,9999-01-01,Senior Engineer
248994,Heping,Picaronny,9999-01-01,Senior Staff
248996,Basim,Sewelson,9999-01-01,Senior Staff
249003,Saniya,Bondorf,9999-01-01,Engineer
249011,JoAnne,Fargier,9999-01-01,Senior Staff
249034,Arun,Ranum,9999-01-01,Technique Leader
249045,Dinkar,Businaro,9999-01-01,Staff
249052,Houman,Awdeh,9999-01-01,Assistant Engineer
249067,Geoff,Hasenauer,9999-01-01,Technique Leader
249078,Tremaine,Orlowska,9999-01-01,Senior Engineer
249093,Koldo,Sridhar,9999-01-01,Senior Engineer
249094,Subhrajyoti,Siepmann,9999-01-01,Assistant Engineer
249110,Yongmao,Lund,9999-01-01,Staff
249117,Ugo,Silva,9999-01-01,Technique Leader
249121,Pantung,Turnbull,9999-01-01,Assistant Engineer
249153,Arfst,Bridgland,9999-01-01,Staff
249159,Marjo,Dichev,9999-01-01,Senior Staff
249166,Yuguang,Cooley,9999-01-01,Senior Staff
249170,Masaru,Clouatre,9999-01-01,Engineer
249174,Adam,Vernadat,9999-01-01,Senior Engineer
249193,Fan,Radhakrishnan,9999-01-01,Engineer
249194,Yongmin,Gimbel,9999-01-01,Engineer
249222,Sverrir,Srimani,9999-01-01,Engineer
249225,Luise,Horswill,9999-01-01,Engineer
249227,Manton,Chorvat,9999-01-01,Engineer
249233,Mara,McAffer,9999-01-01,Senior Engineer
249237,Moti,Ciolek,9999-01-01,Assistant Engineer
249238,Khaled,Lampe,9999-01-01,Senior Staff
249245,Ramzi,Baaz,9999-01-01,Staff
249261,Gil,Pettis,9999-01-01,Senior Staff
249276,Arra,Matheson,9999-01-01,Staff
249288,Youngkon,Marsiglia,9999-01-01,Assistant Engineer
249299,Shaleah,Hebert,9999-01-01,Engineer
249324,Chinya,Androutsos,9999-01-01,Engineer
249339,Seongbin,Coors,9999-01-01,Senior Engineer
249341,Miquel,Reinhart,9999-01-01,Senior Staff
249343,Radhika,Zumaque,9999-01-01,Senior Engineer
249355,Manu,Kalafatis,9999-01-01,Senior Staff
249369,Lidong,Chinen,9999-01-01,Senior Engineer
249381,Guiseppe,Chappelet,9999-01-01,Engineer
249387,Geraldo,Bharadwaj,9999-01-01,Staff
249394,Shiv,Crabtree,9999-01-01,Senior Engineer
249395,Shooichi,Falby,9999-01-01,Staff
249399,Aran,Eugenio,9999-01-01,Engineer
249409,Mrinalini,Soicher,9999-01-01,Senior Staff
249410,Caolyn,Comyn,9999-01-01,Assistant Engineer
249411,Kwan,Gulik,9999-01-01,Staff
249415,Panayotis,Noriega,9999-01-01,Senior Engineer
249417,Heng,DasSarma,9999-01-01,Engineer
249429,Gill,Hainaut,9999-01-01,Engineer
249439,Billur,Sidhu,9999-01-01,Engineer
249453,Shim,Merle,9999-01-01,Engineer
249457,Gonzalo,Frezza,9999-01-01,Staff
249468,Yakkov,Ibel,9999-01-01,Senior Staff
249479,Pintsang,Brodal,9999-01-01,Senior Engineer
249506,Alagu,Braunschweig,9999-01-01,Senior Staff
249507,Tommaso,Sommer,9999-01-01,Staff
249515,Dinkar,Carrera,9999-01-01,Engineer
249520,Chenye,Kemmerer,9999-01-01,Engineer
249528,Bader,Spataro,9999-01-01,Senior Engineer
249534,Tran,Zykh,9999-01-01,Senior Engineer
249535,Gopalakrishnan,Camurati,9999-01-01,Senior Engineer
249547,Gen,Uchoa,9999-01-01,Senior Staff
249548,Freyja,Jiafu,9999-01-01,Engineer
249549,Hitomi,Skafidas,9999-01-01,Senior Engineer
249559,Yuichiro,Flanders,9999-01-01,Engineer
249567,Mostafa,Yetto,9999-01-01,Senior Staff
249568,Khosrow,Crelier,9999-01-01,Senior Engineer
249578,Atreyi,Cheshire,9999-01-01,Engineer
249591,Shaw,Mersereau,9999-01-01,Senior Engineer
249602,Feiyu,Munos,9999-01-01,Staff
249603,Xiaopeng,Seuren,9999-01-01,Staff
249607,Yongqiao,Mahnke,9999-01-01,Senior Engineer
249609,Kasturi,Pietrzykowski,9999-01-01,Senior Staff
249610,Tesuya,Puppe,9999-01-01,Senior Staff
249613,Magy,Onuegbe,9999-01-01,Senior Staff
249624,Morris,Brandsma,9999-01-01,Senior Staff
249642,Yonghong,dAstous,9999-01-01,Senior Engineer
249645,Cathie,Pokrovskii,9999-01-01,Senior Engineer
249646,Alper,Boudaillier,9999-01-01,Senior Engineer
249654,JoAnna,Zizka,9999-01-01,Senior Staff
249663,Xuedong,Braccini,9999-01-01,Staff
249667,Shawna,Walston,9999-01-01,Senior Staff
249673,Naraig,Klerer,9999-01-01,Senior Staff
249694,Uriel,Hutton,9999-01-01,Senior Engineer
249696,Elrique,Whitcomb,9999-01-01,Senior Engineer
249697,Mario,Kuzuoka,9999-01-01,Engineer
249708,Anoosh,Orlowski,9999-01-01,Technique Leader
249711,Georg,Zambonelli,9999-01-01,Senior Staff
249719,Xiaoheng,Staudhammer,9999-01-01,Staff
249720,Dipayan,Strehl,9999-01-01,Staff
249721,Nigel,McConalogue,9999-01-01,Staff
249729,Aiichiro,Redmiles,9999-01-01,Engineer
249732,Kolar,Hiroyama,9999-01-01,Senior Staff
249736,Mari,Polajnar,9999-01-01,Technique Leader
249750,Sampalli,Koblitz,9999-01-01,Staff
249758,Serge,Klerer,9999-01-01,Technique Leader
249761,Mayumi,Hoppenstand,9999-01-01,Technique Leader
249763,Josyula,Feldmann,9999-01-01,Staff
249765,Apostol,Oxenboll,9999-01-01,Engineer
249802,Rasiah,Pearson,9999-01-01,Assistant Engineer
249805,Kitty,Bazzichi,9999-01-01,Engineer
249806,Mantis,Ratnaker,9999-01-01,Senior Engineer
249809,Xuejun,Peot,9999-01-01,Senior Staff
249822,Sergi,Cairo,9999-01-01,Senior Staff
249827,Michaela,Perna,9999-01-01,Staff
249830,Willard,Simmen,9999-01-01,Senior Engineer
249843,Visit,Kandlur,9999-01-01,Engineer
249852,Ziya,Schade,9999-01-01,Senior Staff
249863,Masali,Chiola,9999-01-01,Senior Staff
249880,Zito,Eickenmeyer,9999-01-01,Senior Engineer
249886,Radhika,Rossi,9999-01-01,Engineer
249907,Odoardo,Kumaresan,9999-01-01,Technique Leader
249912,Moni,Itschner,9999-01-01,Engineer
249923,Bowen,Frijda,9999-01-01,Assistant Engineer
249924,Remmert,Bale,9999-01-01,Engineer
249931,Berna,Oaver,9999-01-01,Staff
249947,Arfst,Farrar,9999-01-01,Engineer
249958,Marjo,Bergere,9999-01-01,Staff
249968,Suebskul,Birge,9999-01-01,Engineer
249971,Christoper,Tzvieli,9999-01-01,Engineer
249979,Cullen,Pearson,9999-01-01,Engineer
249988,Masako,Casperson,9999-01-01,Senior Staff
250000,Arch,Landherr,9999-01-01,Senior Engineer
250004,Marit,Cannard,9999-01-01,Senior Engineer
250005,Shooichi,Hagimont,9999-01-01,Engineer
250006,Deborah,Spataro,9999-01-01,Senior Staff
250015,DAIDA,Coombs,9999-01-01,Staff
250023,Xudong,Kuszyk,9999-01-01,Engineer
250026,Sigeru,Cooke,9999-01-01,Engineer
250039,Sumali,Maierhofer,9999-01-01,Technique Leader
250068,Kyoichi,Ghemri,9999-01-01,Senior Staff
250079,Fusako,Bouloucos,9999-01-01,Senior Staff
250080,Zhensheng,Nitsche,9999-01-01,Engineer
250083,Zine,Matzel,9999-01-01,Senior Staff
250117,Minghong,Mahnke,9999-01-01,Staff
250127,Anwar,Bahl,9999-01-01,Engineer
250129,Karoline,Duclos,9999-01-01,Engineer
250130,Shigeo,Mersereau,9999-01-01,Senior Engineer
250141,Brewster,Chenney,9999-01-01,Staff
250158,Arie,Ritzmann,9999-01-01,Engineer
250163,Margareta,Saoudi,9999-01-01,Senior Engineer
250169,Henk,Baja,9999-01-01,Senior Engineer
250211,Kersti,Cronan,9999-01-01,Senior Staff
250213,Berhard,Murrill,9999-01-01,Senior Engineer
250218,Uriel,Zongker,9999-01-01,Senior Engineer
250225,Fuqing,Beerel,9999-01-01,Senior Engineer
250241,Chuanti,Shigei,9999-01-01,Staff
250244,Shunichi,Muntz,9999-01-01,Senior Staff
250257,Sachio,Huttel,9999-01-01,Engineer
250260,Baoqiu,Aloia,9999-01-01,Senior Staff
250264,Shir,Gecseg,9999-01-01,Staff
250272,Khalil,Birch,9999-01-01,Senior Engineer
250276,Teruyuki,Schneeberger,9999-01-01,Senior Engineer
250304,Brigham,Rusterholz,9999-01-01,Staff
250331,Vitaly,Roohalamini,9999-01-01,Technique Leader
250339,Jongsuk,Ferriere,9999-01-01,Staff
250356,Persi,Pocchiola,9999-01-01,Senior Staff
250376,Boutros,Leijenhorst,9999-01-01,Senior Staff
250384,Basem,Raoux,9999-01-01,Engineer
250387,Roded,Trogemann,9999-01-01,Engineer
250389,Zeydy,Ouhyoung,9999-01-01,Engineer
250405,Sakthirel,Fetvedt,9999-01-01,Staff
250418,Yannis,Cools,9999-01-01,Staff
250419,Greger,Bottner,9999-01-01,Engineer
250420,Danel,Conta,9999-01-01,Senior Staff
250423,Tua,Krupka,9999-01-01,Senior Staff
250428,Shigeu,Reinhart,9999-01-01,Senior Engineer
250454,Paddy,Bardell,9999-01-01,Engineer
250462,Vesna,Koyama,9999-01-01,Technique Leader
250464,Florian,Gimbel,9999-01-01,Staff
250470,Nimmagadda,Barvinok,9999-01-01,Senior Staff
250472,Zhilian,Yamaashi,9999-01-01,Senior Staff
250473,Miomir,Raoux,9999-01-01,Staff
250477,Pascal,Rando,9999-01-01,Engineer
250478,Shaleah,Casley,9999-01-01,Senior Staff
250493,Woody,Aloisi,9999-01-01,Senior Staff
250499,Arif,Aseltine,9999-01-01,Senior Staff
250515,Zissis,Schach,9999-01-01,Senior Staff
250516,Oddvar,Baig,9999-01-01,Engineer
250528,Abdulla,Barvinok,9999-01-01,Senior Staff
250531,Emdad,Panienski,9999-01-01,Staff
250532,Masako,Zongker,9999-01-01,Staff
250554,Sachio,Plesums,9999-01-01,Staff
250558,Isaac,Esposito,9999-01-01,Senior Engineer
250580,Dietrich,Reinhart,9999-01-01,Engineer
250598,Kristinn,Itschner,9999-01-01,Staff
250612,Hidekazu,Backhouse,9999-01-01,Senior Staff
250621,Ute,Baar,9999-01-01,Engineer
250624,Mayuri,Oehlmann,9999-01-01,Senior Staff
250629,Salvador,Limongiello,9999-01-01,Engineer
250637,Sarita,Comte,9999-01-01,Senior Staff
250652,Eran,Brendel,9999-01-01,Staff
250656,Sadun,Valiente,9999-01-01,Senior Engineer
250664,Boutros,Gargeya,9999-01-01,Staff
250671,Aloys,Maksimenko,9999-01-01,Engineer
250675,Vasiliy,Staelin,9999-01-01,Senior Engineer
250685,Mohammad,Remmers,9999-01-01,Senior Engineer
250687,Kensyu,Decleir,9999-01-01,Staff
250708,Chiranjit,Sichman,9999-01-01,Engineer
250711,Rosine,Koshiba,9999-01-01,Senior Staff
250714,Boaz,Conte,9999-01-01,Senior Engineer
250716,Guoxiang,Denos,9999-01-01,Staff
250743,Herbert,Hanratty,9999-01-01,Senior Staff
250747,Tomofumi,Bahr,9999-01-01,Staff
250771,Hiroyasu,Dehkordi,9999-01-01,Senior Staff
250790,Saeko,Veccia,9999-01-01,Senior Staff
250791,Halsur,Orlowski,9999-01-01,Technique Leader
250799,Badri,Homond,9999-01-01,Staff
250805,Murthy,Vasanthakumar,9999-01-01,Senior Engineer
250816,Kazuhide,Ambroszkiewicz,9999-01-01,Senior Staff
250819,Tommaso,Huhdanpaa,9999-01-01,Senior Staff
250825,Christophe,Perfilyeva,9999-01-01,Staff
250845,Takahira,Turnbull,9999-01-01,Engineer
250851,Zongyan,Qiwen,9999-01-01,Senior Engineer
250854,LiMin,Luders,9999-01-01,Engineer
250883,Eishiro,Fendler,9999-01-01,Senior Staff
250884,Jeanne,Pepe,9999-01-01,Senior Staff
250886,Kagan,Busillo,9999-01-01,Staff
250903,Remzi,Szemeredi,9999-01-01,Senior Engineer
250904,Snehasis,Zykh,9999-01-01,Staff
250934,Jingling,Buchter,9999-01-01,Assistant Engineer
250945,Kirk,Streit,9999-01-01,Staff
250950,Wonhee,Matzke,9999-01-01,Staff
250967,Genki,Pardalos,9999-01-01,Staff
250971,Sarita,Sankaranarayanan,9999-01-01,Senior Staff
250984,Mong,Uhrig,9999-01-01,Staff
250996,Moie,Bazelow,9999-01-01,Technique Leader
251002,Aksel,Belinskaya,9999-01-01,Staff
251004,Kwangjo,Nastansky,9999-01-01,Senior Engineer
251005,Tomokazu,Norsworthy,9999-01-01,Engineer
251013,Sugwoo,Pietracaprina,9999-01-01,Technique Leader
251026,Shan,Whitcomb,9999-01-01,Engineer
251043,Kazuhisa,Barinka,9999-01-01,Staff
251044,Basant,Constantine,9999-01-01,Staff
251068,Aral,Angelopoulos,9999-01-01,Senior Engineer
251079,Munenori,Yamaashi,9999-01-01,Engineer
251085,Ronnie,Vecchio,9999-01-01,Senior Engineer
251092,Adas,Chenney,9999-01-01,Engineer
251100,Youssef,Itzigehl,9999-01-01,Staff
251103,Leif,Hofmeyr,9999-01-01,Technique Leader
251108,Mizuhito,Eiron,9999-01-01,Senior Engineer
251130,Makato,Duclos,9999-01-01,Senior Engineer
251141,Xiaoshan,Kroha,9999-01-01,Technique Leader
251149,Uli,Serra,9999-01-01,Senior Engineer
251154,Zdislav,Picel,9999-01-01,Technique Leader
251182,Goh,Dulli,9999-01-01,Senior Staff
251200,Kaijung,Birdsall,9999-01-01,Engineer
251216,Nechama,Tsunoo,9999-01-01,Staff
251237,Cedric,Miara,9999-01-01,Senior Staff
251253,Susumu,Petersohn,9999-01-01,Staff
251261,Suzette,McAffer,9999-01-01,Senior Staff
251262,Kensei,Conry,9999-01-01,Engineer
251268,Gor,Morrey,9999-01-01,Senior Staff
251272,Akeel,Heuser,9999-01-01,Engineer
251299,Parto,DasSarma,9999-01-01,Engineer
251318,Pragnesh,Fendler,9999-01-01,Engineer
251321,Licheng,Felcyn,9999-01-01,Senior Engineer
251324,Yaghout,Schiettecatte,9999-01-01,Staff
251327,Bodh,McAlpine,9999-01-01,Senior Staff
251367,Werner,Kabayashi,9999-01-01,Engineer
251384,Sreekrishna,Cmelik,9999-01-01,Senior Staff
251388,Pantung,Fendler,9999-01-01,Senior Engineer
251404,Ipke,Schapire,9999-01-01,Staff
251419,TRUE,Frolund,9999-01-01,Engineer
251436,Jeane,Kaelbling,9999-01-01,Engineer
251451,Adly,VanScheik,9999-01-01,Senior Engineer
251456,Tua,Raney,9999-01-01,Staff
251464,Junichi,Talmon,9999-01-01,Staff
251470,Sadegh,Mungall,9999-01-01,Engineer
251474,Anwar,Kolvik,9999-01-01,Engineer
251478,Kamakshi,Maquelin,9999-01-01,Senior Engineer
251480,Claude,Hedayat,9999-01-01,Engineer
251493,Lein,Rosen,9999-01-01,Assistant Engineer
251495,Aemilian,Hiltgen,9999-01-01,Staff
251496,Eishiro,Rijckaert,9999-01-01,Senior Engineer
251510,Margareta,Junet,9999-01-01,Engineer
251514,Shooichi,Carrere,9999-01-01,Senior Engineer
251518,Duke,Perng,9999-01-01,Engineer
251524,Gully,Undy,9999-01-01,Senior Engineer
251536,Valery,Crooks,9999-01-01,Senior Staff
251541,Jessie,Leivant,9999-01-01,Assistant Engineer
251565,Gill,Vuskovic,9999-01-01,Senior Staff
251591,Shahar,Pietrzykowski,9999-01-01,Technique Leader
251608,Ult,Baby,9999-01-01,Technique Leader
251618,Piyawadee,Chachaty,9999-01-01,Technique Leader
251621,Mitchel,Alameldin,9999-01-01,Engineer
251669,Subhrajyoti,Daescu,9999-01-01,Senior Staff
251683,Maris,Klassen,9999-01-01,Assistant Engineer
251684,Tetsushi,Coorg,9999-01-01,Senior Staff
251685,Conal,McConalogue,9999-01-01,Engineer
251687,Jordanka,Honglei,9999-01-01,Engineer
251688,Tsuneo,Jenevein,9999-01-01,Senior Engineer
251703,Djelloul,Chelton,9999-01-01,Staff
251709,Dmitry,Lorin,9999-01-01,Senior Staff
251720,Tadanori,Birke,9999-01-01,Assistant Engineer
251734,Lenore,Segond,9999-01-01,Senior Staff
251739,Zhiguo,Lichtner,9999-01-01,Senior Engineer
251767,Pranjal,Borovoy,9999-01-01,Senior Engineer
251798,Urs,Oxenboll,9999-01-01,Staff
251801,IEEE,Milicic,9999-01-01,Senior Staff
251804,Shir,Akaboshi,9999-01-01,Assistant Engineer
251806,Zhiguo,Chorvat,9999-01-01,Senior Engineer
251812,Doohun,Suomi,9999-01-01,Staff
251815,Moon,Belinskaya,9999-01-01,Senior Staff
251826,Shimshon,Ghalwash,9999-01-01,Engineer
251830,Sanjeeva,Demeyer,9999-01-01,Staff
251839,Nahum,Munoz,9999-01-01,Technique Leader
251851,Yongmin,Munawer,9999-01-01,Senior Engineer
251861,Qunsheng,Gihr,9999-01-01,Senior Engineer
251862,Kauko,Molenaar,9999-01-01,Engineer
251865,Younwoo,Danner,9999-01-01,Senior Staff
251877,Bojan,Danecki,9999-01-01,Engineer
251883,Trygve,Barreiro,9999-01-01,Staff
251903,Fabrizio,Menhoudj,9999-01-01,Engineer
251913,Rildo,Hellwagner,9999-01-01,Engineer
251921,Fusako,Mellouli,9999-01-01,Senior Engineer
251947,Jouko,Pluym,9999-01-01,Senior Engineer
251959,Djelloul,Masand,9999-01-01,Senior Engineer
251961,Lidong,Huxford,9999-01-01,Senior Engineer
251963,Larisa,Tasistro,9999-01-01,Senior Engineer
251966,Volkmar,Cangellaris,9999-01-01,Senior Staff
251971,Harjit,Demke,9999-01-01,Senior Engineer
251999,Godehard,Krohn,9999-01-01,Engineer
252004,Kazuhisa,Pettey,9999-01-01,Engineer
252016,Hatim,Czaja,9999-01-01,Senior Staff
252018,Yuguang,Spinelli,9999-01-01,Engineer
252021,Hatim,Lammel,9999-01-01,Engineer
252038,Ottavia,Serra,9999-01-01,Senior Staff
252044,Yurii,Syang,9999-01-01,Technique Leader
252055,Seongbae,Krychniak,9999-01-01,Senior Engineer
252056,Arnd,Denny,9999-01-01,Senior Staff
252058,Fusako,Shiratori,9999-01-01,Senior Staff
252062,Shigeo,Wolniewicz,9999-01-01,Senior Staff
252070,Valeska,Katalagarianos,9999-01-01,Senior Engineer
252098,Surveyors,Snedden,9999-01-01,Engineer
252104,Tommaso,Reutenauer,9999-01-01,Senior Engineer
252118,Yahiko,Mitsuhashi,9999-01-01,Senior Engineer
252123,Hideyuki,Warwick,9999-01-01,Engineer
252138,Kiyotoshi,Zaiane,9999-01-01,Senior Engineer
252159,Collette,Shobatake,9999-01-01,Senior Engineer
252166,Maja,Avouris,9999-01-01,Senior Engineer
252169,Mori,Kobara,9999-01-01,Engineer
252171,Kiam,Merli,9999-01-01,Senior Engineer
252194,Uri,Perez,9999-01-01,Staff
252198,Suzette,Hofmeyr,9999-01-01,Staff
252199,Ute,Cannard,9999-01-01,Staff
252221,Ortrun,Camarinopoulos,9999-01-01,Senior Engineer
252224,TRUE,Heiserman,9999-01-01,Assistant Engineer
252230,Nitsan,Kusalik,9999-01-01,Engineer
252235,Spyrose,Litzkow,9999-01-01,Assistant Engineer
252243,Ayakannu,Coullard,9999-01-01,Senior Engineer
252251,Shem,Staelin,9999-01-01,Engineer
252256,Takahira,Scallan,9999-01-01,Senior Staff
252260,Clyde,Munos,9999-01-01,Engineer
252272,Kwan,Alvarado,9999-01-01,Engineer
252284,Juichirou,Koyama,9999-01-01,Engineer
252285,Fayez,Gustavson,9999-01-01,Engineer
252312,Gonzalo,Simmel,9999-01-01,Engineer
252313,Zijian,Ellozy,9999-01-01,Senior Staff
252317,Murthy,Erie,9999-01-01,Senior Staff
252329,Panayotis,Horswill,9999-01-01,Senior Engineer
252342,Lena,Yetim,9999-01-01,Engineer
252351,Kersti,Flanders,9999-01-01,Senior Engineer
252362,Troy,Dulin,9999-01-01,Technique Leader
252368,Chenyi,Rabehasaina,9999-01-01,Senior Staff
252378,Owen,Alvarado,9999-01-01,Staff
252391,Bezalel,Morton,9999-01-01,Senior Staff
252407,Shih,Ritzmann,9999-01-01,Engineer
252408,Charmane,Wynblatt,9999-01-01,Senior Engineer
252410,Sukumar,Fujisawa,9999-01-01,Engineer
252419,Akemi,Bhattacharjee,9999-01-01,Engineer
252426,Poornachandra,Rijckaert,9999-01-01,Engineer
252457,Luigi,Pell,9999-01-01,Engineer
252461,Sanjai,Ramsey,9999-01-01,Senior Staff
252463,Remmert,Lanteri,9999-01-01,Engineer
252476,Youssef,Deverell,9999-01-01,Engineer
252477,Khedija,Jahnichen,9999-01-01,Senior Staff
252479,Aleksander,Tasistro,9999-01-01,Senior Engineer
252482,Zito,Billingsley,9999-01-01,Technique Leader
252496,Alagu,Polajnar,9999-01-01,Engineer
252497,Urs,Parascandalo,9999-01-01,Engineer
252507,Rimli,DiGiano,9999-01-01,Senior Staff
252510,Bedir,Akazan,9999-01-01,Engineer
252514,Tsutomu,Kemmerer,9999-01-01,Staff
252523,Masami,Schwabacher,9999-01-01,Engineer
252543,Sachem,Boguraev,9999-01-01,Senior Engineer
252545,Itzchak,Zolotykh,9999-01-01,Technique Leader
252558,Manu,Schlenzig,9999-01-01,Engineer
252580,Kensyu,Stamatiou,9999-01-01,Senior Engineer
252603,Bartek,Shrader,9999-01-01,Engineer
252607,Shichao,Brender,9999-01-01,Senior Engineer
252615,Chuanyi,Mandelberg,9999-01-01,Senior Staff
252650,Jamaludin,Pramanik,9999-01-01,Senior Staff
252653,Sreenivas,Maraist,9999-01-01,Engineer
252665,Khosrow,Klerer,9999-01-01,Engineer
252666,Matt,Ramamoorthy,9999-01-01,Senior Staff
252675,Pantung,Ponthieu,9999-01-01,Senior Engineer
252680,Martina,Sewelson,9999-01-01,Senior Engineer
252696,Mart,Luft,9999-01-01,Engineer
252700,Tonny,Mayerwieser,9999-01-01,Senior Staff
252701,Bernice,Penttonen,9999-01-01,Engineer
252703,Barna,Beausoleil,9999-01-01,Staff
252733,Toong,Besancenot,9999-01-01,Senior Staff
252740,Mang,Riesenhuber,9999-01-01,Senior Engineer
252749,Akhilish,Yeung,9999-01-01,Staff
252763,Felicidad,Aamodt,9999-01-01,Engineer
252764,Abdulla,Vendrig,9999-01-01,Staff
252765,Jongsuk,Boreale,9999-01-01,Senior Staff
252767,Udaiprakash,Chiola,9999-01-01,Engineer
252769,Supot,Matheson,9999-01-01,Senior Engineer
252808,Steen,Leaver,9999-01-01,Senior Engineer
252822,Gou,Gammage,9999-01-01,Staff
252834,Brigham,Bellone,9999-01-01,Senior Staff
252842,Leucio,Cangellaris,9999-01-01,Senior Staff
252862,Shahab,Schicker,9999-01-01,Staff
252865,Sham,Zlotek,9999-01-01,Senior Staff
252868,Zhiguo,Strooper,9999-01-01,Engineer
252915,Jouni,Acton,9999-01-01,Technique Leader
252924,Kazuhisa,Bazzichi,9999-01-01,Senior Staff
252927,Vitaly,Veeraraghavan,9999-01-01,Senior Staff
252934,Zhenhua,Akaboshi,9999-01-01,Senior Engineer
252939,Toshiki,Cullers,9999-01-01,Senior Staff
252942,Terresa,Showalter,9999-01-01,Staff
252948,Danco,Krupka,9999-01-01,Senior Staff
252970,Mario,Herber,9999-01-01,Engineer
252971,Leon,Pluym,9999-01-01,Staff
252982,Mandell,Pehl,9999-01-01,Technique Leader
252985,Giordano,Ramsak,9999-01-01,Staff
252989,Stella,Wegerle,9999-01-01,Senior Engineer
252992,Shahab,Gustavson,9999-01-01,Engineer
252997,Mamdouh,Reutenauer,9999-01-01,Senior Engineer
253002,Niteen,Fioravanti,9999-01-01,Senior Staff
253003,Yannik,Lambe,9999-01-01,Senior Engineer
253017,Subhash,Staudhammer,9999-01-01,Senior Engineer
253037,Zijian,Bharadwaj,9999-01-01,Engineer
253042,Mariangiola,Matzke,9999-01-01,Staff
253047,Hausi,Manders,9999-01-01,Engineer
253066,Faiza,Kugler,9999-01-01,Senior Engineer
253070,Zhiguo,Gaughan,9999-01-01,Senior Staff
253081,Jenwei,Setlzner,9999-01-01,Technique Leader
253084,Duro,Potthoff,9999-01-01,Engineer
253086,Shugo,Huxford,9999-01-01,Senior Engineer
253094,Hugh,Syrotiuk,9999-01-01,Senior Staff
253096,Taiji,Muhling,9999-01-01,Senior Staff
253098,Faiza,Delgrande,9999-01-01,Technique Leader
253099,Lobel,Atrawala,9999-01-01,Senior Engineer
253100,Arunachalam,Lindqvist,9999-01-01,Senior Engineer
253105,Susanta,Nollmann,9999-01-01,Senior Staff
253124,Samphel,Garnham,9999-01-01,Senior Engineer
253125,Khalil,Percebois,9999-01-01,Senior Engineer
253126,Alejandro,Birta,9999-01-01,Senior Staff
253141,Arra,Chiodo,9999-01-01,Senior Staff
253146,Gou,Pramanik,9999-01-01,Senior Staff
253165,Adin,Assaf,9999-01-01,Senior Engineer
253174,Hidekazu,Henders,9999-01-01,Senior Staff
253176,Basant,Giaccio,9999-01-01,Staff
253184,Mokhtar,Riexinger,9999-01-01,Senior Staff
253190,Rosli,Kuszyk,9999-01-01,Senior Engineer
253191,Ottavia,Jahnichen,9999-01-01,Senior Staff
253212,Anneli,Jarecki,9999-01-01,Staff
253217,Subhash,Honiden,9999-01-01,Senior Staff
253234,Utz,Fioravanti,9999-01-01,Senior Engineer
253249,Breannda,Tiemann,9999-01-01,Staff
253260,Isaac,Capobianchi,9999-01-01,Senior Staff
253266,Perry,Luft,9999-01-01,Senior Staff
253272,Amalendu,Uehara,9999-01-01,Staff
253294,DeForest,Cherinka,9999-01-01,Senior Engineer
253323,Gilbert,Lieberherr,9999-01-01,Engineer
253324,Xiong,Vendrig,9999-01-01,Senior Staff
253325,Kristine,Ushiama,9999-01-01,Senior Engineer
253340,Val,Broder,9999-01-01,Senior Engineer
253346,Parviz,Hedayat,9999-01-01,Engineer
253354,Takahito,Hofman,9999-01-01,Staff
253359,Gadiel,Terwilliger,9999-01-01,Assistant Engineer
253381,Berto,Henders,9999-01-01,Staff
253402,Guther,Pavlopoulou,9999-01-01,Senior Engineer
253410,Teruyuki,Polupanov,9999-01-01,Senior Engineer
253415,Tran,Schwaller,9999-01-01,Senior Engineer
253417,Irene,Kalorkoti,9999-01-01,Staff
253445,Deniz,Maliniak,9999-01-01,Engineer
253448,Luigi,Hettesheimer,9999-01-01,Engineer
253457,Terresa,Stasinski,9999-01-01,Engineer
253462,Menkae,Sooriamurthi,9999-01-01,Engineer
253465,Rayond,Munke,9999-01-01,Staff
253469,Rafail,Zeleznik,9999-01-01,Engineer
253472,Gianluca,Kusakabe,9999-01-01,Senior Staff
253473,Jamaludin,Crooks,9999-01-01,Engineer
253487,Henk,Pokrovskii,9999-01-01,Engineer
253492,Serge,Carrere,9999-01-01,Engineer
253501,Xinan,Gladwell,9999-01-01,Senior Staff
253509,Karsten,Kaminger,9999-01-01,Senior Staff
253511,Qingxiang,Nitta,9999-01-01,Senior Engineer
253514,Apostol,Cannane,9999-01-01,Engineer
253516,Taizo,Poujol,9999-01-01,Engineer
253539,Bingning,Varker,9999-01-01,Senior Engineer
253549,Tze,Benantar,9999-01-01,Staff
253562,Slavian,Sethi,9999-01-01,Senior Engineer
253569,Shaowen,Gopalakrishnan,9999-01-01,Senior Staff
253571,Tomokazu,Deverell,9999-01-01,Assistant Engineer
253572,Sachem,Schoegge,9999-01-01,Staff
253579,Jeanna,Biron,9999-01-01,Senior Staff
253580,Duri,Suessmith,9999-01-01,Engineer
253625,Leif,Pavlopoulou,9999-01-01,Senior Staff
253632,Pohua,Bresenham,9999-01-01,Senior Staff
253634,Sakthirel,Bellone,9999-01-01,Technique Leader
253636,Yucel,Itschner,9999-01-01,Staff
253648,Tesuya,Millington,9999-01-01,Senior Staff
253650,Remzi,Loncour,9999-01-01,Engineer
253652,Jaewon,Hasham,9999-01-01,Senior Staff
253657,Mrinalini,Selvestrel,9999-01-01,Engineer
253670,Sachin,Conte,9999-01-01,Staff
253679,Mingdong,Portugali,9999-01-01,Staff
253683,Shaunak,Egerstedt,9999-01-01,Senior Staff
253697,Zeydy,Nitto,9999-01-01,Senior Engineer
253700,Masasuke,Comyn,9999-01-01,Staff
253704,Sven,Belinskaya,9999-01-01,Staff
253714,Maria,Aseltine,9999-01-01,Senior Staff
253727,Fayez,Pargas,9999-01-01,Senior Engineer
253729,Ziyad,Rusterholz,9999-01-01,Senior Engineer
253733,Jiang,Rissland,9999-01-01,Senior Staff
253745,Krassimir,Adachi,9999-01-01,Senior Engineer
253758,Jouni,Calkin,9999-01-01,Senior Engineer
253777,Kien,Ravishankar,9999-01-01,Staff
253785,Eckart,Smailagic,9999-01-01,Senior Staff
253797,Martien,Fabrizio,9999-01-01,Senior Staff
253805,Malu,Fargier,9999-01-01,Engineer
253820,Jeong,Conry,9999-01-01,Senior Engineer
253823,Gaurav,Casley,9999-01-01,Senior Engineer
253827,Iara,Khasidashvili,9999-01-01,Senior Staff
253828,Shem,Lubachevsky,9999-01-01,Staff
253830,Luerbio,Pintelas,9999-01-01,Senior Staff
253832,Jixiang,Foong,9999-01-01,Technique Leader
253847,Xiaobin,Suermann,9999-01-01,Engineer
253848,Seongbae,Einsfeld,9999-01-01,Staff
253851,Piyush,Smailagic,9999-01-01,Staff
253865,Fox,Hedayat,9999-01-01,Assistant Engineer
253866,Reinhard,Reinhart,9999-01-01,Senior Engineer
253869,Joydip,Schmiedel,9999-01-01,Staff
253896,Mayuri,Akiyama,9999-01-01,Staff
253911,Sumant,Siepmann,9999-01-01,Senior Engineer
253914,Syozo,DeMori,9999-01-01,Engineer
253917,Sachin,Gaughan,9999-01-01,Senior Engineer
253928,Abdulla,Oberman,9999-01-01,Senior Engineer
253930,KayLiang,Moffat,9999-01-01,Senior Engineer
253977,Tonny,Usdin,9999-01-01,Senior Engineer
254003,Alenka,Haumacher,9999-01-01,Senior Staff
254013,Luise,Luff,9999-01-01,Senior Staff
254016,Danel,Bierman,9999-01-01,Senior Engineer
254024,Richard,Ernst,9999-01-01,Senior Staff
254043,Saddek,Peng,9999-01-01,Staff
254053,Heeju,Benantar,9999-01-01,Engineer
254065,Kazunori,Azadmanesh,9999-01-01,Senior Engineer
254069,Uli,Nishimukai,9999-01-01,Senior Engineer
254075,Kazuyasu,Soicher,9999-01-01,Senior Staff
254079,Iara,Iacovou,9999-01-01,Senior Engineer
254084,Visit,Fiebach,9999-01-01,Senior Engineer
254091,Alejandra,Jiang,9999-01-01,Staff
254097,Seongbae,Ibel,9999-01-01,Engineer
254117,Leen,Andreotta,9999-01-01,Engineer
254127,Arfst,Shumilov,9999-01-01,Staff
254138,Yechiam,Gammage,9999-01-01,Assistant Engineer
254141,Tran,Tramer,9999-01-01,Senior Staff
254167,Xianlong,Tibblin,9999-01-01,Senior Staff
254188,Larisa,Peltason,9999-01-01,Senior Engineer
254190,Baruch,Murrill,9999-01-01,Staff
254203,Rutger,Milicic,9999-01-01,Staff
254206,Tamiya,Asmuth,9999-01-01,Staff
254212,Mayuri,Leijenhorst,9999-01-01,Engineer
254223,Geraldo,Vieth,9999-01-01,Staff
254236,Ung,Zastre,9999-01-01,Senior Engineer
254237,Keung,Slaats,9999-01-01,Senior Staff
254241,Anneli,Wursthorn,9999-01-01,Senior Engineer
254245,Kshitij,Puppo,9999-01-01,Senior Engineer
254247,Van,Furudate,9999-01-01,Senior Staff
254270,Pohua,Hiraishi,9999-01-01,Senior Staff
254290,Yechezkel,Doering,9999-01-01,Senior Staff
254292,Pranas,Eppinger,9999-01-01,Senior Staff
254293,Stein,Pardalos,9999-01-01,Engineer
254294,Shridhar,Benzaken,9999-01-01,Senior Engineer
254325,Khun,Luiz,9999-01-01,Technique Leader
254330,Mikhail,Muhling,9999-01-01,Staff
254343,Masamitsu,Lenart,9999-01-01,Senior Engineer
254347,Zine,Schwaller,9999-01-01,Senior Engineer
254354,Martins,Angiulli,9999-01-01,Senior Engineer
254366,Brendon,Bazzichi,9999-01-01,Staff
254370,Khedija,Schwartzburd,9999-01-01,Senior Staff
254394,Mingsen,Garnick,9999-01-01,Engineer
254408,Kiyokazu,Pleszkun,9999-01-01,Staff
254409,Dante,Gide,9999-01-01,Senior Engineer
254412,Akhilish,Vrecion,9999-01-01,Senior Engineer
254417,Yurii,Selvestrel,9999-01-01,Senior Staff
254418,Huican,Luan,9999-01-01,Senior Staff
254436,Huai,Bottner,9999-01-01,Staff
254454,Uinam,Ponthieu,9999-01-01,Senior Staff
254456,Sanjoy,Openshaw,9999-01-01,Engineer
254459,Mart,Gadepally,9999-01-01,Engineer
254460,Duke,Poujol,9999-01-01,Staff
254464,Kazuhito,Matteis,9999-01-01,Senior Staff
254467,Shounak,Honiden,9999-01-01,Assistant Engineer
254488,Arvind,Benzaken,9999-01-01,Senior Staff
254490,Dayanand,Ranta,9999-01-01,Senior Engineer
254499,Hisao,Buescher,9999-01-01,Engineer
254502,Valeska,Dalphin,9999-01-01,Senior Staff
254516,Aram,Cannata,9999-01-01,Engineer
254529,Doowon,Terwilliger,9999-01-01,Senior Staff
254552,Geoffry,Doering,9999-01-01,Engineer
254563,Boaz,Dulin,9999-01-01,Senior Staff
254565,Shakhar,Businaro,9999-01-01,Engineer
254593,Goa,Morrin,9999-01-01,Staff
254598,Divier,Joslin,9999-01-01,Staff
254614,Marjo,Plesums,9999-01-01,Senior Staff
254625,Stevo,Shrader,9999-01-01,Assistant Engineer
254628,Gor,Chiola,9999-01-01,Staff
254638,Matt,Peres,9999-01-01,Engineer
254647,Irene,Muntz,9999-01-01,Senior Staff
254655,Kazuhiko,Waterhouse,9999-01-01,Senior Staff
254663,Bernd,Shackell,9999-01-01,Senior Engineer
254679,Zeljko,Suermann,9999-01-01,Staff
254694,Jaques,Chinen,9999-01-01,Senior Staff
254698,Piyawadee,Suri,9999-01-01,Senior Engineer
254699,Zsolt,Zumaque,9999-01-01,Engineer
254706,Sedat,Detkin,9999-01-01,Senior Staff
254713,Hinrich,Sevcikova,9999-01-01,Senior Engineer
254759,Sreekrishna,Talmor,9999-01-01,Senior Engineer
254767,Khosrow,Merro,9999-01-01,Engineer
254775,Serenella,Heinisuo,9999-01-01,Senior Staff
254779,Ioana,Wrigley,9999-01-01,Senior Staff
254788,Jouko,Merlo,9999-01-01,Senior Staff
254789,Mechthild,Kropp,9999-01-01,Staff
254798,Takanari,Famili,9999-01-01,Senior Staff
254800,Shaowei,Danley,9999-01-01,Senior Staff
254814,Tsz,Worfolk,9999-01-01,Senior Engineer
254823,Serif,Streit,9999-01-01,Staff
254838,Nevio,Schaft,9999-01-01,Staff
254851,Huiqun,Randi,9999-01-01,Engineer
254861,Alejandro,Yamaashi,9999-01-01,Technique Leader
254863,Bluma,Calkin,9999-01-01,Engineer
254868,Mohammad,Bakhtari,9999-01-01,Senior Engineer
254871,Sverrir,Thiran,9999-01-01,Engineer
254880,Tran,Rassart,9999-01-01,Staff
254882,Arunas,Bondorf,9999-01-01,Staff
254883,Boalin,Brattka,9999-01-01,Senior Staff
254892,Cheong,Milicia,9999-01-01,Senior Engineer
254902,Etsuo,Sifakis,9999-01-01,Technique Leader
254904,Jayesh,Montresor,9999-01-01,Senior Staff
254906,Jessie,Baalen,9999-01-01,Senior Engineer
254907,Zhensheng,Boyle,9999-01-01,Staff
254923,Doowon,Collavizza,9999-01-01,Engineer
254925,Sukumar,Kobara,9999-01-01,Senior Staff
254932,Masato,Cannard,9999-01-01,Senior Staff
254950,Sachar,Moffat,9999-01-01,Senior Engineer
254957,Val,Lores,9999-01-01,Engineer
254959,Sukumar,Kitai,9999-01-01,Engineer
254963,Neven,Bharadwaj,9999-01-01,Engineer
254965,Ramya,England,9999-01-01,Senior Engineer
254985,Maha,Casperson,9999-01-01,Senior Engineer
255004,Selwyn,Coorg,9999-01-01,Senior Engineer
255007,Vesna,Radhakrishnan,9999-01-01,Engineer
255010,Taiji,Denis,9999-01-01,Engineer
255011,Howell,Gips,9999-01-01,Senior Engineer
255012,Eberhardt,Gischer,9999-01-01,Senior Staff
255018,Chiradeep,Matzke,9999-01-01,Engineer
255030,Genevieve,Kadhim,9999-01-01,Senior Staff
255044,Kwee,Conry,9999-01-01,Staff
255053,Urs,Bolsens,9999-01-01,Senior Engineer
255055,Masato,Oxman,9999-01-01,Engineer
255057,Ramya,Angel,9999-01-01,Engineer
255059,Tse,Kawashima,9999-01-01,Engineer
255092,Jenwei,Sinicrope,9999-01-01,Senior Staff
255115,DAIDA,Gulla,9999-01-01,Staff
255132,Yifei,Turnbull,9999-01-01,Senior Staff
255143,Jessie,Bierman,9999-01-01,Staff
255144,Pranjal,Perelgut,9999-01-01,Senior Engineer
255151,Rasiah,Reghbati,9999-01-01,Senior Staff
255154,Susanna,Androutsos,9999-01-01,Engineer
255156,Constantino,Barvinok,9999-01-01,Technique Leader
255157,Saeed,Zlotek,9999-01-01,Assistant Engineer
255168,Ziva,Ananiadou,9999-01-01,Staff
255171,Chriss,Gist,9999-01-01,Senior Staff
255177,Valeri,Baca,9999-01-01,Senior Engineer
255220,Kwangsub,Renear,9999-01-01,Staff
255225,Jiang,Irland,9999-01-01,Senior Staff
255242,Doowon,Pelz,9999-01-01,Engineer
255247,Taisook,Seghrouchni,9999-01-01,Senior Staff
255248,Rosita,Pellegrinelli,9999-01-01,Senior Engineer
255282,Sumant,Aamodt,9999-01-01,Assistant Engineer
255291,Vesna,England,9999-01-01,Assistant Engineer
255308,Francesca,Gronowski,9999-01-01,Staff
255313,Leucio,Suri,9999-01-01,Senior Staff
255318,Uma,Thimonier,9999-01-01,Senior Staff
255332,Bezalel,Maksimenko,9999-01-01,Staff
255338,Fei,Veeraraghavan,9999-01-01,Senior Engineer
255339,Leni,Hitomi,9999-01-01,Engineer
255357,Siddarth,Clouatre,9999-01-01,Staff
255361,Aamer,Spell,9999-01-01,Assistant Engineer
255397,Augustine,Guenter,9999-01-01,Assistant Engineer
255400,Alair,Yetto,9999-01-01,Engineer
255403,Yuqun,Goldhammer,9999-01-01,Staff
255407,Brewster,Strehl,9999-01-01,Engineer
255424,Vishwani,Jenevein,9999-01-01,Senior Engineer
255432,Niranjan,Rajaraman,9999-01-01,Senior Engineer
255456,Aleksandar,Tibblin,9999-01-01,Senior Staff
255464,Visit,Kragelund,9999-01-01,Engineer
255467,Hugh,Geffroy,9999-01-01,Staff
255499,Dannz,Engelmann,9999-01-01,Staff
255517,Niranjan,Schade,9999-01-01,Staff
255534,Kauko,Ananiadou,9999-01-01,Staff
255535,Visit,Panwar,9999-01-01,Senior Engineer
255546,Froduald,Kroll,9999-01-01,Staff
255556,Hironoby,Kavanagh,9999-01-01,Staff
255579,Baoqiu,Birta,9999-01-01,Senior Engineer
255598,Bernardo,Bugaenko,9999-01-01,Assistant Engineer
255610,Abdulah,Paciorek,9999-01-01,Engineer
255611,Hideyuki,Pell,9999-01-01,Senior Engineer
255612,Kotesh,Bisiani,9999-01-01,Senior Staff
255620,Mani,Tiemann,9999-01-01,Staff
255630,Kensei,Takkinen,9999-01-01,Senior Staff
255636,Itzchak,Docker,9999-01-01,Senior Staff
255641,Randy,Bahi,9999-01-01,Technique Leader
255647,Akemi,Smailagic,9999-01-01,Technique Leader
255668,Lokesh,Pashtan,9999-01-01,Staff
255673,Yinlin,Crooks,9999-01-01,Assistant Engineer
255679,Lansing,Garnick,9999-01-01,Senior Staff
255686,Clyde,Peral,9999-01-01,Senior Engineer
255711,Duangkaew,Erie,9999-01-01,Engineer
255715,Weicheng,Molberg,9999-01-01,Senior Staff
255717,Hein,Walstra,9999-01-01,Senior Staff
255741,Jacopo,Terwilliger,9999-01-01,Senior Staff
255768,Yuuichi,Plavsic,9999-01-01,Senior Staff
255773,Ingemar,Emden,9999-01-01,Staff
255774,Taiji,Lagarias,9999-01-01,Senior Engineer
255778,Manton,Rodier,9999-01-01,Engineer
255795,Sashi,Godskesen,9999-01-01,Assistant Engineer
255807,Mingzeng,Kleiser,9999-01-01,Staff
255828,Akemi,Kilgore,9999-01-01,Senior Engineer
255834,Brendon,Biros,9999-01-01,Technique Leader
255836,Pranjal,Nollmann,9999-01-01,Technique Leader
255837,Shigeo,Neimat,9999-01-01,Engineer
255858,Monique,Marzano,9999-01-01,Staff
255877,Shao,Spinelli,9999-01-01,Technique Leader
255893,Jordanka,Showalter,9999-01-01,Senior Engineer
255894,Nimmagadda,Stemann,9999-01-01,Senior Staff
255895,Moto,Hennebert,9999-01-01,Engineer
255902,Elvia,Businaro,9999-01-01,Engineer
255908,Ashish,Farris,9999-01-01,Engineer
255911,Bingning,Gladwell,9999-01-01,Senior Engineer
255913,Ibibia,Hofman,9999-01-01,Senior Engineer
255914,Vivian,Hutton,9999-01-01,Staff
255925,Gaetan,Berztiss,9999-01-01,Engineer
255928,Tiina,Czaja,9999-01-01,Engineer
255933,Cheong,Swen,9999-01-01,Senior Staff
255934,Mantis,Fabrizio,9999-01-01,Senior Staff
255943,Gao,Cummings,9999-01-01,Engineer
255961,Harngdar,Kopetz,9999-01-01,Staff
255962,Selwyn,Malabarba,9999-01-01,Engineer
255965,Kolar,Cooke,9999-01-01,Engineer
255966,Shay,McFarlin,9999-01-01,Staff
255971,Xianlong,Beilner,9999-01-01,Staff
255984,Stein,Kulisch,9999-01-01,Senior Engineer
255989,Srinidhi,Couchot,9999-01-01,Engineer
255991,Sashi,Boreale,9999-01-01,Engineer
256001,Achilleas,Luby,9999-01-01,Staff
256013,Visit,Nitto,9999-01-01,Staff
256028,Barna,Mandell,9999-01-01,Engineer
256041,Yishay,Tomescu,9999-01-01,Senior Engineer
256057,Shem,Khamsi,9999-01-01,Staff
256061,Shiv,Karner,9999-01-01,Staff
256099,Kersti,Alencar,9999-01-01,Senior Engineer
256113,Snehasis,Vecchio,9999-01-01,Engineer
256116,Erzsebet,Walstra,9999-01-01,Senior Engineer
256121,Katsuyuki,Pollacia,9999-01-01,Senior Staff
256137,Beshir,Kamble,9999-01-01,Staff
256149,Tonia,Hiltgen,9999-01-01,Staff
256163,Lakshmi,Mamelak,9999-01-01,Senior Staff
256167,Mahendra,Kenevan,9999-01-01,Engineer
256169,Fox,Prochazka,9999-01-01,Staff
256172,Arvin,Arlazarov,9999-01-01,Senior Engineer
256175,Hidefumi,Tokunaga,9999-01-01,Senior Engineer
256179,Barun,Ginneken,9999-01-01,Engineer
256189,Kellyn,Reghbati,9999-01-01,Senior Staff
256213,Shichao,Pileggi,9999-01-01,Assistant Engineer
256235,Oguz,Halevi,9999-01-01,Staff
256241,Brigham,Uludag,9999-01-01,Senior Staff
256253,Constantino,Bojadziev,9999-01-01,Engineer
256256,Sachem,Siprelle,9999-01-01,Senior Engineer
256277,Khaled,Genther,9999-01-01,Staff
256299,Chikako,Middleton,9999-01-01,Staff
256300,Toshiko,Garnier,9999-01-01,Senior Engineer
256302,Hercules,Zallocco,9999-01-01,Engineer
256320,Visit,Erva,9999-01-01,Senior Engineer
256335,Flemming,Baba,9999-01-01,Senior Engineer
256341,Parke,Candan,9999-01-01,Senior Staff
256342,Barton,Picaronny,9999-01-01,Staff
256361,Jaideep,Peltason,9999-01-01,Senior Engineer
256391,Danai,Range,9999-01-01,Senior Engineer
256394,Takahiro,Tagansky,9999-01-01,Engineer
256403,Tua,Mattern,9999-01-01,Senior Engineer
256407,Boaz,Mawatari,9999-01-01,Senior Staff
256408,Ortrud,Pollacia,9999-01-01,Technique Leader
256416,Oksana,Beutelspacher,9999-01-01,Staff
256429,Takahiro,Kaiserswerth,9999-01-01,Engineer
256431,Lena,Schiettecatte,9999-01-01,Senior Staff
256440,Jenwei,Merey,9999-01-01,Senior Engineer
256443,Lorien,Geffroy,9999-01-01,Senior Staff
256444,Quingbo,Vingron,9999-01-01,Senior Engineer
256459,Claudi,Ranum,9999-01-01,Staff
256461,Khedija,Muniz,9999-01-01,Staff
256466,Constantine,Brodie,9999-01-01,Staff
256468,Bernice,Grospietsch,9999-01-01,Engineer
256480,Demos,Ghemri,9999-01-01,Senior Engineer
256484,Fayez,Randi,9999-01-01,Senior Staff
256494,Kitty,Champarnaud,9999-01-01,Senior Staff
256521,Bangqing,Kampfer,9999-01-01,Senior Staff
256532,Percy,Benner,9999-01-01,Senior Engineer
256535,Yechiam,Danecki,9999-01-01,Staff
256536,Conor,Haumacher,9999-01-01,Staff
256544,Nirmal,Gide,9999-01-01,Senior Engineer
256551,Jaewoo,Peroz,9999-01-01,Engineer
256576,Kolar,Boudaillier,9999-01-01,Senior Staff
256583,Fatemeh,Servi,9999-01-01,Senior Engineer
256611,Godehard,Lally,9999-01-01,Engineer
256617,Mohan,Alameldin,9999-01-01,Senior Engineer
256626,Yurii,Fortenbacher,9999-01-01,Technique Leader
256629,Toong,Jiang,9999-01-01,Senior Engineer
256632,Qunsheng,Vingron,9999-01-01,Engineer
256636,Mayuri,Hoppenstand,9999-01-01,Engineer
256637,Udi,Madeira,9999-01-01,Senior Staff
256648,Muzhong,Binkley,9999-01-01,Senior Staff
256657,Terresa,Baumann,9999-01-01,Staff
256661,Moriyoshi,Talmor,9999-01-01,Senior Engineer
256664,Alejandra,Poupard,9999-01-01,Senior Staff
256678,Quingbo,Gustavson,9999-01-01,Senior Staff
256682,Troy,Imataki,9999-01-01,Engineer
256701,Chikako,Veevers,9999-01-01,Senior Engineer
256702,Uli,Murrill,9999-01-01,Senior Staff
256707,Breannda,Bain,9999-01-01,Senior Staff
256727,Marin,Glowinski,9999-01-01,Staff
256728,Sajjan,Huxford,9999-01-01,Senior Staff
256740,Marsal,Vanwelkenhuysen,9999-01-01,Engineer
256743,King,Bhattacharjee,9999-01-01,Engineer
256751,Boutros,Morris,9999-01-01,Assistant Engineer
256764,Shirish,Merks,9999-01-01,Senior Staff
256769,Shiv,Barbanera,9999-01-01,Senior Staff
256772,Hiroyasu,Malinowski,9999-01-01,Senior Staff
256783,Gonzalo,Bail,9999-01-01,Engineer
256792,Kerryn,Merli,9999-01-01,Staff
256823,Divier,Bolsens,9999-01-01,Senior Engineer
256828,Wilmer,Ramaiah,9999-01-01,Senior Staff
256834,Guozhong,Eickenmeyer,9999-01-01,Technique Leader
256835,Ranga,Hofstetter,9999-01-01,Engineer
256840,Bartek,Navazio,9999-01-01,Senior Engineer
256852,Shir,Tanemo,9999-01-01,Staff
256858,Fuqing,Strooper,9999-01-01,Senior Engineer
256863,Jahangir,Leonhardt,9999-01-01,Senior Engineer
256874,Rimli,Takanami,9999-01-01,Senior Staff
256916,Suebskul,Anido,9999-01-01,Senior Engineer
256919,Suebskul,Crouzet,9999-01-01,Staff
256920,Martial,Salinas,9999-01-01,Senior Staff
256929,Gadiel,Anguita,9999-01-01,Staff
256936,Maha,Redmiles,9999-01-01,Senior Engineer
256956,Golgen,Unno,9999-01-01,Senior Engineer
256961,Aksel,Farrar,9999-01-01,Engineer
256969,Kazuhisa,Keohane,9999-01-01,Engineer
256993,Martijn,Laurillard,9999-01-01,Engineer
257004,Godehard,Lowrie,9999-01-01,Engineer
257009,Jasminko,Zschoche,9999-01-01,Engineer
257017,Margo,Rousseau,9999-01-01,Technique Leader
257051,Remzi,Norsworthy,9999-01-01,Senior Staff
257053,Nimmagadda,Emiris,9999-01-01,Senior Staff
257073,Kagan,Schaar,9999-01-01,Staff
257078,Boaz,Siepmann,9999-01-01,Assistant Engineer
257086,Xiaocheng,Ghalwash,9999-01-01,Senior Engineer
257097,Sudharsan,Zielinski,9999-01-01,Assistant Engineer
257099,Nevin,Swan,9999-01-01,Senior Staff
257103,Rildo,Fabrizio,9999-01-01,Senior Staff
257127,Itzchak,Camarinopoulos,9999-01-01,Engineer
257133,Jenwei,Gill,9999-01-01,Senior Staff
257152,Phillip,Rosenbaum,9999-01-01,Senior Engineer
257154,Kazuhiro,Vrecion,9999-01-01,Staff
257189,Arlette,Tischendorf,9999-01-01,Senior Engineer
257200,Satosi,Cromarty,9999-01-01,Senior Staff
257205,Menkae,Heydon,9999-01-01,Senior Staff
257209,Tamiya,Huhdanpaa,9999-01-01,Engineer
257217,Arco,Horswill,9999-01-01,Senior Staff
257235,Serap,Suomi,9999-01-01,Senior Engineer
257262,Geraldo,Cusworth,9999-01-01,Engineer
257264,Zhigen,Michaels,9999-01-01,Senior Staff
257269,Rimon,Collette,9999-01-01,Senior Staff
257270,Tomokazu,Muhlberg,9999-01-01,Senior Engineer
257274,Yagil,Perfilyeva,9999-01-01,Senior Engineer
257300,Nimmagadda,Taubenfeld,9999-01-01,Staff
257301,Zhenhua,Kampfer,9999-01-01,Senior Staff
257302,Breannda,Steinauer,9999-01-01,Staff
257311,Bernardo,Cooke,9999-01-01,Senior Staff
257322,Kotesh,Veldwijk,9999-01-01,Senior Staff
257340,Gina,Feldmann,9999-01-01,Engineer
257350,Kaijung,Bardell,9999-01-01,Engineer
257357,Lidong,Gomatam,9999-01-01,Senior Engineer
257360,Honglan,Otillio,9999-01-01,Staff
257369,Prasadram,Nannarelli,9999-01-01,Engineer
257376,Hyuncheol,Schwaller,9999-01-01,Senior Staff
257395,Yishay,Navazio,9999-01-01,Staff
257401,Steve,Scallan,9999-01-01,Engineer
257407,Evgueni,Speer,9999-01-01,Senior Staff
257409,Yuuichi,Sanella,9999-01-01,Senior Engineer
257416,Elvis,Jullig,9999-01-01,Engineer
257432,Honglan,Birjandi,9999-01-01,Engineer
257435,Bangqing,Krybus,9999-01-01,Senior Staff
257436,Arlette,Dahlbom,9999-01-01,Staff
257437,Valery,Menyhert,9999-01-01,Engineer
257441,Munehiko,Maccarone,9999-01-01,Engineer
257455,Maris,Dratva,9999-01-01,Senior Staff
257467,Jacqueline,Hofmeyr,9999-01-01,Engineer
257485,JoAnne,Schade,9999-01-01,Senior Staff
257498,Taiji,Bharadwaj,9999-01-01,Senior Staff
257501,Hilary,Bael,9999-01-01,Staff
257505,Eran,Conta,9999-01-01,Senior Staff
257511,Younwoo,Luck,9999-01-01,Senior Staff
257517,Salvador,Speckmann,9999-01-01,Senior Engineer
257526,Lalit,Ferretti,9999-01-01,Engineer
257533,Suebskul,Brookner,9999-01-01,Senior Engineer
257537,Souichi,Segond,9999-01-01,Engineer
257538,Marco,Bellmore,9999-01-01,Engineer
257565,Ymte,Heyers,9999-01-01,Senior Engineer
257578,Ramachenga,Mersereau,9999-01-01,Senior Engineer
257617,Hideyuki,Markovitch,9999-01-01,Engineer
257628,Luisa,Stille,9999-01-01,Staff
257630,Jongsuk,Neiman,9999-01-01,Senior Staff
257640,Reinhard,Klyachko,9999-01-01,Senior Engineer
257652,Naftaly,Kirkerud,9999-01-01,Staff
257659,Danae,Kadhim,9999-01-01,Senior Staff
257665,Keiichiro,Gide,9999-01-01,Staff
257667,Alagu,Dechter,9999-01-01,Senior Staff
257671,Rayond,Buescher,9999-01-01,Staff
257677,Doowon,Bondorf,9999-01-01,Senior Engineer
257685,Siamak,Szilard,9999-01-01,Engineer
257699,Gad,Zykh,9999-01-01,Senior Engineer
257705,Takushi,Jumpertz,9999-01-01,Senior Staff
257733,Adin,Toyoshima,9999-01-01,Engineer
257740,Jaewon,Merkl,9999-01-01,Senior Staff
257793,Mitsuyuki,Kalafatis,9999-01-01,Senior Engineer
257797,Yongmin,Gecsei,9999-01-01,Staff
257798,Alselm,Samarati,9999-01-01,Senior Engineer
257802,Josyula,Vieri,9999-01-01,Engineer
257804,Peer,Conte,9999-01-01,Senior Engineer
257817,Sanjay,Kaminger,9999-01-01,Senior Engineer
257828,Kristin,Iisaka,9999-01-01,Senior Staff
257845,Uriel,Stafford,9999-01-01,Senior Engineer
257860,Shahar,Gill,9999-01-01,Engineer
257863,Zhiwei,Niizuma,9999-01-01,Senior Engineer
257867,Masaki,Collette,9999-01-01,Senior Staff
257876,Kiam,Isard,9999-01-01,Senior Staff
257888,Zhensheng,Tiemann,9999-01-01,Engineer
257907,Jacopo,Serdy,9999-01-01,Staff
257914,Garnet,Liedekerke,9999-01-01,Senior Engineer
257915,Subir,Noriega,9999-01-01,Senior Staff
257920,Marek,Fiebach,9999-01-01,Staff
257934,Ziyad,Baja,9999-01-01,Senior Engineer
257953,Kwangyoen,Alencar,9999-01-01,Senior Staff
257957,Ugo,Pramanik,9999-01-01,Senior Engineer
257971,Hugo,Nivat,9999-01-01,Senior Staff
257977,Marko,Goodrum,9999-01-01,Senior Staff
257982,Saeed,Zaccaria,9999-01-01,Engineer
257988,Phule,Usdin,9999-01-01,Engineer
257992,Kazuhito,Besancenot,9999-01-01,Senior Staff
257993,Ronnie,Azulay,9999-01-01,Senior Engineer
258003,Abdelghani,Rubsam,9999-01-01,Staff
258009,Renee,Flanders,9999-01-01,Senior Engineer
258010,Boaz,Birch,9999-01-01,Engineer
258041,Yuchang,Jeong,9999-01-01,Engineer
258054,Divier,Barinka,9999-01-01,Senior Engineer
258061,Elvis,Kakkar,9999-01-01,Engineer
258071,Herbert,Jording,9999-01-01,Senior Engineer
258078,Hilary,Orlowski,9999-01-01,Engineer
258084,Juichirou,Setia,9999-01-01,Senior Staff
258096,Shirish,Mitchem,9999-01-01,Staff
258100,Pranas,Manderick,9999-01-01,Engineer
258102,Uinam,Ibel,9999-01-01,Engineer
258122,Mabhin,Mamelak,9999-01-01,Senior Engineer
258129,Doohun,Heping,9999-01-01,Engineer
258132,Haldon,Speel,9999-01-01,Staff
258140,Boutros,Georgakopoulos,9999-01-01,Engineer
258153,Billie,Guting,9999-01-01,Engineer
258157,Tetsushi,Frijda,9999-01-01,Engineer
258159,Ute,Wynblatt,9999-01-01,Engineer
258168,Junsik,Pews,9999-01-01,Engineer
258176,Honesty,Hinsberger,9999-01-01,Engineer
258187,Sanjay,Kitai,9999-01-01,Senior Engineer
258193,Shaz,Calkin,9999-01-01,Senior Engineer
258196,Adit,Lorys,9999-01-01,Senior Staff
258197,Saeko,Ranka,9999-01-01,Senior Engineer
258198,Oguz,Heinisuo,9999-01-01,Senior Engineer
258203,Kazuhiro,Skogmar,9999-01-01,Senior Engineer
258205,Gill,Matteis,9999-01-01,Technique Leader
258214,Sandeepan,Picaronny,9999-01-01,Senior Staff
258216,Alper,Candan,9999-01-01,Engineer
258230,Mokhtar,Ranon,9999-01-01,Senior Engineer
258240,Sushant,Clouatre,9999-01-01,Staff
258256,Sahrah,Dayang,9999-01-01,Engineer
258259,Xudong,Kuzuoka,9999-01-01,Senior Engineer
258271,Mads,Peck,9999-01-01,Engineer
258273,JoAnna,Maksimenko,9999-01-01,Senior Staff
258292,Bodo,Leivant,9999-01-01,Senior Staff
258317,Martina,Ciolek,9999-01-01,Staff
258318,Manibrata,Remmele,9999-01-01,Engineer
258328,Peternela,Akiyama,9999-01-01,Staff
258357,Ranan,Danecki,9999-01-01,Staff
258359,Saeed,Bresenham,9999-01-01,Technique Leader
258371,Udi,Ciolek,9999-01-01,Staff
258375,Marlo,Demos,9999-01-01,Staff
258385,Tsz,Vesna,9999-01-01,Senior Staff
258386,Oscar,Ozeki,9999-01-01,Senior Engineer
258397,Diederik,Khasidashvili,9999-01-01,Senior Staff
258398,Sangeeta,Lieblein,9999-01-01,Senior Staff
258399,Kendra,Journel,9999-01-01,Engineer
258411,Mihalis,Tchuente,9999-01-01,Technique Leader
258426,Rosalie,Klerer,9999-01-01,Staff
258436,Sanjai,McClure,9999-01-01,Engineer
258451,Nahla,Menhardt,9999-01-01,Senior Staff
258457,TRUE,Gihr,9999-01-01,Senior Staff
258473,Abdulah,Hellwagner,9999-01-01,Assistant Engineer
258484,Arve,Minakawa,9999-01-01,Senior Staff
258487,Vidya,Vingron,9999-01-01,Senior Staff
258496,Serap,Zultner,9999-01-01,Senior Staff
258500,Kristinn,Crabtree,9999-01-01,Technique Leader
258501,Nadjib,Bach,9999-01-01,Senior Staff
258507,Nechama,Miculan,9999-01-01,Senior Staff
258514,Lech,Thimonier,9999-01-01,Senior Engineer
258521,Felicidad,Pintelas,9999-01-01,Senior Staff
258548,Jouni,Bierman,9999-01-01,Engineer
258554,Yonghong,Kossowski,9999-01-01,Technique Leader
258555,Uwe,Nyrup,9999-01-01,Senior Engineer
258557,Kazuhisa,Pollacia,9999-01-01,Senior Engineer
258562,Sverrir,Schwabacher,9999-01-01,Staff
258568,Susumu,Masada,9999-01-01,Engineer
258581,Fumitaka,Ariola,9999-01-01,Senior Engineer
258587,Francoise,Emden,9999-01-01,Engineer
258595,Sadun,Baumann,9999-01-01,Senior Staff
258599,Xiaocheng,Veccia,9999-01-01,Senior Staff
258604,Tsutomu,Rosaz,9999-01-01,Senior Staff
258609,Adit,Birge,9999-01-01,Engineer
258621,Arne,Aloia,9999-01-01,Senior Engineer
258624,Dines,Swab,9999-01-01,Staff
258627,Maris,Cools,9999-01-01,Senior Staff
258629,Filipe,Yeung,9999-01-01,Technique Leader
258632,Fei,Slaats,9999-01-01,Senior Staff
258651,Oscar,Compeau,9999-01-01,Technique Leader
258657,Denis,Choobineh,9999-01-01,Senior Engineer
258660,King,Zastre,9999-01-01,Engineer
258669,Zissis,Ghazalie,9999-01-01,Assistant Engineer
258671,Weijing,Delgrossi,9999-01-01,Senior Staff
258678,Uinam,Iisaka,9999-01-01,Senior Engineer
258680,Nakhoon,Kleiser,9999-01-01,Technique Leader
258681,Weijing,Brobst,9999-01-01,Technique Leader
258716,Shawna,Rabehasaina,9999-01-01,Staff
258739,Girolamo,Toyoshima,9999-01-01,Senior Engineer
258747,Shahaf,Candan,9999-01-01,Senior Staff
258752,Adil,Jervis,9999-01-01,Senior Staff
258763,Xiadong,Peak,9999-01-01,Engineer
258786,Huiqun,Birsak,9999-01-01,Engineer
258796,Badri,Hofstetter,9999-01-01,Senior Staff
258800,Margareta,Shanbhogue,9999-01-01,Senior Engineer
258805,Masaru,Gulak,9999-01-01,Senior Engineer
258810,Ziva,Sabnani,9999-01-01,Senior Staff
258822,Mizuhito,Pavlopoulou,9999-01-01,Technique Leader
258827,Zhiguo,Pusterhofer,9999-01-01,Senior Staff
258831,Adil,Perin,9999-01-01,Senior Staff
258838,Zhensheng,Stanger,9999-01-01,Senior Staff
258848,Tooru,Suermann,9999-01-01,Engineer
258850,Werner,Heuter,9999-01-01,Staff
258861,Sigeru,Aamodt,9999-01-01,Assistant Engineer
258863,Elvia,Baig,9999-01-01,Senior Staff
258865,Marlo,Dichev,9999-01-01,Senior Engineer
258867,Boguslaw,Berendt,9999-01-01,Senior Engineer
258869,Valeska,Billawala,9999-01-01,Engineer
258878,Candido,Varker,9999-01-01,Technique Leader
258901,King,Keirsey,9999-01-01,Senior Engineer
258907,Parke,Kumaresan,9999-01-01,Senior Engineer
258924,Heekeun,Stiles,9999-01-01,Senior Engineer
258927,Fumiya,Kragelund,9999-01-01,Staff
258933,Danae,Karlin,9999-01-01,Engineer
258935,Moriyoshi,Harllee,9999-01-01,Engineer
258938,Tse,Bugaenko,9999-01-01,Engineer
258944,Froduald,Hatcliff,9999-01-01,Assistant Engineer
258955,Serenella,Pollock,9999-01-01,Staff
258963,Clyde,Riexinger,9999-01-01,Senior Staff
258968,Gil,Pokrovskii,9999-01-01,Senior Staff
258969,Jungsoon,Brandsma,9999-01-01,Senior Engineer
258973,Dulce,Zultner,9999-01-01,Engineer
258974,Jinpo,Pusterhofer,9999-01-01,Senior Engineer
258981,Guther,Swist,9999-01-01,Engineer
258992,Izaskun,Marakhovsky,9999-01-01,Senior Staff
258996,Halsur,Boudaillier,9999-01-01,Senior Staff
259002,Karlis,Cummings,9999-01-01,Staff
259006,Sreekrishna,Neimat,9999-01-01,Senior Engineer
259019,Paris,Bahl,9999-01-01,Engineer
259021,Maris,Redmiles,9999-01-01,Senior Staff
259041,Christoper,Feldhoffer,9999-01-01,Engineer
259047,Subhada,Wilharm,9999-01-01,Engineer
259052,Mads,Comellas,9999-01-01,Staff
259060,Chaoyi,Kornatzky,9999-01-01,Staff
259062,Tetsurou,Scharstein,9999-01-01,Senior Engineer
259069,Shirish,Rodite,9999-01-01,Engineer
259075,Freyja,Herbst,9999-01-01,Engineer
259085,Douadi,Puppe,9999-01-01,Staff
259096,Yonghoan,Pavlopoulou,9999-01-01,Engineer
259102,Jiong,Nitta,9999-01-01,Engineer
259103,Shir,Valiente,9999-01-01,Senior Staff
259104,Masali,Ponthieu,9999-01-01,Senior Staff
259111,Christfried,Hennebert,9999-01-01,Engineer
259116,Eckart,Lunt,9999-01-01,Senior Staff
259120,Khalid,Matzke,9999-01-01,Staff
259126,Dines,Encarnacion,9999-01-01,Staff
259134,Elgin,Raney,9999-01-01,Senior Staff
259140,Anyuan,Samarati,9999-01-01,Staff
259150,Kiyomitsu,Majewski,9999-01-01,Senior Staff
259160,Marsha,Badr,9999-01-01,Staff
259166,Masadi,Krone,9999-01-01,Engineer
259179,Petter,Ramaiah,9999-01-01,Engineer
259182,Kellyn,Ozeki,9999-01-01,Senior Engineer
259194,Sandeepan,Merli,9999-01-01,Senior Staff
259202,Bodh,Moehrke,9999-01-01,Senior Engineer
259223,Apostol,Vakili,9999-01-01,Senior Engineer
259225,Toshimo,Stifter,9999-01-01,Technique Leader
259241,Becky,Setiz,9999-01-01,Senior Staff
259248,Chuanyi,Hertweck,9999-01-01,Senior Engineer
259259,Douadi,Gist,9999-01-01,Staff
259260,Morris,Pfau,9999-01-01,Senior Staff
259277,Sarita,Jansch,9999-01-01,Engineer
259285,Odoardo,Khasidashvili,9999-01-01,Engineer
259311,Menkae,Hofstetter,9999-01-01,Staff
259313,Masadi,Aingworth,9999-01-01,Staff
259326,Sachar,Perly,9999-01-01,Senior Staff
259342,Serenella,Seghrouchni,9999-01-01,Engineer
259350,Poorav,Janetzko,9999-01-01,Senior Staff
259382,Gurbir,Ushiama,9999-01-01,Engineer
259387,Vivian,Selenyi,9999-01-01,Senior Engineer
259391,Gadiel,Fiebach,9999-01-01,Senior Engineer
259392,Mary,Jansen,9999-01-01,Senior Engineer
259402,Uriel,Seuren,9999-01-01,Staff
259405,Yurij,Brookner,9999-01-01,Engineer
259410,Yechezkel,Waleschkowski,9999-01-01,Engineer
259411,Faiza,Perry,9999-01-01,Senior Staff
259414,Lena,Daescu,9999-01-01,Staff
259424,Barun,Dayana,9999-01-01,Senior Staff
259427,Khedija,Lores,9999-01-01,Senior Engineer
259428,Dinkar,Passino,9999-01-01,Engineer
259430,Yechiam,Kobara,9999-01-01,Engineer
259431,Mitchel,Gluchowski,9999-01-01,Engineer
259437,Yucel,Babb,9999-01-01,Senior Engineer
259440,Subir,Shumilov,9999-01-01,Senior Engineer
259443,Yongmin,Ramsay,9999-01-01,Staff
259452,Juichirou,Gadepally,9999-01-01,Senior Staff
259457,Alper,Garnier,9999-01-01,Senior Engineer
259466,Genki,Aseltine,9999-01-01,Staff
259467,Marit,Majewski,9999-01-01,Staff
259469,Kristinn,Isard,9999-01-01,Senior Engineer
259470,Karlis,Lakshmanan,9999-01-01,Engineer
259479,Vasilii,Zobel,9999-01-01,Senior Engineer
259501,Udi,Zultner,9999-01-01,Senior Engineer
259505,Mrinalini,Ozeri,9999-01-01,Engineer
259512,Jinxi,Arlazarov,9999-01-01,Engineer
259517,Tremaine,Miyakawa,9999-01-01,Engineer
259519,Jongsuk,Sambasivam,9999-01-01,Senior Engineer
259536,Siamak,Verhoeff,9999-01-01,Engineer
259541,Jaber,Alblas,9999-01-01,Staff
259542,Heekeun,Quaggetto,9999-01-01,Senior Staff
259551,Arup,Coorg,9999-01-01,Engineer
259553,Danai,Krychniak,9999-01-01,Staff
259565,Shirish,Osgood,9999-01-01,Engineer
259583,Kiyomitsu,Swan,9999-01-01,Staff
259609,Kristian,Prochazka,9999-01-01,Senior Staff
259613,Ulf,Vesel,9999-01-01,Senior Engineer
259629,Sergi,Yemenis,9999-01-01,Staff
259654,Pranay,Dehkordi,9999-01-01,Senior Engineer
259660,Kristinn,Melter,9999-01-01,Senior Staff
259663,Masaki,Casley,9999-01-01,Senior Engineer
259679,Jiong,Ishibashi,9999-01-01,Engineer
259682,Zine,Shobatake,9999-01-01,Staff
259700,Ronghao,Hebert,9999-01-01,Staff
259707,Rosella,Perin,9999-01-01,Engineer
259716,Remzi,Kolinko,9999-01-01,Senior Staff
259722,Candida,Vendrig,9999-01-01,Senior Engineer
259726,Houman,Cyne,9999-01-01,Senior Engineer
259731,Masaki,Flasterstein,9999-01-01,Senior Staff
259734,Reinhold,Gils,9999-01-01,Staff
259771,Youssef,Chaudhuri,9999-01-01,Technique Leader
259777,Siamak,Godskesen,9999-01-01,Technique Leader
259783,Genevieve,Luby,9999-01-01,Staff
259787,Yonghong,Giveon,9999-01-01,Assistant Engineer
259793,Yefim,Birke,9999-01-01,Staff
259803,Kensyu,Zielinski,9999-01-01,Senior Staff
259825,Utpal,Soicher,9999-01-01,Senior Staff
259841,Pascal,Beausoleil,9999-01-01,Engineer
259846,Muneo,Parfitt,9999-01-01,Staff
259849,Odoardo,Prampolini,9999-01-01,Staff
259856,Yuriy,Camurati,9999-01-01,Senior Engineer
259859,Miomir,Hooghiemstra,9999-01-01,Senior Staff
259860,Falguni,Polajnar,9999-01-01,Senior Staff
259863,Jovan,Siegrist,9999-01-01,Senior Staff
259880,Shuji,Bolsens,9999-01-01,Senior Engineer
259898,Lakshmi,Angel,9999-01-01,Engineer
259900,Taiji,Sanella,9999-01-01,Senior Staff
259916,Tzu,Demri,9999-01-01,Senior Engineer
259917,Isaac,Marletta,9999-01-01,Senior Engineer
259922,Terresa,Kitsuregawa,9999-01-01,Senior Engineer
259942,Arra,Linnainmaa,9999-01-01,Senior Engineer
259947,Kasidit,Yoshimura,9999-01-01,Senior Engineer
259949,Marc,Veeraraghavan,9999-01-01,Engineer
259951,Shir,Beerel,9999-01-01,Engineer
259958,Vatsa,DeMori,9999-01-01,Engineer
259960,Danae,Thambidurai,9999-01-01,Senior Engineer
259989,Magdalena,Nitsche,9999-01-01,Engineer
260000,Sudhanshu,Kalefeld,9999-01-01,Senior Engineer
260007,Ute,McAffer,9999-01-01,Engineer
260011,Rosalie,Falck,9999-01-01,Senior Staff
260017,Berto,Swist,9999-01-01,Engineer
260029,Charmane,Keirsey,9999-01-01,Senior Staff
260035,Radhakrishnan,Morrey,9999-01-01,Senior Staff
260037,Naraig,Prochazka,9999-01-01,Engineer
260044,Josyula,Oaver,9999-01-01,Engineer
260046,Wonhee,Orlowski,9999-01-01,Senior Engineer
260077,Vishwani,Wallrath,9999-01-01,Staff
260080,Gregory,Marzano,9999-01-01,Senior Staff
260082,Gina,Swan,9999-01-01,Senior Staff
260092,Aruna,Detkin,9999-01-01,Engineer
260101,Dhritiman,Ghazalie,9999-01-01,Senior Staff
260117,Margo,Raczkowsky,9999-01-01,Engineer
260126,Spyrose,Worfolk,9999-01-01,Engineer
260128,Willard,Yoshimura,9999-01-01,Staff
260144,Fun,Baja,9999-01-01,Senior Staff
260145,Lihong,Rajcani,9999-01-01,Staff
260148,Yaghout,Eterovic,9999-01-01,Staff
260169,Lokesh,Codenie,9999-01-01,Technique Leader
260181,Evgueni,Shanbhogue,9999-01-01,Senior Engineer
260189,Stabislas,Salvesen,9999-01-01,Engineer
260193,Maya,Rassart,9999-01-01,Senior Engineer
260206,Pranjal,Waterhouse,9999-01-01,Engineer
260222,Berry,Preusig,9999-01-01,Senior Staff
260246,Alagu,Birta,9999-01-01,Staff
260273,Lillian,McAlpine,9999-01-01,Technique Leader
260302,Munir,Velasco,9999-01-01,Engineer
260305,Jiong,Gill,9999-01-01,Engineer
260322,Arlette,Lamparter,9999-01-01,Senior Engineer
260325,Zorica,Lamma,9999-01-01,Senior Staff
260331,Niteen,Matteis,9999-01-01,Senior Staff
260342,Leaf,Peroz,9999-01-01,Staff
260344,Sugwoo,Marchesini,9999-01-01,Engineer
260348,Stafford,Pettit,9999-01-01,Engineer
260352,Ayonca,Kilgore,9999-01-01,Senior Engineer
260359,Kensyu,Furudate,9999-01-01,Senior Engineer
260378,Taisook,Basagni,9999-01-01,Senior Engineer
260380,Utpal,Tagansky,9999-01-01,Engineer
260393,Jongsuk,Matheson,9999-01-01,Engineer
260414,Stamatina,Jullig,9999-01-01,Technique Leader
260415,Lobel,Broder,9999-01-01,Engineer
260417,Wuxu,Trachtenberg,9999-01-01,Engineer
260418,Alejandro,Pezzoli,9999-01-01,Senior Engineer
260420,Yurii,Senzako,9999-01-01,Staff
260423,Debaprosad,Papadias,9999-01-01,Senior Engineer
260427,Munehiro,Jervis,9999-01-01,Senior Engineer
260441,Ennio,Gruenwald,9999-01-01,Engineer
260456,Shounak,Luck,9999-01-01,Senior Staff
260502,Danco,Jeong,9999-01-01,Senior Staff
260507,Foong,Lueh,9999-01-01,Staff
260516,Hidekazu,Byoun,9999-01-01,Engineer
260521,Dekang,Marrevee,9999-01-01,Senior Staff
260522,Kasturi,Baez,9999-01-01,Engineer
260527,Katsuyuki,Lindqvist,9999-01-01,Technique Leader
260529,Nechama,Hofstetter,9999-01-01,Senior Engineer
260541,Ute,Scharstein,9999-01-01,Staff
260546,Behnaam,Haldar,9999-01-01,Technique Leader
260550,Ebru,Birjandi,9999-01-01,Engineer
260551,Alper,Murtha,9999-01-01,Engineer
260573,Abdulla,Lamparter,9999-01-01,Senior Staff
260575,Kokou,Ushiama,9999-01-01,Engineer
260588,Shuichi,Speel,9999-01-01,Senior Engineer
260603,Spyrose,Falster,9999-01-01,Senior Staff
260612,Roded,Conte,9999-01-01,Staff
260626,Piyawadee,Eppinger,9999-01-01,Staff
260634,Beshir,Angelov,9999-01-01,Senior Staff
260638,Richara,Cronan,9999-01-01,Technique Leader
260642,Xianlong,Kemmerer,9999-01-01,Staff
260644,Moty,Bennet,9999-01-01,Senior Staff
260667,Akemi,Weedon,9999-01-01,Engineer
260669,Nitsan,Sinicrope,9999-01-01,Senior Engineer
260670,Divine,Acton,9999-01-01,Engineer
260690,Kristin,Tibblin,9999-01-01,Engineer
260693,Oksana,Mungall,9999-01-01,Senior Engineer
260697,Nagui,Renear,9999-01-01,Engineer
260700,Eishiro,Taubenfeld,9999-01-01,Senior Staff
260727,Nalini,Billawala,9999-01-01,Staff
260742,Domenico,Schmiedel,9999-01-01,Senior Staff
260756,Jahangir,Swick,9999-01-01,Senior Engineer
260764,Honesty,Kalefeld,9999-01-01,Assistant Engineer
260779,Stepehn,Rando,9999-01-01,Staff
260781,Bangqing,Walstra,9999-01-01,Senior Engineer
260783,Danny,Emmerich,9999-01-01,Technique Leader
260790,Niteen,Perfilyeva,9999-01-01,Engineer
260797,Dines,Kragelund,9999-01-01,Engineer
260834,Khoa,Tomescu,9999-01-01,Technique Leader
260850,Goa,Serra,9999-01-01,Senior Engineer
260864,Aram,Asser,9999-01-01,Senior Staff
260865,Giao,Zallocco,9999-01-01,Senior Engineer
260889,Mona,Streng,9999-01-01,Senior Engineer
260895,Prasadram,Templeman,9999-01-01,Senior Staff
260902,Mandell,Raczkowsky,9999-01-01,Senior Engineer
260911,Tru,Vecchio,9999-01-01,Engineer
260920,Irena,Highland,9999-01-01,Senior Staff
260922,Irena,Bugrara,9999-01-01,Engineer
260949,Sudharsan,Oberman,9999-01-01,Staff
260969,Aamod,Leuchs,9999-01-01,Senior Staff
260981,Reuven,Ermel,9999-01-01,Senior Staff
260986,Dung,Cardazo,9999-01-01,Senior Engineer
260992,Dietrich,Etalle,9999-01-01,Senior Engineer
260994,Kazuhide,Schonegge,9999-01-01,Senior Engineer
260998,Vishwani,Zyda,9999-01-01,Staff
261007,Yakkov,Jayawardene,9999-01-01,Staff
261010,Fei,Nourani,9999-01-01,Engineer
261017,Genta,Varker,9999-01-01,Staff
261053,Uwe,Honglei,9999-01-01,Senior Staff
261070,King,Zuberek,9999-01-01,Senior Engineer
261073,Carrsten,Wilfing,9999-01-01,Senior Engineer
261075,Chandrasekaran,Esposito,9999-01-01,Senior Staff
261087,Teiji,Hegner,9999-01-01,Staff
261102,Chaoyi,Speckmann,9999-01-01,Staff
261109,Bogdan,Quadeer,9999-01-01,Engineer
261127,Tremaine,Pena,9999-01-01,Staff
261130,Brigham,Stassinopoulos,9999-01-01,Senior Engineer
261135,Chriss,Noriega,9999-01-01,Engineer
261136,Vishv,Joslin,9999-01-01,Senior Staff
261143,Reinhard,Mansanne,9999-01-01,Engineer
261147,Tommaso,Murillo,9999-01-01,Engineer
261149,Wayne,Riesenhuber,9999-01-01,Senior Staff
261153,Fusako,Anily,9999-01-01,Senior Engineer
261159,Kokou,Janocha,9999-01-01,Staff
261172,Katsuyuki,Luit,9999-01-01,Senior Staff
261189,Ottavia,Michaeli,9999-01-01,Senior Staff
261190,Ranga,Pusterhofer,9999-01-01,Engineer
261192,Susanta,Schneeberger,9999-01-01,Staff
261194,Nimmagadda,Nitta,9999-01-01,Engineer
261196,Maya,Kitsuregawa,9999-01-01,Senior Engineer
261213,Abdulah,Covnot,9999-01-01,Senior Staff
261225,Parto,Honiden,9999-01-01,Engineer
261226,Zhaofang,Baby,9999-01-01,Senior Staff
261245,Shahab,Schusler,9999-01-01,Senior Engineer
261247,Sanjiv,Munos,9999-01-01,Assistant Engineer
261249,Gift,Negoita,9999-01-01,Engineer
261255,Sven,Michaels,9999-01-01,Technique Leader
261262,Bikash,Schahn,9999-01-01,Senior Staff
261271,Dipayan,Murillo,9999-01-01,Engineer
261272,Fun,Gopalakrishnan,9999-01-01,Senior Engineer
261274,Mads,Serra,9999-01-01,Engineer
261279,Ghassan,Sgarro,9999-01-01,Senior Staff
261298,Ottavia,Ventosa,9999-01-01,Senior Engineer
261317,Chenxi,Prenel,9999-01-01,Senior Engineer
261321,Aram,Eldridge,9999-01-01,Staff
261330,Takahira,DiGiano,9999-01-01,Engineer
261337,Deniz,Leslie,9999-01-01,Staff
261346,Elvis,Brendel,9999-01-01,Engineer
261351,Ottavia,Erde,9999-01-01,Engineer
261362,Zdislav,Emiris,9999-01-01,Senior Staff
261365,Feiyu,Asmuth,9999-01-01,Senior Staff
261372,Xianlong,Uhrig,9999-01-01,Senior Engineer
261374,Arumugam,Antonisse,9999-01-01,Senior Engineer
261383,Elliott,Manders,9999-01-01,Senior Staff
261385,Roddy,Angel,9999-01-01,Engineer
261403,Berna,Uhrig,9999-01-01,Staff
261409,Chiradeep,Cairo,9999-01-01,Senior Staff
261416,Sreenivas,Vilarrasa,9999-01-01,Staff
261421,Bingning,Tramer,9999-01-01,Senior Staff
261427,Ioana,Sinicrope,9999-01-01,Engineer
261437,Niclas,Cairo,9999-01-01,Engineer
261446,Erzsebet,Ligten,9999-01-01,Senior Staff
261451,Randi,Gide,9999-01-01,Staff
261458,Eberhardt,Swiss,9999-01-01,Technique Leader
261468,Radoslaw,Covnot,9999-01-01,Engineer
261486,Bezalel,Schreiter,9999-01-01,Staff
261507,George,Driscoll,9999-01-01,Senior Staff
261510,Takahito,Ohori,9999-01-01,Senior Engineer
261516,Kitty,Ravishankar,9999-01-01,Staff
261517,Caolyn,Orsini,9999-01-01,Senior Staff
261526,Fumiyo,Munro,9999-01-01,Senior Staff
261527,Arunachalam,Butner,9999-01-01,Engineer
261548,Gita,Karunanithi,9999-01-01,Staff
261569,Thodoros,Albarhamtoshy,9999-01-01,Staff
261575,Maha,Comte,9999-01-01,Senior Staff
261580,Kellie,Chappelet,9999-01-01,Engineer
261595,Kankanahalli,Dymetman,9999-01-01,Technique Leader
261597,Shaunak,Prochazka,9999-01-01,Senior Staff
261598,Mostafa,Anily,9999-01-01,Senior Staff
261599,Jouko,Genin,9999-01-01,Senior Engineer
261607,Billur,Gunderson,9999-01-01,Engineer
261615,Faiza,Nittel,9999-01-01,Senior Staff
261624,Freyja,Takanami,9999-01-01,Staff
261627,Mokhtar,Kemmerer,9999-01-01,Senior Staff
261628,Arvin,Rajaraman,9999-01-01,Engineer
261633,Zhiguo,Hertweck,9999-01-01,Senior Engineer
261635,Amalendu,Ruther,9999-01-01,Senior Engineer
261644,Stafford,Codenie,9999-01-01,Senior Engineer
261648,Zhenbing,Maksimenko,9999-01-01,Senior Engineer
261651,Angus,Anguita,9999-01-01,Engineer
261673,Fatemeh,Birta,9999-01-01,Engineer
261686,Kenton,Perin,9999-01-01,Senior Engineer
261695,Giri,Acton,9999-01-01,Engineer
261700,Mamdouh,Gronowski,9999-01-01,Assistant Engineer
261702,Goa,Kaltofen,9999-01-01,Senior Engineer
261729,Oldrich,Mawatari,9999-01-01,Senior Engineer
261732,Bogdan,Pfau,9999-01-01,Staff
261738,Radhia,Velardi,9999-01-01,Engineer
261750,Anyuan,Codenie,9999-01-01,Senior Engineer
261754,Tzvetan,Bala,9999-01-01,Senior Engineer
261764,Kenton,Viele,9999-01-01,Senior Engineer
261772,Weiyi,Esteva,9999-01-01,Staff
261779,Yahiko,Dichev,9999-01-01,Senior Engineer
261786,Pantung,Fontet,9999-01-01,Staff
261801,Van,Kinley,9999-01-01,Staff
261803,Hugh,Kowalchuk,9999-01-01,Senior Engineer
261805,Akeel,Veeraraghavan,9999-01-01,Senior Engineer
261811,Kensei,Middleton,9999-01-01,Senior Staff
261815,Makato,Zaumen,9999-01-01,Engineer
261817,Guadalupe,Kowalchuk,9999-01-01,Engineer
261826,Martins,Ulupinar,9999-01-01,Engineer
261846,Phuoc,Farris,9999-01-01,Engineer
261849,Alselm,Makinen,9999-01-01,Senior Engineer
261852,Vesna,Orsini,9999-01-01,Staff
261853,Cedric,Gerlach,9999-01-01,Senior Staff
261856,Domenico,Gente,9999-01-01,Staff
261862,Demin,Penn,9999-01-01,Senior Engineer
261866,Michaela,Juneja,9999-01-01,Senior Engineer
261874,Elrique,Mandelberg,9999-01-01,Senior Staff
261883,Froduald,Versino,9999-01-01,Senior Engineer
261894,Nechama,Versino,9999-01-01,Senior Staff
261897,Moss,Molberg,9999-01-01,Senior Engineer
261900,Zongyan,Randt,9999-01-01,Senior Engineer
261901,Richara,Covnot,9999-01-01,Senior Engineer
261904,Gurbir,Raczkowsky,9999-01-01,Engineer
261912,Pranjal,Ghalwash,9999-01-01,Senior Staff
261957,Thodoros,Gecseg,9999-01-01,Engineer
261960,Xinyu,Mahnke,9999-01-01,Engineer
261962,Boutros,Ramaiah,9999-01-01,Senior Engineer
261978,Mahendra,Willoner,9999-01-01,Senior Engineer
261987,Sanjoy,Kushner,9999-01-01,Staff
262003,Xuejia,Werthner,9999-01-01,Senior Staff
262027,Georg,Schauser,9999-01-01,Senior Engineer
262035,Clyde,Streng,9999-01-01,Senior Engineer
262041,Eckart,Valette,9999-01-01,Engineer
262043,Jasminko,Schrooten,9999-01-01,Senior Engineer
262047,Aksel,Thibadeau,9999-01-01,Engineer
262051,Martien,Cummings,9999-01-01,Senior Engineer
262053,Hailing,Colorni,9999-01-01,Senior Engineer
262057,Dinah,Bojadziev,9999-01-01,Staff
262080,Rosine,Validov,9999-01-01,Engineer
262105,Heeju,Perly,9999-01-01,Senior Staff
262116,Shunichi,Swift,9999-01-01,Senior Engineer
262132,Genevieve,Lichtman,9999-01-01,Senior Engineer
262141,Bartek,Kilgour,9999-01-01,Senior Engineer
262168,Youjian,Pews,9999-01-01,Staff
262178,Stein,Dalphin,9999-01-01,Engineer
262184,Trygve,Farrel,9999-01-01,Engineer
262190,Marin,Hofman,9999-01-01,Senior Staff
262212,Evgueni,Clouatre,9999-01-01,Engineer
262216,Ennio,Auria,9999-01-01,Senior Staff
262243,Qunsheng,Buchter,9999-01-01,Senior Staff
262260,Ishfaq,Lund,9999-01-01,Senior Engineer
262271,Martina,Maliniak,9999-01-01,Engineer
262273,Yakkov,Guting,9999-01-01,Staff
262292,Hyuckchul,Cardazo,9999-01-01,Staff
262296,Harngdar,Rindone,9999-01-01,Engineer
262304,Izaskun,Schwartzburd,9999-01-01,Senior Engineer
262319,Mooi,Barreiro,9999-01-01,Technique Leader
262323,Sugwoo,Rodiger,9999-01-01,Engineer
262325,Zejun,Luit,9999-01-01,Senior Engineer
262333,Fayez,Haumacher,9999-01-01,Senior Engineer
262340,Zengping,Deverell,9999-01-01,Senior Staff
262348,Aksel,Frezza,9999-01-01,Senior Staff
262362,Arnd,Birge,9999-01-01,Senior Engineer
262368,Shir,Masamoto,9999-01-01,Senior Staff
262371,Ute,Weedman,9999-01-01,Engineer
262373,Sahrah,Koblitz,9999-01-01,Senior Engineer
262384,Angus,Msuda,9999-01-01,Senior Engineer
262392,Teiji,Majewski,9999-01-01,Engineer
262397,Marin,Kobara,9999-01-01,Senior Engineer
262428,Changho,Gerlach,9999-01-01,Senior Staff
262451,Baoqiu,Pokrovskii,9999-01-01,Assistant Engineer
262457,Stein,Collavizza,9999-01-01,Engineer
262478,Otilia,Pargas,9999-01-01,Senior Staff
262485,Tsvetan,Danecki,9999-01-01,Assistant Engineer
262486,Pranas,Farrow,9999-01-01,Engineer
262498,Navin,Sluis,9999-01-01,Staff
262505,Shahab,Peris,9999-01-01,Engineer
262506,Masamitsu,Fordan,9999-01-01,Senior Staff
262511,Fatemeh,Jansen,9999-01-01,Engineer
262516,Kayoko,Nilsson,9999-01-01,Senior Engineer
262526,Shaunak,Mateescu,9999-01-01,Senior Staff
262550,Masako,Baranowski,9999-01-01,Staff
262557,Rosalie,Barriga,9999-01-01,Senior Staff
262566,Rafols,Ladret,9999-01-01,Assistant Engineer
262572,Xiaobin,Srimani,9999-01-01,Senior Staff
262591,Vivian,Ramalingam,9999-01-01,Senior Staff
262608,Aria,Pfau,9999-01-01,Senior Engineer
262611,Georgy,Nitsche,9999-01-01,Engineer
262625,Gopalakrishnan,Streit,9999-01-01,Staff
262635,Marit,Syrzycki,9999-01-01,Senior Staff
262645,Martins,Ranum,9999-01-01,Staff
262663,Fumino,Riexinger,9999-01-01,Senior Staff
262673,Kazuhira,Wixon,9999-01-01,Engineer
262677,Eishiro,Zumaque,9999-01-01,Senior Staff
262679,Sahrah,Gyimothy,9999-01-01,Engineer
262696,Mart,Setlzner,9999-01-01,Technique Leader
262700,Ishfaq,Sooriamurthi,9999-01-01,Engineer
262709,Parto,Cmelik,9999-01-01,Staff
262715,Boaz,Montresor,9999-01-01,Engineer
262725,Miyeon,Schiettecatte,9999-01-01,Engineer
262736,Maris,Waschkowski,9999-01-01,Assistant Engineer
262755,Arunachalam,Collette,9999-01-01,Engineer
262766,Hauke,Meszaros,9999-01-01,Senior Staff
262790,Supot,Compeau,9999-01-01,Staff
262801,Aamer,Krider,9999-01-01,Senior Engineer
262814,Vasiliy,Coullard,9999-01-01,Senior Engineer
262844,Jovan,Capobianchi,9999-01-01,Staff
262856,Yinghua,Jarecki,9999-01-01,Engineer
262866,Poorav,Morrow,9999-01-01,Engineer
262868,Arnould,Seiwald,9999-01-01,Staff
262879,Mostafa,Zedlitz,9999-01-01,Engineer
262882,Hatsukazu,Erdi,9999-01-01,Senior Engineer
262894,Mara,Gajiwala,9999-01-01,Senior Staff
262900,IEEE,Egerstedt,9999-01-01,Engineer
262902,Wayne,Guting,9999-01-01,Staff
262903,Geoff,Pettit,9999-01-01,Senior Engineer
262934,Breannda,Gini,9999-01-01,Engineer
262953,Maha,Feldmann,9999-01-01,Engineer
262975,Suvo,Lanphier,9999-01-01,Senior Engineer
262993,Guttorm,Danley,9999-01-01,Staff
263000,Mayuko,Bale,9999-01-01,Senior Staff
263001,Gennady,Versino,9999-01-01,Senior Engineer
263002,Ramzi,Bernatsky,9999-01-01,Senior Staff
263025,Idoia,Ginneken,9999-01-01,Staff
263028,Kazuhiko,Homond,9999-01-01,Senior Engineer
263039,Susuma,Egerstedt,9999-01-01,Engineer
263056,Kasidit,Vanwelkenhuysen,9999-01-01,Staff
263057,Shigenori,Yeung,9999-01-01,Staff
263061,Xiaobin,Jenevein,9999-01-01,Staff
263062,Berto,Piancastelli,9999-01-01,Senior Engineer
263070,Subhrajyoti,Raney,9999-01-01,Engineer
263074,Masadi,Schapire,9999-01-01,Senior Engineer
263082,Bluma,Roisin,9999-01-01,Senior Staff
263084,Subhrajyoti,Ranai,9999-01-01,Engineer
263088,Xianlong,Undy,9999-01-01,Staff
263111,Arup,Avouris,9999-01-01,Engineer
263112,Zhiwei,Angelopoulos,9999-01-01,Engineer
263116,Baziley,Jullig,9999-01-01,Technique Leader
263122,Hyuckchul,Ranai,9999-01-01,Engineer
263124,Chinya,Bellmore,9999-01-01,Staff
263126,Berry,Hinsberger,9999-01-01,Staff
263130,Haldun,Grandbois,9999-01-01,Senior Engineer
263140,Abdulla,Iisaku,9999-01-01,Staff
263141,Niclas,Stavenow,9999-01-01,Senior Staff
263142,Masaki,Linares,9999-01-01,Senior Staff
263143,Berhard,Baca,9999-01-01,Engineer
263147,Fumiya,Broomell,9999-01-01,Senior Engineer
263166,Iara,Salinas,9999-01-01,Engineer
263169,Kamakshi,Schaad,9999-01-01,Senior Staff
263174,Shen,Wielonsky,9999-01-01,Engineer
263182,Yongmin,Garnham,9999-01-01,Senior Engineer
263183,Giri,Awdeh,9999-01-01,Senior Staff
263194,Ranan,Gini,9999-01-01,Senior Engineer
263198,Sampalli,Genther,9999-01-01,Senior Staff
263202,Adhemar,Lyonns,9999-01-01,Senior Staff
263209,Howell,Schieder,9999-01-01,Senior Engineer
263210,Atreyi,Hoppenstand,9999-01-01,Engineer
263219,Hisao,Pokrovskii,9999-01-01,Engineer
263234,Xiaocheng,Rassart,9999-01-01,Senior Staff
263235,Elgin,Doering,9999-01-01,Senior Engineer
263243,Amstein,Giveon,9999-01-01,Senior Staff
263248,Jeong,Fiebach,9999-01-01,Technique Leader
263270,Bedir,Sullins,9999-01-01,Senior Engineer
263274,Amalendu,Engberts,9999-01-01,Engineer
263282,Siddarth,Kranzdorf,9999-01-01,Staff
263305,Arie,Luit,9999-01-01,Engineer
263313,Mitsuyuki,Perko,9999-01-01,Senior Engineer
263318,Kazuhisa,Muhling,9999-01-01,Technique Leader
263335,Leah,Rullman,9999-01-01,Senior Engineer
263349,Lucien,Naumovich,9999-01-01,Technique Leader
263354,Emdad,Caine,9999-01-01,Staff
263360,Sanjeeva,Butterworth,9999-01-01,Senior Staff
263366,Ewing,Bolotov,9999-01-01,Engineer
263374,Arnould,Farrar,9999-01-01,Technique Leader
263380,Haldon,Samarati,9999-01-01,Staff
263398,Rutger,Gente,9999-01-01,Staff
263399,Mariangiola,Gils,9999-01-01,Staff
263400,Mads,Solovay,9999-01-01,Technique Leader
263429,Claudi,Kropf,9999-01-01,Staff
263440,Selwyn,Haumacher,9999-01-01,Senior Staff
263448,Gopalakrishnan,Brodal,9999-01-01,Assistant Engineer
263456,Shichao,Nourani,9999-01-01,Engineer
263461,Vugranam,Munro,9999-01-01,Engineer
263462,Theron,Jarecki,9999-01-01,Senior Staff
263471,Candida,Fiebach,9999-01-01,Engineer
263500,Sachio,Gyorkos,9999-01-01,Senior Staff
263510,Deniz,Bolotov,9999-01-01,Engineer
263514,Mayuko,Lorie,9999-01-01,Senior Engineer
263516,Youssef,Berendt,9999-01-01,Senior Engineer
263517,Remko,Strandh,9999-01-01,Staff
263525,Reinhard,Baek,9999-01-01,Staff
263540,Dharmaraja,Cummings,9999-01-01,Engineer
263544,Kazuyasu,Baez,9999-01-01,Senior Engineer
263551,KayLiang,Uhrik,9999-01-01,Senior Staff
263569,Barun,Gips,9999-01-01,Senior Staff
263573,Visit,Anguita,9999-01-01,Engineer
263574,Teunis,Erie,9999-01-01,Staff
263577,Ulf,Cullers,9999-01-01,Senior Staff
263582,Froduald,Ruther,9999-01-01,Senior Engineer
263583,Fun,Speel,9999-01-01,Engineer
263587,Suzette,Heydon,9999-01-01,Technique Leader
263590,Jinpo,Erev,9999-01-01,Engineer
263591,Parviz,Restivo,9999-01-01,Staff
263599,Fen,VanScheik,9999-01-01,Staff
263630,Ute,Terekhov,9999-01-01,Staff
263640,Gina,Alpin,9999-01-01,Senior Engineer
263646,Nathalie,Remmele,9999-01-01,Senior Engineer
263647,Weidon,Hellwagner,9999-01-01,Senior Engineer
263655,Florina,Stifter,9999-01-01,Senior Staff
263661,Luisa,Kaelbling,9999-01-01,Engineer
263713,Abdulla,Bashian,9999-01-01,Engineer
263714,Yagil,Kleiser,9999-01-01,Senior Staff
263730,Huai,Frezza,9999-01-01,Engineer
263735,Magdalena,Siksek,9999-01-01,Senior Staff
263738,Kazunori,Bressoud,9999-01-01,Engineer
263777,Janche,Oppitz,9999-01-01,Senior Staff
263790,Hauke,Christ,9999-01-01,Engineer
263792,Brigham,Merel,9999-01-01,Senior Engineer
263804,Takanari,Ellozy,9999-01-01,Senior Engineer
263822,Seongbin,Ananiadou,9999-01-01,Engineer
263824,Yolla,Constantine,9999-01-01,Senior Engineer
263829,Jagoda,Ohori,9999-01-01,Senior Engineer
263868,Chinhyun,Koprowski,9999-01-01,Staff
263879,Tianruo,Carrere,9999-01-01,Senior Engineer
263887,Pranas,Chinen,9999-01-01,Senior Engineer
263892,Elzbieta,Dymetman,9999-01-01,Senior Staff
263893,Masali,Dolinsky,9999-01-01,Senior Staff
263913,Sampalli,Berstel,9999-01-01,Staff
263920,Pintsang,Gecsel,9999-01-01,Senior Staff
263925,Poorav,Yamaashi,9999-01-01,Engineer
263927,Charlene,Zaccaria,9999-01-01,Senior Engineer
263940,Suebskul,Emmerich,9999-01-01,Senior Staff
263947,Siamak,Markovitch,9999-01-01,Senior Engineer
263952,Vincent,Joslin,9999-01-01,Staff
263953,Rosli,Oxman,9999-01-01,Assistant Engineer
263956,Shaowen,Schmiedel,9999-01-01,Engineer
263967,Pranav,Farrag,9999-01-01,Staff
263973,Armond,Vecchi,9999-01-01,Staff
263985,Tiina,Stifter,9999-01-01,Staff
263988,Licheng,Sinitsyn,9999-01-01,Senior Staff
263993,Reinhold,Anick,9999-01-01,Senior Engineer
263997,Gita,Begiun,9999-01-01,Technique Leader
264004,Chiradeep,Compeau,9999-01-01,Technique Leader
264013,Baziley,Stifter,9999-01-01,Staff
264018,Djenana,Lorcy,9999-01-01,Staff
264019,Ulises,Barreiro,9999-01-01,Senior Staff
264044,Gay,Kalloufi,9999-01-01,Senior Engineer
264057,Pranav,Cmelik,9999-01-01,Senior Engineer
264074,Martine,Serov,9999-01-01,Senior Staff
264081,Sadok,Feldmann,9999-01-01,Engineer
264083,Vojin,Acton,9999-01-01,Staff
264086,Aris,Deverell,9999-01-01,Senior Staff
264087,Shridhar,Simkin,9999-01-01,Engineer
264096,Serenella,Valiente,9999-01-01,Engineer
264098,Sverrir,Rohrbach,9999-01-01,Engineer
264099,Toshimitsu,Rettelbach,9999-01-01,Senior Engineer
264105,Rasikan,Lichtman,9999-01-01,Staff
264107,Shalesh,Chenney,9999-01-01,Senior Staff
264122,Hyuckchul,Oppitz,9999-01-01,Assistant Engineer
264125,Arnould,Thibadeau,9999-01-01,Senior Staff
264126,Toshiki,Thimonier,9999-01-01,Assistant Engineer
264128,Guangming,Suomi,9999-01-01,Senior Staff
264138,Mara,Garrabrants,9999-01-01,Staff
264139,Stein,Schade,9999-01-01,Senior Engineer
264144,Saeed,Cronin,9999-01-01,Staff
264150,Ziya,Hatcliff,9999-01-01,Staff
264151,Heather,Worfolk,9999-01-01,Staff
264161,Arun,Montemayor,9999-01-01,Staff
264171,Kristinn,Angelopoulos,9999-01-01,Staff
264174,Jianwen,Brizzi,9999-01-01,Senior Engineer
264188,Tonia,Marquardt,9999-01-01,Senior Engineer
264190,Limsoon,Schaap,9999-01-01,Senior Staff
264193,Gererd,Desikan,9999-01-01,Staff
264194,Aral,Merey,9999-01-01,Senior Staff
264198,Richard,Siprelle,9999-01-01,Engineer
264200,Almudena,Koblick,9999-01-01,Senior Engineer
264201,Karlis,Mahmud,9999-01-01,Technique Leader
264207,Yinlin,Schwartzbauer,9999-01-01,Staff
264212,Salvador,Lagarias,9999-01-01,Senior Engineer
264218,Baruch,Rosch,9999-01-01,Senior Staff
264234,Rayond,Benzaken,9999-01-01,Senior Engineer
264241,Shin,Chvatal,9999-01-01,Staff
264247,Herbert,Rotem,9999-01-01,Engineer
264250,Shmuel,Fasbender,9999-01-01,Engineer
264267,Conrado,Chappelet,9999-01-01,Senior Engineer
264280,Mohua,Lienhardt,9999-01-01,Assistant Engineer
264281,Heather,Halloran,9999-01-01,Engineer
264292,Boguslaw,Frolund,9999-01-01,Engineer
264306,Xiaobin,Curless,9999-01-01,Senior Staff
264311,Christoper,Muniz,9999-01-01,Senior Engineer
264327,Kristen,Speer,9999-01-01,Engineer
264334,Kenroku,Penttonen,9999-01-01,Engineer
264338,Luerbio,Garigliano,9999-01-01,Senior Engineer
264345,Foong,Moffat,9999-01-01,Engineer
264354,Sreekrishna,Lamparter,9999-01-01,Staff
264356,Niteen,McAlpine,9999-01-01,Engineer
264361,Ferdinand,Kambil,9999-01-01,Senior Engineer
264383,Freyja,Krohn,9999-01-01,Technique Leader
264390,Abdelghani,Waeselynck,9999-01-01,Senior Staff
264397,Samphel,Homond,9999-01-01,Senior Engineer
264403,Jeane,Barinka,9999-01-01,Senior Engineer
264415,Uzi,Furudate,9999-01-01,Assistant Engineer
264428,JiYoung,McFarlin,9999-01-01,Senior Engineer
264434,Mizuhito,Ghelli,9999-01-01,Senior Staff
264441,Horward,Sinitsyn,9999-01-01,Engineer
264446,Katsuo,Kroha,9999-01-01,Assistant Engineer
264454,Hsiangchu,Hatcliff,9999-01-01,Engineer
264456,Muzhong,Rando,9999-01-01,Senior Staff
264459,Wilmer,Baca,9999-01-01,Engineer
264461,Ewing,Jording,9999-01-01,Assistant Engineer
264477,Sigeru,Orsini,9999-01-01,Technique Leader
264492,Ebru,Harllee,9999-01-01,Technique Leader
264494,Yolla,Itzfeldt,9999-01-01,Senior Staff
264495,Manibrata,Cyre,9999-01-01,Senior Engineer
264506,Parke,Kalefeld,9999-01-01,Senior Engineer
264507,Barna,Brender,9999-01-01,Senior Engineer
264513,Kazuhira,Kugler,9999-01-01,Senior Engineer
264535,Gunilla,Ashish,9999-01-01,Engineer
264543,Marsal,Kroll,9999-01-01,Senior Staff
264545,Mani,Panwar,9999-01-01,Staff
264546,Branimir,Perl,9999-01-01,Senior Staff
264559,Kiyotoshi,Mundy,9999-01-01,Engineer
264565,Berthier,Willoner,9999-01-01,Senior Staff
264580,Valeri,Rosis,9999-01-01,Engineer
264587,Flemming,Herbst,9999-01-01,Senior Staff
264592,Margo,Pero,9999-01-01,Senior Engineer
264618,Kazuyasu,Mahnke,9999-01-01,Staff
264629,Guiseppe,Herbst,9999-01-01,Senior Staff
264633,Aral,Lichtman,9999-01-01,Senior Engineer
264636,Kwangsub,Stassinopoulos,9999-01-01,Staff
264638,Kolar,Melter,9999-01-01,Senior Staff
264647,Yannik,Rothenberg,9999-01-01,Engineer
264649,Kwee,Benantar,9999-01-01,Staff
264662,Zhonghui,Yetim,9999-01-01,Senior Engineer
264663,Martial,Stenning,9999-01-01,Engineer
264667,Uwe,Mitsuhashi,9999-01-01,Senior Staff
264670,Dinkar,Ferretti,9999-01-01,Senior Staff
264680,Zissis,Businaro,9999-01-01,Senior Staff
264689,Sangeeta,Rajcani,9999-01-01,Senior Engineer
264690,Venkatesan,Sewelson,9999-01-01,Technique Leader
264699,Remmert,Usery,9999-01-01,Senior Engineer
264703,Temple,Genther,9999-01-01,Senior Engineer
264717,Adel,McConalogue,9999-01-01,Engineer
264724,Babette,Baig,9999-01-01,Senior Engineer
264728,Izaskun,Setia,9999-01-01,Senior Engineer
264731,Hitofumi,Kriebel,9999-01-01,Engineer
264748,Qiwen,Penttonen,9999-01-01,Senior Staff
264752,Juichirou,Syrotiuk,9999-01-01,Engineer
264775,Kristine,Azadmanesh,9999-01-01,Senior Staff
264786,Xinglin,Riefers,9999-01-01,Senior Staff
264798,Kristine,Bennet,9999-01-01,Engineer
264800,Ymte,Collavizza,9999-01-01,Senior Staff
264802,Bluma,Kroll,9999-01-01,Senior Engineer
264813,Jeanna,Reutenauer,9999-01-01,Staff
264830,Heng,Denti,9999-01-01,Staff
264842,Valeri,Asrin,9999-01-01,Engineer
264846,Dinah,Reeken,9999-01-01,Senior Engineer
264848,Gino,Fandrianto,9999-01-01,Senior Engineer
264851,Sadok,Muntz,9999-01-01,Senior Engineer
264855,Slavian,Peres,9999-01-01,Senior Staff
264860,Menkae,Munos,9999-01-01,Engineer
264884,Berto,Lambe,9999-01-01,Senior Engineer
264890,Serenella,Unno,9999-01-01,Senior Engineer
264894,Constantino,McAlpine,9999-01-01,Staff
264898,Michaela,Ranum,9999-01-01,Senior Engineer
264904,Sachin,Siksek,9999-01-01,Staff
264907,Menkae,Rajaraman,9999-01-01,Senior Staff
264929,Yuichiro,Esteva,9999-01-01,Staff
264932,Abdulah,Valiente,9999-01-01,Staff
264935,Kristinn,Rissland,9999-01-01,Senior Staff
264937,Mang,Chachaty,9999-01-01,Senior Staff
264945,Baoqiu,Salinas,9999-01-01,Senior Engineer
264948,Fay,Litzkow,9999-01-01,Engineer
264951,Jagoda,Brobst,9999-01-01,Senior Staff
264952,Jahangir,Narlikar,9999-01-01,Assistant Engineer
264953,Rafael,Dredge,9999-01-01,Senior Staff
264954,Naftali,McClure,9999-01-01,Technique Leader
264955,Souichi,Muniz,9999-01-01,Senior Staff
264968,Collette,Farrel,9999-01-01,Engineer
264984,Pranav,Birdsall,9999-01-01,Senior Staff
264994,Gou,Brender,9999-01-01,Senior Staff
264996,Gian,Avouris,9999-01-01,Technique Leader
265020,Jiafu,Setia,9999-01-01,Staff
265022,Ayakannu,Erni,9999-01-01,Senior Engineer
265040,Yuping,Choobineh,9999-01-01,Engineer
265060,Ortrud,Serot,9999-01-01,Technique Leader
265068,Weidon,Bernardinello,9999-01-01,Senior Staff
265105,Ronnie,Capobianchi,9999-01-01,Staff
265115,Heekeun,Plavsic,9999-01-01,Senior Engineer
265124,Aemilian,Panienski,9999-01-01,Staff
265131,Naftaly,Bottner,9999-01-01,Engineer
265133,Neven,DiGiano,9999-01-01,Senior Staff
265137,Ugo,Panangaden,9999-01-01,Senior Staff
265148,Subhada,Schneeberger,9999-01-01,Senior Engineer
265157,Narain,Aamodt,9999-01-01,Staff
265161,Hausi,Pfau,9999-01-01,Staff
265179,Nobuyoshi,Muhling,9999-01-01,Senior Engineer
265194,Shahar,Menhardt,9999-01-01,Senior Engineer
265201,Lakshmi,Walstra,9999-01-01,Engineer
265203,Debatosh,Sudkamp,9999-01-01,Staff
265223,Danny,Minakawa,9999-01-01,Senior Engineer
265230,Rafail,Setlzner,9999-01-01,Senior Staff
265237,Jiafu,Kavraki,9999-01-01,Senior Engineer
265238,Goa,Benzaken,9999-01-01,Engineer
265249,Jacqueline,Levergood,9999-01-01,Senior Engineer
265250,Khaled,Panangaden,9999-01-01,Staff
265268,Yoshinari,Lally,9999-01-01,Staff
265276,Toshiki,Back,9999-01-01,Senior Staff
265279,Alejandra,Nishimukai,9999-01-01,Engineer
265286,Inderjeet,Mahmud,9999-01-01,Staff
265293,Herbert,Hempstead,9999-01-01,Senior Staff
265332,Xiaoqiang,Szemeredi,9999-01-01,Assistant Engineer
265339,Lijie,Camurati,9999-01-01,Engineer
265342,Tadahiro,Iivonen,9999-01-01,Engineer
265345,Hiroyasu,Conry,9999-01-01,Senior Engineer
265377,Vasilii,Merle,9999-01-01,Senior Staff
265422,Gurbir,Gerlach,9999-01-01,Senior Engineer
265423,Bokyung,Rosis,9999-01-01,Senior Engineer
265429,Hatem,Juneja,9999-01-01,Senior Engineer
265435,Aleksander,Garnham,9999-01-01,Senior Staff
265456,Xiaoqiang,Reutenauer,9999-01-01,Senior Engineer
265462,Mara,Guardalben,9999-01-01,Senior Staff
265465,Kotesh,Ishibashi,9999-01-01,Staff
265469,Taisook,Brandsma,9999-01-01,Senior Staff
265481,Sven,Kolinko,9999-01-01,Technique Leader
265489,Mitchel,Koprowski,9999-01-01,Senior Engineer
265501,Paraskevi,Cromarty,9999-01-01,Senior Staff
265512,Elrique,Gopalakrishnan,9999-01-01,Staff
265523,Koldo,Daescu,9999-01-01,Staff
265527,Olivera,Hiraishi,9999-01-01,Technique Leader
265540,Matt,Reistad,9999-01-01,Senior Staff
265550,Fun,Bottner,9999-01-01,Staff
265557,Younwoo,Roccetti,9999-01-01,Senior Engineer
265582,Vitaly,Isard,9999-01-01,Engineer
265584,Jayson,Vuskovic,9999-01-01,Senior Staff
265588,Syozo,Gils,9999-01-01,Senior Staff
265595,Tooru,Levergood,9999-01-01,Senior Staff
265606,Boalin,Zhang,9999-01-01,Senior Engineer
265622,Babette,Picel,9999-01-01,Engineer
265626,Alagu,Pagter,9999-01-01,Senior Staff
265635,Djelloul,Marakhovsky,9999-01-01,Senior Staff
265661,Alenka,Masamoto,9999-01-01,Engineer
265666,Shushma,Henders,9999-01-01,Staff
265674,Xinglin,Sherertz,9999-01-01,Senior Engineer
265675,Sachin,Chiola,9999-01-01,Technique Leader
265681,Marsal,Atrawala,9999-01-01,Staff
265682,Xiaobin,Irland,9999-01-01,Staff
265687,Shuky,Ranta,9999-01-01,Senior Engineer
265696,Fayez,Jiang,9999-01-01,Senior Staff
265697,Jahangir,Ecklund,9999-01-01,Staff
265720,Yucai,Otillio,9999-01-01,Staff
265733,Adly,Pelc,9999-01-01,Staff
265741,Odoardo,Guenter,9999-01-01,Senior Staff
265742,Rosella,Makrucki,9999-01-01,Senior Staff
265762,George,Murrill,9999-01-01,Engineer
265789,Tsutomu,Besselaar,9999-01-01,Staff
265791,Shem,Gien,9999-01-01,Senior Staff
265813,Elliott,Businaro,9999-01-01,Senior Staff
265814,Adam,Garrabrants,9999-01-01,Staff
265822,Georgy,Kornatzky,9999-01-01,Senior Engineer
265829,Demos,Menhoudj,9999-01-01,Senior Staff
265830,Adam,Marchegay,9999-01-01,Senior Engineer
265846,Akemi,Birge,9999-01-01,Staff
265855,Mandell,Simmel,9999-01-01,Engineer
265857,Make,Conti,9999-01-01,Engineer
265870,Zongyan,Lamba,9999-01-01,Senior Staff
265872,Reuven,Alblas,9999-01-01,Engineer
265903,Abdelkader,Angelov,9999-01-01,Staff
265916,Hausi,Bratsberg,9999-01-01,Assistant Engineer
265936,Fun,Kawashimo,9999-01-01,Senior Staff
265937,Shuji,Chinen,9999-01-01,Engineer
265948,Weiru,Budinsky,9999-01-01,Staff
265962,Nahid,Pepe,9999-01-01,Engineer
265977,Lene,Tischendorf,9999-01-01,Senior Engineer
265979,Guoxiang,Sevcikova,9999-01-01,Senior Staff
265984,Taegyun,Kenevan,9999-01-01,Senior Staff
265985,Christ,Picaronny,9999-01-01,Staff
265990,Claudi,Brattka,9999-01-01,Senior Engineer
265998,Guther,Heering,9999-01-01,Senior Engineer
266000,Zhonghua,Brookman,9999-01-01,Senior Staff
266004,Xinyu,Kaiserswerth,9999-01-01,Senior Staff
266012,Satosi,Vieri,9999-01-01,Senior Staff
266017,Gift,Spelt,9999-01-01,Staff
266018,Masanao,Cools,9999-01-01,Senior Engineer
266024,Shooichi,Nergos,9999-01-01,Senior Engineer
266038,Bodh,Chinin,9999-01-01,Senior Engineer
266044,Sibyl,Gunderson,9999-01-01,Staff
266048,Shaowen,Tetzlaff,9999-01-01,Engineer
266049,Odysseas,Delaune,9999-01-01,Senior Staff
266053,Mario,Szilard,9999-01-01,Senior Engineer
266054,Younwoo,Ratnakar,9999-01-01,Senior Engineer
266075,Makato,Lovengreen,9999-01-01,Senior Engineer
266079,Adil,Ghemri,9999-01-01,Senior Engineer
266080,Mari,Maraist,9999-01-01,Engineer
266082,Randi,Cichocki,9999-01-01,Engineer
266089,Arno,Ranum,9999-01-01,Engineer
266100,Maria,Ritcey,9999-01-01,Senior Staff
266114,Arvind,Marletta,9999-01-01,Senior Engineer
266135,Shridhar,Apsitis,9999-01-01,Engineer
266142,Marco,Bernini,9999-01-01,Engineer
266147,Lalit,Krichel,9999-01-01,Staff
266161,Gita,Mansanne,9999-01-01,Staff
266170,Sungwon,Stellhorn,9999-01-01,Senior Staff
266173,Arie,Cannane,9999-01-01,Staff
266177,Marke,Weedon,9999-01-01,Senior Engineer
266181,Hidefumi,Lodder,9999-01-01,Staff
266185,Kazuhiro,Perl,9999-01-01,Staff
266190,Xiahua,Xiaoshan,9999-01-01,Engineer
266199,Goetz,Ferriere,9999-01-01,Senior Engineer
266209,Hinrich,Erde,9999-01-01,Senior Staff
266217,Wuxu,Takanami,9999-01-01,Staff
266221,Sashi,Hofmeyr,9999-01-01,Engineer
266236,Guenter,Cherinka,9999-01-01,Staff
266238,Sachar,Weedon,9999-01-01,Staff
266242,Fusako,Berstel,9999-01-01,Senior Staff
266243,Lech,Borovoy,9999-01-01,Senior Staff
266255,Manu,Dehkordi,9999-01-01,Engineer
266261,Guenter,Luon,9999-01-01,Staff
266284,Zejun,Thiria,9999-01-01,Senior Engineer
266287,Serif,Decaestecker,9999-01-01,Staff
266315,Taisook,Boguraev,9999-01-01,Staff
266325,Boriana,Hemaspaandra,9999-01-01,Staff
266333,Moss,Oppitz,9999-01-01,Senior Staff
266349,Foong,Stille,9999-01-01,Assistant Engineer
266373,Utpal,Ramamoorthy,9999-01-01,Engineer
266377,Fumitaka,Ranon,9999-01-01,Senior Engineer
266385,Hidde,Gill,9999-01-01,Senior Engineer
266389,Armond,Pauthner,9999-01-01,Senior Staff
266390,Chiranjit,Spinelli,9999-01-01,Senior Engineer
266399,Breannda,Rubsam,9999-01-01,Senior Engineer
266432,Roddy,Biron,9999-01-01,Technique Leader
266457,Yannis,Kobuchi,9999-01-01,Engineer
266467,Miquel,Tiemann,9999-01-01,Senior Engineer
266471,Quingbo,Birke,9999-01-01,Staff
266476,Sastry,Rodiger,9999-01-01,Staff
266487,Unal,Boyle,9999-01-01,Technique Leader
266498,Sreenivas,Feldmann,9999-01-01,Senior Staff
266500,Hidekazu,Brickell,9999-01-01,Staff
266503,Sanjeeva,VanScheik,9999-01-01,Senior Engineer
266542,Shim,Bail,9999-01-01,Staff
266547,Kasturi,Stassinopoulos,9999-01-01,Engineer
266550,Yuriy,Rouquie,9999-01-01,Staff
266562,Ebru,Peltason,9999-01-01,Engineer
266564,Nimmagadda,Swiler,9999-01-01,Engineer
266579,Rosella,Ranai,9999-01-01,Senior Staff
266581,Gonzalo,Leppanen,9999-01-01,Technique Leader
266599,Rosine,Barreiro,9999-01-01,Senior Engineer
266607,Tran,Hopewell,9999-01-01,Engineer
266610,Giao,Gimarc,9999-01-01,Senior Engineer
266615,Monique,Menhardt,9999-01-01,Senior Staff
266632,Tayeb,Suermann,9999-01-01,Senior Staff
266638,Maik,Schlumberger,9999-01-01,Senior Staff
266643,Tonia,Basawa,9999-01-01,Engineer
266647,Domenick,Moffat,9999-01-01,Senior Staff
266653,Khun,Cochrane,9999-01-01,Engineer
266673,Stevo,Schade,9999-01-01,Senior Engineer
266708,Nahid,Ariola,9999-01-01,Engineer
266709,Moie,Potthoff,9999-01-01,Technique Leader
266715,Basil,Birnbaum,9999-01-01,Senior Engineer
266716,Bernt,Buchter,9999-01-01,Technique Leader
266729,Nahid,Bellone,9999-01-01,Senior Engineer
266731,Hugo,Khamsi,9999-01-01,Senior Engineer
266735,Adamantios,Thambidurai,9999-01-01,Staff
266741,Utz,Birnbaum,9999-01-01,Senior Engineer
266747,Shigenori,Bael,9999-01-01,Senior Engineer
266748,Henk,Nitsch,9999-01-01,Senior Engineer
266751,Dhritiman,Penz,9999-01-01,Senior Staff
266759,Boriana,Slaats,9999-01-01,Technique Leader
266762,Niranjan,Luon,9999-01-01,Senior Engineer
266766,Stein,Solares,9999-01-01,Senior Engineer
266773,Qingxiang,Veeraraghavan,9999-01-01,Engineer
266783,Pranjal,Barvinok,9999-01-01,Staff
266789,Alejandro,Vesna,9999-01-01,Senior Staff
266821,Akeno,Cooke,9999-01-01,Senior Staff
266827,Udi,Gronowski,9999-01-01,Senior Engineer
266828,Lobel,Curless,9999-01-01,Staff
266847,Noritoshi,Servieres,9999-01-01,Senior Staff
266853,Hironobu,Piancastelli,9999-01-01,Engineer
266860,Miomir,Otillio,9999-01-01,Engineer
266866,Shounak,Lakshmanan,9999-01-01,Engineer
266871,Adib,Tsukune,9999-01-01,Engineer
266885,Shawna,Bojadziev,9999-01-01,Staff
266904,Shalesh,Jeong,9999-01-01,Engineer
266908,Kokou,Thorensen,9999-01-01,Senior Engineer
266914,Sudharsan,Steenbeek,9999-01-01,Senior Engineer
266922,Koldo,Erde,9999-01-01,Senior Staff
266934,Guadalupe,Pavlopoulou,9999-01-01,Senior Engineer
266936,Vidya,Rusterholz,9999-01-01,Engineer
266939,Chinhyun,Zobel,9999-01-01,Engineer
266945,Xiaobin,Aseltine,9999-01-01,Engineer
266957,Susumu,Marciano,9999-01-01,Senior Engineer
266959,Valery,Thiran,9999-01-01,Technique Leader
266968,Hisao,Hettesheimer,9999-01-01,Staff
266974,Rafael,Bellone,9999-01-01,Engineer
266990,Renny,Skrikant,9999-01-01,Senior Staff
267012,Armond,Lodder,9999-01-01,Engineer
267032,Mani,Back,9999-01-01,Senior Engineer
267046,Saeed,Kushner,9999-01-01,Engineer
267083,JoAnna,Knightly,9999-01-01,Senior Staff
267088,Kien,Backhouse,9999-01-01,Staff
267094,Ymte,Kaelbling,9999-01-01,Senior Staff
267104,Ronghao,Marciano,9999-01-01,Senior Engineer
267109,Mohua,Kaminger,9999-01-01,Senior Staff
267124,Kwangsub,Bauknecht,9999-01-01,Staff
267132,Subir,Gire,9999-01-01,Engineer
267148,Fayez,Coors,9999-01-01,Engineer
267160,Alselm,Brookner,9999-01-01,Engineer
267170,Tzu,Cheshire,9999-01-01,Senior Staff
267178,Licheng,Sinicrope,9999-01-01,Senior Engineer
267179,Shichao,Sadowski,9999-01-01,Senior Engineer
267198,Przemyslawa,Casperson,9999-01-01,Senior Staff
267220,Kwan,Sluis,9999-01-01,Senior Engineer
267222,Atreye,Pell,9999-01-01,Staff
267228,Van,Crouzet,9999-01-01,Engineer
267244,Sadegh,Reistad,9999-01-01,Senior Engineer
267246,Leif,Valiente,9999-01-01,Senior Engineer
267249,Ziya,Range,9999-01-01,Senior Staff
267257,Somnath,Sidhu,9999-01-01,Senior Staff
267259,Takahito,Skafidas,9999-01-01,Staff
267274,Munehiko,Kornyak,9999-01-01,Staff
267280,Josyula,Fraisse,9999-01-01,Senior Staff
267282,Guttorm,Szmurlo,9999-01-01,Technique Leader
267287,Samphel,Swen,9999-01-01,Assistant Engineer
267295,Guiseppe,Fujisaki,9999-01-01,Staff
267299,Ennio,Bisiani,9999-01-01,Engineer
267300,Ugo,Panienski,9999-01-01,Senior Engineer
267301,Irene,Antonakopoulos,9999-01-01,Senior Engineer
267328,Marsja,Luders,9999-01-01,Staff
267344,Otmar,Ghemri,9999-01-01,Staff
267356,JoAnne,Sury,9999-01-01,Senior Engineer
267362,Bluma,Impagliazzo,9999-01-01,Engineer
267375,Koichi,Birdsall,9999-01-01,Senior Staff
267376,Randi,Peck,9999-01-01,Senior Engineer
267378,Tiina,Kawashimo,9999-01-01,Senior Staff
267383,Anyuan,Verhoeff,9999-01-01,Staff
267386,DAIDA,Sichman,9999-01-01,Senior Engineer
267387,Mohammad,Ghemri,9999-01-01,Assistant Engineer
267393,Hironobu,Makinen,9999-01-01,Staff
267411,Gio,Aloia,9999-01-01,Technique Leader
267425,Saniya,Khalil,9999-01-01,Assistant Engineer
267452,Hitofumi,Goldhammer,9999-01-01,Engineer
267460,Surveyors,Mukaidono,9999-01-01,Senior Staff
267467,Billur,Ramsak,9999-01-01,Staff
267480,Xiaoqiu,Koshiba,9999-01-01,Senior Engineer
267485,Valery,Tsunoo,9999-01-01,Technique Leader
267507,Peer,Riexinger,9999-01-01,Staff
267508,Otmar,Glowinski,9999-01-01,Engineer
267527,Serenella,Comte,9999-01-01,Senior Engineer
267534,Teruyuki,Walstra,9999-01-01,Engineer
267535,Mototsugu,Maierhofer,9999-01-01,Engineer
267540,Danny,Sabnani,9999-01-01,Senior Staff
267544,Ingmar,Honglei,9999-01-01,Senior Engineer
267556,Gita,Molenaar,9999-01-01,Engineer
267575,Lalit,Falster,9999-01-01,Senior Engineer
267599,Youjian,Niizuma,9999-01-01,Engineer
267610,Rance,Zyda,9999-01-01,Senior Staff
267663,Kirk,Bellmore,9999-01-01,Senior Engineer
267682,Baoqiu,dAstous,9999-01-01,Senior Staff
267688,Woody,Poujol,9999-01-01,Senior Staff
267692,Vishu,Spelt,9999-01-01,Senior Staff
267702,Gritta,Tzvieli,9999-01-01,Staff
267703,Shushma,Versino,9999-01-01,Senior Engineer
267706,Miomir,Rusterholz,9999-01-01,Senior Staff
267707,Tze,Giveon,9999-01-01,Senior Engineer
267710,Sanjoy,Baer,9999-01-01,Engineer
267716,Sanjoy,Sidhu,9999-01-01,Senior Staff
267722,Baruch,Cangellaris,9999-01-01,Staff
267725,Kolar,Fasbender,9999-01-01,Senior Staff
267750,Sahrah,Suppi,9999-01-01,Senior Engineer
267752,Siddarth,Oxenboll,9999-01-01,Senior Staff
267768,Francesca,Vigier,9999-01-01,Senior Engineer
267781,Nathan,Bade,9999-01-01,Senior Staff
267793,Guther,Heydon,9999-01-01,Engineer
267796,Moie,Coors,9999-01-01,Engineer
267807,Weiye,Harnett,9999-01-01,Senior Staff
267825,Radoslaw,Karner,9999-01-01,Engineer
267840,Jianhui,Benzaken,9999-01-01,Senior Engineer
267841,Shaw,Magalhaes,9999-01-01,Senior Staff
267851,Visit,Stasinski,9999-01-01,Technique Leader
267854,Remko,Meszaros,9999-01-01,Senior Staff
267870,Genevieve,Silva,9999-01-01,Senior Staff
267891,Rafail,Rajala,9999-01-01,Technique Leader
267904,Suebskul,Rande,9999-01-01,Assistant Engineer
267923,Valter,Karnin,9999-01-01,Senior Staff
267924,Bernardo,Munos,9999-01-01,Senior Staff
267932,Paraskevi,Zaiane,9999-01-01,Staff
267945,Along,Remmele,9999-01-01,Senior Engineer
267946,Candida,Nyanchama,9999-01-01,Senior Staff
267952,Boriana,Fandrianto,9999-01-01,Staff
267971,Gad,Rodiger,9999-01-01,Senior Staff
267993,Kerryn,Zwicker,9999-01-01,Senior Engineer
268009,Yolla,Quadeer,9999-01-01,Engineer
268012,Rafail,Fasbender,9999-01-01,Engineer
268014,Hitomi,Rosca,9999-01-01,Senior Engineer
268015,Rajmohan,Waterhouse,9999-01-01,Engineer
268022,Froduald,Gyorkos,9999-01-01,Staff
268054,Tonia,Demos,9999-01-01,Senior Engineer
268055,Shahid,Kornyak,9999-01-01,Staff
268056,Lucian,Speek,9999-01-01,Senior Engineer
268075,Jongsuk,Harllee,9999-01-01,Senior Staff
268079,Toshimori,Papsdorf,9999-01-01,Senior Engineer
268088,Joydip,Biros,9999-01-01,Senior Staff
268108,Yonghong,Nitsche,9999-01-01,Senior Engineer
268138,Changho,Miara,9999-01-01,Staff
268139,Ramachenga,Fritzsche,9999-01-01,Senior Engineer
268142,Baocai,Brendel,9999-01-01,Senior Engineer
268147,Shao,Asrin,9999-01-01,Assistant Engineer
268164,Shahaf,Sambasivam,9999-01-01,Staff
268179,Lansing,Ratnaker,9999-01-01,Senior Staff
268180,Alois,Baca,9999-01-01,Technique Leader
268189,Fox,Jumpertz,9999-01-01,Senior Staff
268207,Nigel,Baalen,9999-01-01,Staff
268211,Sverrir,Jansch,9999-01-01,Senior Staff
268218,Xiping,Maliniak,9999-01-01,Staff
268219,Marsha,Khamsi,9999-01-01,Senior Engineer
268227,Arif,Showalter,9999-01-01,Senior Staff
268256,Marla,Gire,9999-01-01,Senior Staff
268264,Joydip,Peyn,9999-01-01,Engineer
268281,Yaghout,Jakobus,9999-01-01,Staff
268294,Weiye,Ressouche,9999-01-01,Senior Engineer
268312,Tsvetan,Kaiser,9999-01-01,Engineer
268313,Arlette,Showalter,9999-01-01,Senior Staff
268339,Sigeru,Jonsson,9999-01-01,Engineer
268355,Gregory,Petereit,9999-01-01,Staff
268361,Kristof,Kruskal,9999-01-01,Senior Staff
268365,Hinrich,Ossenbruggen,9999-01-01,Staff
268386,Jiong,Bardell,9999-01-01,Engineer
268393,Ung,Garigliano,9999-01-01,Senior Staff
268403,Muzhong,Llado,9999-01-01,Engineer
268405,Keiichiro,Penz,9999-01-01,Technique Leader
268407,Yongdong,Madeira,9999-01-01,Senior Staff
268416,Mahendra,Ermel,9999-01-01,Senior Staff
268430,Erez,Avouris,9999-01-01,Senior Engineer
268436,Phuoc,Onuegbe,9999-01-01,Engineer
268447,Denis,Shackel,9999-01-01,Senior Engineer
268468,Seongbin,Ranze,9999-01-01,Engineer
268489,Zita,Fontan,9999-01-01,Staff
268492,Marie,Flowers,9999-01-01,Technique Leader
268494,Ramachenga,Azadmanesh,9999-01-01,Senior Staff
268501,Xiadong,Ariola,9999-01-01,Senior Staff
268513,Alenka,Macedo,9999-01-01,Technique Leader
268527,Muzhong,Zucker,9999-01-01,Staff
268530,Aria,Mayerwieser,9999-01-01,Engineer
268569,Remmert,Sifakis,9999-01-01,Senior Staff
268580,Lucien,Matzov,9999-01-01,Engineer
268596,Matk,Demian,9999-01-01,Staff
268615,Lansing,Koshiba,9999-01-01,Senior Staff
268620,Leszek,Kossowski,9999-01-01,Staff
268624,Fay,Erev,9999-01-01,Assistant Engineer
268633,Kshitij,Litecky,9999-01-01,Technique Leader
268655,Yahiko,Mandell,9999-01-01,Engineer
268656,Gaetan,Copas,9999-01-01,Senior Staff
268659,Pradeep,Weedon,9999-01-01,Senior Staff
268661,Mohammad,Zaccaria,9999-01-01,Senior Staff
268665,Hyuckchul,Panwar,9999-01-01,Senior Engineer
268678,Xiaoqiang,Tsukune,9999-01-01,Senior Staff
268698,Hercules,Streng,9999-01-01,Staff
268699,Nadjib,Azadmanesh,9999-01-01,Staff
268709,Arunachalam,Rassart,9999-01-01,Senior Staff
268717,Zejun,Pettis,9999-01-01,Engineer
268722,Muneo,Marshall,9999-01-01,Senior Engineer
268723,Aleksander,Wegerle,9999-01-01,Senior Engineer
268726,Jianwen,Thummel,9999-01-01,Senior Engineer
268728,Jouni,Kuszyk,9999-01-01,Senior Engineer
268740,Fumiya,Zhang,9999-01-01,Engineer
268742,Gianluca,Halloran,9999-01-01,Engineer
268747,Kitty,Casperson,9999-01-01,Engineer
268761,Zhanqiu,Buescher,9999-01-01,Senior Staff
268778,Guadalupe,Akazan,9999-01-01,Engineer
268815,Syozo,Merey,9999-01-01,Staff
268822,Siddarth,dAstous,9999-01-01,Senior Engineer
268838,Mabry,Jumpertz,9999-01-01,Senior Engineer
268848,Lene,Vandervoorde,9999-01-01,Senior Engineer
268856,Kazuhiro,Doering,9999-01-01,Senior Engineer
268859,Sailaja,Sridhar,9999-01-01,Senior Engineer
268861,Duke,Ecklund,9999-01-01,Senior Engineer
268862,Jianhui,Rassart,9999-01-01,Staff
268863,Sanjeeva,Pleszkun,9999-01-01,Senior Engineer
268864,Suzette,Vecchi,9999-01-01,Engineer
268867,Tetsurou,Parascandalo,9999-01-01,Senior Engineer
268874,Gou,Radwan,9999-01-01,Engineer
268880,Mary,Strooper,9999-01-01,Staff
268885,Gila,Portugali,9999-01-01,Senior Staff
268887,Krister,Calkin,9999-01-01,Engineer
268901,Zengping,Segond,9999-01-01,Engineer
268911,Randi,Carrera,9999-01-01,Staff
268919,Shay,Rosin,9999-01-01,Senior Engineer
268922,Eishiro,Bonifati,9999-01-01,Staff
268935,Munehiko,Gimbel,9999-01-01,Engineer
268941,Danny,Edelhoff,9999-01-01,Engineer
268957,Heather,Schapire,9999-01-01,Staff
268962,Chaosheng,dAstous,9999-01-01,Senior Engineer
268965,Kiyomitsu,Attimonelli,9999-01-01,Senior Staff
268967,Tooru,Snedden,9999-01-01,Technique Leader
268968,Van,Wilharm,9999-01-01,Senior Engineer
268969,Lein,Kermarrec,9999-01-01,Senior Staff
268981,Miomir,Schusler,9999-01-01,Staff
268985,Unal,Sichman,9999-01-01,Senior Engineer
268992,Basil,Genther,9999-01-01,Senior Staff
269008,Ranga,Emmart,9999-01-01,Staff
269012,Ronghao,Puoti,9999-01-01,Engineer
269017,Prodip,Worfolk,9999-01-01,Senior Engineer
269022,Masoud,Gunderson,9999-01-01,Senior Engineer
269030,Aruna,Masada,9999-01-01,Senior Staff
269039,Lenore,Alpin,9999-01-01,Assistant Engineer
269041,Yahiko,Picaronny,9999-01-01,Assistant Engineer
269049,Felicidad,Furudate,9999-01-01,Senior Engineer
269066,Brigham,Plavsic,9999-01-01,Senior Engineer
269069,Vishv,Mundy,9999-01-01,Engineer
269081,Tiina,Besancenot,9999-01-01,Engineer
269107,Candida,Ritzmann,9999-01-01,Engineer
269109,Karlis,Goldhammer,9999-01-01,Senior Staff
269126,Jaroslava,Rodham,9999-01-01,Engineer
269127,Poorav,Ishibashi,9999-01-01,Staff
269133,Janche,Krychniak,9999-01-01,Engineer
269139,Jeane,Gewali,9999-01-01,Senior Staff
269151,Unal,Zaumen,9999-01-01,Senior Engineer
269157,Leaf,Asrin,9999-01-01,Staff
269161,Oksana,Feldmann,9999-01-01,Senior Engineer
269180,Subir,VanScheik,9999-01-01,Senior Staff
269184,King,Gonthier,9999-01-01,Engineer
269188,Pramod,Szilard,9999-01-01,Senior Engineer
269196,Yonghoan,Schlenzig,9999-01-01,Staff
269197,Kiyokazu,Undy,9999-01-01,Senior Engineer
269201,Houman,Thiran,9999-01-01,Senior Staff
269205,Fumitake,Junet,9999-01-01,Staff
269216,Weijing,Zweizig,9999-01-01,Senior Staff
269237,Maik,Naudin,9999-01-01,Senior Staff
269252,Behnaam,Schwartzbauer,9999-01-01,Staff
269268,Khatoun,Steinauer,9999-01-01,Staff
269269,Leucio,Buchter,9999-01-01,Senior Staff
269270,Manohar,Melton,9999-01-01,Senior Staff
269271,Boaz,Zizka,9999-01-01,Senior Staff
269279,Aria,Staelin,9999-01-01,Engineer
269285,Hsiangchu,Falco,9999-01-01,Engineer
269293,Hairong,Kamber,9999-01-01,Senior Engineer
269305,Sergi,Prenel,9999-01-01,Senior Engineer
269309,Hatim,Pelz,9999-01-01,Engineer
269315,Geoffrey,Kleiser,9999-01-01,Senior Engineer
269316,Bartek,Luby,9999-01-01,Senior Engineer
269330,Mooi,Lichtner,9999-01-01,Staff
269331,Subhash,Itzigehl,9999-01-01,Senior Engineer
269341,Aluzio,Keohane,9999-01-01,Engineer
269359,Branimir,Paludetto,9999-01-01,Engineer
269368,Shalesh,Tasistro,9999-01-01,Senior Engineer
269381,Hugh,Peak,9999-01-01,Senior Engineer
269385,Fay,Aumann,9999-01-01,Engineer
269392,Jaana,Polupanov,9999-01-01,Staff
269394,Teiji,Noriega,9999-01-01,Assistant Engineer
269399,Danny,Iacovou,9999-01-01,Senior Engineer
269400,Shuho,Murillo,9999-01-01,Senior Engineer
269414,Izaskun,Khalil,9999-01-01,Senior Engineer
269423,Sajjad,Kolinko,9999-01-01,Senior Engineer
269427,Poorav,Stille,9999-01-01,Senior Engineer
269439,Kerryn,Billingsley,9999-01-01,Staff
269441,Pradeep,Zschoche,9999-01-01,Senior Engineer
269443,Ute,Schaad,9999-01-01,Assistant Engineer
269446,Leif,Merel,9999-01-01,Senior Staff
269453,Yishai,Chaudhuri,9999-01-01,Senior Staff
269466,Khalil,Baer,9999-01-01,Senior Engineer
269501,Udi,Delaune,9999-01-01,Staff
269505,Erzsebet,Basawa,9999-01-01,Engineer
269556,Indrajit,Lodder,9999-01-01,Senior Staff
269565,Maik,Rosar,9999-01-01,Technique Leader
269581,Tonny,Hasenauer,9999-01-01,Senior Staff
269583,Mori,Mattern,9999-01-01,Staff
269587,Visit,Hedayat,9999-01-01,Staff
269592,Kauko,Argence,9999-01-01,Engineer
269606,Sadok,Pluym,9999-01-01,Engineer
269617,Xianlong,Perng,9999-01-01,Senior Engineer
269627,Howell,Rullman,9999-01-01,Technique Leader
269641,Ymte,Lamma,9999-01-01,Senior Engineer
269648,Martial,Kirkerud,9999-01-01,Engineer
269661,Arve,Syang,9999-01-01,Senior Staff
269662,Shih,Benantar,9999-01-01,Staff
269665,Koichi,Demir,9999-01-01,Engineer
269667,Mabry,Dalphin,9999-01-01,Engineer
269675,Padma,Cannard,9999-01-01,Senior Engineer
269678,Richard,Coney,9999-01-01,Senior Engineer
269686,Hidde,Rosay,9999-01-01,Senior Staff
269697,Candido,Weisert,9999-01-01,Staff
269705,Kensyu,Soloway,9999-01-01,Staff
269706,Berni,Wissmann,9999-01-01,Staff
269712,Kazunori,Vieth,9999-01-01,Senior Engineer
269715,Ohad,Crelier,9999-01-01,Senior Engineer
269725,Sarita,Ranon,9999-01-01,Senior Engineer
269730,Jordanka,Ranft,9999-01-01,Engineer
269758,Oldrich,Speckmann,9999-01-01,Engineer
269768,Khaled,Rusterholz,9999-01-01,Senior Engineer
269775,Kellie,Katzenelson,9999-01-01,Engineer
269776,Achilleas,Pelc,9999-01-01,Staff
269779,Kazuhisa,Syang,9999-01-01,Senior Engineer
269790,Shen,Gustavson,9999-01-01,Technique Leader
269802,Gregory,Tiemann,9999-01-01,Senior Staff
269811,Khoa,Jansch,9999-01-01,Senior Staff
269812,Dayanand,Thorensen,9999-01-01,Staff
269813,Chaitali,Egerstedt,9999-01-01,Staff
269817,Shigehito,Savasere,9999-01-01,Senior Staff
269832,Ranan,Zallocco,9999-01-01,Engineer
269834,Wuxu,Erde,9999-01-01,Senior Staff
269835,Rasikan,Massonet,9999-01-01,Staff
269841,Vasilis,Jumpertz,9999-01-01,Staff
269854,Shih,Gente,9999-01-01,Engineer
269873,Hidekazu,Danner,9999-01-01,Senior Staff
269875,Ravishankar,Erde,9999-01-01,Technique Leader
269893,Tayeb,McAlpine,9999-01-01,Senior Staff
269911,Yakichi,Lienhardt,9999-01-01,Staff
269913,Alain,Jervis,9999-01-01,Staff
269914,Fan,Baer,9999-01-01,Engineer
269918,Stella,Pelc,9999-01-01,Staff
269923,Sanjiv,Vadhan,9999-01-01,Staff
269924,Francoise,Berstel,9999-01-01,Senior Staff
269929,Lijia,Clemencon,9999-01-01,Senior Staff
269936,Cathie,Bratsberg,9999-01-01,Staff
269943,Arve,Couchot,9999-01-01,Engineer
269948,Akeel,Gopalakrishnan,9999-01-01,Technique Leader
269950,Huei,Irland,9999-01-01,Engineer
269952,Lijie,Kroha,9999-01-01,Senior Engineer
269969,Premsyl,Schaap,9999-01-01,Senior Engineer
269985,Mingsen,Kriebel,9999-01-01,Senior Staff
269987,Falguni,Crouzet,9999-01-01,Staff
269988,Giao,Shimshoni,9999-01-01,Senior Engineer
270000,Anwar,Eterovic,9999-01-01,Engineer
270006,Selwyn,Bolsens,9999-01-01,Senior Engineer
270020,Mahmut,Vendrig,9999-01-01,Senior Engineer
270026,Moss,Ghalwash,9999-01-01,Staff
270027,Theirry,Binkley,9999-01-01,Engineer
270033,Muneo,Sluis,9999-01-01,Senior Engineer
270039,Minghong,Ecklund,9999-01-01,Staff
270040,Eric,Schueller,9999-01-01,Senior Engineer
270044,Maren,Falck,9999-01-01,Engineer
270052,Sanjay,Serna,9999-01-01,Technique Leader
270058,Oscal,Rodite,9999-01-01,Senior Engineer
270076,Gadiel,Rohrbach,9999-01-01,Staff
270087,Kinh,Ranum,9999-01-01,Senior Engineer
270095,JoAnne,Matzov,9999-01-01,Engineer
270099,Krister,Rosaz,9999-01-01,Staff
270103,Edwin,Melski,9999-01-01,Senior Engineer
270109,Mara,Fujisaki,9999-01-01,Senior Staff
270121,Kaijung,Ritcey,9999-01-01,Senior Staff
270125,Shih,Hettesheimer,9999-01-01,Technique Leader
270130,Kayoko,Ashish,9999-01-01,Staff
270142,Xuejun,DuBourdieux,9999-01-01,Staff
270146,Bernt,Cappelli,9999-01-01,Senior Engineer
270149,Zhanqiu,Busillo,9999-01-01,Staff
270150,Atreyi,Bellone,9999-01-01,Senior Engineer
270151,Christoph,Chiodo,9999-01-01,Senior Staff
270154,Perry,Lortz,9999-01-01,Engineer
270173,Younwoo,Keohane,9999-01-01,Senior Engineer
270179,Yakichi,Chepyzhov,9999-01-01,Staff
270184,Udo,Azumi,9999-01-01,Staff
270247,Mats,Szmurlo,9999-01-01,Senior Staff
270259,Christoper,Onuegbe,9999-01-01,Technique Leader
270296,Jasminko,Barvinok,9999-01-01,Senior Staff
270299,Genta,Akazan,9999-01-01,Staff
270303,Shaibal,Biros,9999-01-01,Senior Engineer
270304,Amabile,Ramsak,9999-01-01,Engineer
270318,TRUE,Macedo,9999-01-01,Staff
270322,Dannz,Zastre,9999-01-01,Senior Engineer
270339,Sashi,Hanratty,9999-01-01,Senior Engineer
270348,Nitsan,Rubsam,9999-01-01,Staff
270364,Anoosh,Pellegrinelli,9999-01-01,Engineer
270371,Moon,Capobianchi,9999-01-01,Senior Staff
270394,Suvo,Improta,9999-01-01,Senior Engineer
270409,Yuchang,Merlo,9999-01-01,Senior Engineer
270438,King,Whitcomb,9999-01-01,Staff
270448,Becky,Snedden,9999-01-01,Senior Engineer
270482,Muneo,Businaro,9999-01-01,Assistant Engineer
270486,Randy,Schwabacher,9999-01-01,Senior Staff
270492,Achilleas,Leonhardt,9999-01-01,Engineer
270496,Kolar,Peak,9999-01-01,Senior Staff
270510,Claude,Bazelow,9999-01-01,Engineer
270527,Hinrich,Strandh,9999-01-01,Senior Staff
270532,Geoffry,Riexinger,9999-01-01,Senior Engineer
270552,Venkatesan,Greibach,9999-01-01,Senior Staff
270564,Abdelaziz,Pearson,9999-01-01,Senior Staff
270585,Anneke,Glinert,9999-01-01,Engineer
270625,Rajmohan,Azevdeo,9999-01-01,Engineer
270630,Masaru,Lortz,9999-01-01,Staff
270634,Akeel,Vakili,9999-01-01,Senior Engineer
270649,Slavian,Baik,9999-01-01,Engineer
270651,Amstein,Passino,9999-01-01,Engineer
270662,Hausi,Copas,9999-01-01,Engineer
270695,Marit,Dahlbom,9999-01-01,Staff
270698,Hongzhu,Lieblein,9999-01-01,Senior Engineer
270702,Hailing,Birrer,9999-01-01,Senior Staff
270704,Rosella,Leivant,9999-01-01,Senior Engineer
270718,Berhard,Birta,9999-01-01,Senior Engineer
270721,Margo,Luby,9999-01-01,Staff
270732,Ghassan,Itzigehl,9999-01-01,Staff
270735,Yucai,Beausoleil,9999-01-01,Senior Staff
270737,Xinyu,Marsiglia,9999-01-01,Senior Engineer
270765,Stafford,Flanders,9999-01-01,Senior Staff
270768,Tuval,Smeets,9999-01-01,Senior Engineer
270773,Matt,Himler,9999-01-01,Engineer
270783,Aamod,Vilarrasa,9999-01-01,Staff
270784,Piyush,Docker,9999-01-01,Staff
270785,Yurii,Zaiane,9999-01-01,Staff
270795,Domenico,Diderrich,9999-01-01,Senior Staff
270810,Gonzalo,Braccini,9999-01-01,Senior Staff
270820,Nahid,Pettis,9999-01-01,Senior Engineer
270822,Kwun,Rodier,9999-01-01,Staff
270838,Yurij,Jiang,9999-01-01,Staff
270842,Masasuke,Birke,9999-01-01,Senior Staff
270874,Vitaly,Terlouw,9999-01-01,Engineer
270877,Sariel,Iwayama,9999-01-01,Staff
270885,Yuuichi,Veldwijk,9999-01-01,Staff
270888,Dannz,Rodham,9999-01-01,Staff
270890,Basant,Ohori,9999-01-01,Senior Engineer
270898,Arno,Tanemo,9999-01-01,Staff
270915,Constantino,Taubenfeld,9999-01-01,Senior Engineer
270919,JiYoung,Zweizig,9999-01-01,Senior Staff
270922,Aram,Rouquie,9999-01-01,Senior Engineer
270951,Mario,Hasham,9999-01-01,Engineer
270957,Foong,Oskamp,9999-01-01,Engineer
270959,Odysseas,Danley,9999-01-01,Engineer
270966,Hongzue,Heering,9999-01-01,Senior Staff
270970,Jaroslava,Picaronny,9999-01-01,Engineer
270973,Malu,Kalloufi,9999-01-01,Senior Engineer
270983,Shen,Einsfeld,9999-01-01,Staff
270993,Irena,Heusch,9999-01-01,Staff
271008,Masaru,Plotkin,9999-01-01,Senior Engineer
271013,Ipke,Bage,9999-01-01,Engineer
271016,Mihalis,Morton,9999-01-01,Senior Staff
271033,Anyuan,Sidou,9999-01-01,Senior Staff
271039,Cedric,Colorni,9999-01-01,Senior Engineer
271040,Chirstian,Sidou,9999-01-01,Senior Staff
271050,Takushi,Koblick,9999-01-01,Senior Staff
271053,Bernd,Baby,9999-01-01,Senior Engineer
271063,Ramzi,Morrow,9999-01-01,Engineer
271068,Nahla,Angel,9999-01-01,Senior Staff
271077,Kannan,Stille,9999-01-01,Senior Engineer
271103,Berry,Shigei,9999-01-01,Senior Staff
271109,Vincent,Bednarek,9999-01-01,Engineer
271124,Shooichi,Jarecki,9999-01-01,Senior Staff
271135,Chinho,Brattka,9999-01-01,Staff
271143,Mizuhito,Farris,9999-01-01,Senior Engineer
271145,Stella,Shackel,9999-01-01,Senior Staff
271148,Adel,Czaja,9999-01-01,Assistant Engineer
271172,Chandrasekaran,Heijenga,9999-01-01,Senior Engineer
271179,Jaewoo,Murrill,9999-01-01,Staff
271186,Frederique,Engberts,9999-01-01,Senior Engineer
271189,Eirik,Plump,9999-01-01,Staff
271199,Tzvetan,Karner,9999-01-01,Staff
271201,Franziska,Lagarias,9999-01-01,Senior Engineer
271203,Karoline,Poupard,9999-01-01,Engineer
271210,Lokesh,VanScheik,9999-01-01,Assistant Engineer
271232,Ingmar,Demian,9999-01-01,Senior Engineer
271234,Naftali,Gluchowski,9999-01-01,Senior Staff
271255,Shahid,Kusakabe,9999-01-01,Senior Engineer
271271,Yurii,Seghrouchni,9999-01-01,Senior Staff
271272,Willard,Matheson,9999-01-01,Engineer
271282,Kamran,Siochi,9999-01-01,Staff
271284,Jackson,Barvinok,9999-01-01,Engineer
271300,Gilbert,Curless,9999-01-01,Senior Staff
271305,Lena,Zolotykh,9999-01-01,Engineer
271307,Shaowei,Pietrzykowski,9999-01-01,Staff
271311,Christ,Gargeya,9999-01-01,Staff
271330,Phillip,Werthner,9999-01-01,Staff
271344,Eckart,Rodiger,9999-01-01,Senior Staff
271368,Narain,Tramer,9999-01-01,Engineer
271380,LiMin,Dahlbom,9999-01-01,Engineer
271383,Nishit,Syang,9999-01-01,Senior Engineer
271384,Kwangho,Peron,9999-01-01,Senior Staff
271403,Baocai,Kuzuoka,9999-01-01,Senior Staff
271421,Nectarios,Litvinov,9999-01-01,Senior Engineer
271429,Mostafa,Gustavson,9999-01-01,Senior Staff
271436,Fei,Cummings,9999-01-01,Engineer
271451,Bluma,Leijenhorst,9999-01-01,Staff
271453,Shalesh,Gadepally,9999-01-01,Senior Staff
271477,Naftali,Whittlesey,9999-01-01,Senior Engineer
271480,Arumugam,Cooley,9999-01-01,Senior Staff
271491,Fen,Snedden,9999-01-01,Senior Staff
271493,Ulises,Jullig,9999-01-01,Engineer
271495,Lena,Falco,9999-01-01,Engineer
271497,Salvador,Bojadziev,9999-01-01,Engineer
271504,Olivera,Clemencon,9999-01-01,Senior Staff
271536,Luisa,Henders,9999-01-01,Engineer
271537,Gio,Tiemann,9999-01-01,Senior Engineer
271539,Yakkov,Rosca,9999-01-01,Staff
271541,Vidya,Cronau,9999-01-01,Staff
271545,Temple,Negoita,9999-01-01,Senior Staff
271549,Bartek,Schauser,9999-01-01,Senior Staff
271550,Mats,Menhardt,9999-01-01,Senior Staff
271560,Mohan,Papastamatiou,9999-01-01,Senior Staff
271565,Sugwoo,Juneja,9999-01-01,Senior Engineer
271575,Karoline,Tsunoo,9999-01-01,Engineer
271576,Kirk,Marquardt,9999-01-01,Senior Staff
271579,Mechthild,Luan,9999-01-01,Engineer
271594,Marjo,Jonsson,9999-01-01,Technique Leader
271602,Troy,Baak,9999-01-01,Technique Leader
271604,Phillip,Bael,9999-01-01,Engineer
271605,Demin,Yemenis,9999-01-01,Technique Leader
271607,Augustine,Pezzoli,9999-01-01,Senior Engineer
271611,Vitaly,Raczkowsky,9999-01-01,Engineer
271631,Ravishankar,Litecky,9999-01-01,Technique Leader
271638,Jungsoon,Plavsic,9999-01-01,Senior Engineer
271644,Pranav,Peroz,9999-01-01,Engineer
271648,Jungsoon,Unno,9999-01-01,Engineer
271679,Shaz,Ladret,9999-01-01,Staff
271703,Debatosh,Flowers,9999-01-01,Senior Staff
271704,Vivian,Gente,9999-01-01,Staff
271710,Leszek,Ossenbruggen,9999-01-01,Senior Staff
271727,Dmitri,Nourani,9999-01-01,Staff
271752,Yuguang,Lipner,9999-01-01,Senior Staff
271754,Kenroku,Gente,9999-01-01,Staff
271760,Tzu,Yavatkar,9999-01-01,Senior Staff
271763,Alois,Furedi,9999-01-01,Senior Staff
271793,Kenroku,Brendel,9999-01-01,Staff
271801,IEEE,Bernardeschi,9999-01-01,Engineer
271803,Tru,Dichev,9999-01-01,Senior Staff
271828,Kamakshi,Braunmuhl,9999-01-01,Staff
271837,Narain,Szmurlo,9999-01-01,Staff
271847,Valdiodio,Takanami,9999-01-01,Staff
271888,Dekang,Gide,9999-01-01,Engineer
271891,Karlis,Ouhyoung,9999-01-01,Senior Engineer
271915,Zhenbing,Anandan,9999-01-01,Senior Engineer
271918,Giri,Cronau,9999-01-01,Senior Staff
271922,Val,Kalefeld,9999-01-01,Staff
271933,Arnould,Ducloy,9999-01-01,Staff
271942,Uta,Borstler,9999-01-01,Engineer
271962,Stamatina,Ranft,9999-01-01,Senior Staff
271969,Ranan,Heystek,9999-01-01,Senior Engineer
271973,Mototsugu,Iwayama,9999-01-01,Senior Engineer
271976,Mary,Kuhnemann,9999-01-01,Senior Staff
271980,Shigenori,Angel,9999-01-01,Senior Staff
271991,Kwangjo,Michaels,9999-01-01,Engineer
272009,Deborah,Woycyznski,9999-01-01,Senior Engineer
272021,Baoqiu,Asrin,9999-01-01,Senior Staff
272028,Laurentiu,Curless,9999-01-01,Senior Engineer
272032,Ronghao,Zschoche,9999-01-01,Senior Staff
272085,Arie,Swen,9999-01-01,Staff
272089,Reuven,Makrucki,9999-01-01,Senior Engineer
272093,Boalin,Alpin,9999-01-01,Senior Engineer
272094,Uli,Mamelak,9999-01-01,Senior Staff
272096,Geoffrey,Veevers,9999-01-01,Senior Staff
272104,Paris,Koshino,9999-01-01,Assistant Engineer
272109,Kellyn,Famili,9999-01-01,Senior Staff
272118,Shigehiro,Ertl,9999-01-01,Engineer
272119,Akhilish,Businaro,9999-01-01,Engineer
272123,Sibyl,Warwick,9999-01-01,Senior Staff
272125,Ranan,Demir,9999-01-01,Senior Engineer
272146,Tommaso,Tramer,9999-01-01,Engineer
272162,Kwangyoen,Ouhyoung,9999-01-01,Staff
272188,Vasilii,Luck,9999-01-01,Senior Staff
272197,Wilmer,Meriste,9999-01-01,Staff
272203,Somnath,Pardalos,9999-01-01,Senior Staff
272214,Yurij,Alpin,9999-01-01,Senior Engineer
272225,Martijn,Millington,9999-01-01,Staff
272230,Kwangsub,Peternell,9999-01-01,Senior Engineer
272239,Weiwu,Falster,9999-01-01,Technique Leader
272251,Larisa,Grospietsch,9999-01-01,Senior Engineer
272252,Gay,Murillo,9999-01-01,Engineer
272254,Danel,Lambe,9999-01-01,Senior Staff
272259,Yongqiao,Lorcy,9999-01-01,Staff
272269,Jaewoo,Zhang,9999-01-01,Engineer
272272,Ziva,Fontet,9999-01-01,Senior Staff
272281,Abdelkader,Fairtlough,9999-01-01,Engineer
272296,Duro,Bennet,9999-01-01,Engineer
272309,Tadahiro,Waeselynck,9999-01-01,Engineer
272317,Zhiguo,Luga,9999-01-01,Senior Staff
272322,Shrikanth,DuCasse,9999-01-01,Engineer
272324,Toshiko,Feinberg,9999-01-01,Senior Staff
272344,Mamdouh,Vesna,9999-01-01,Staff
272349,Slavian,Standera,9999-01-01,Engineer
272353,Kauko,Rajala,9999-01-01,Engineer
272355,Ger,Setia,9999-01-01,Staff
272378,Kamakshi,Ranta,9999-01-01,Engineer
272395,Chenyi,Kamble,9999-01-01,Engineer
272406,Ger,Zucker,9999-01-01,Senior Staff
272409,Tomoyuki,Sudbeck,9999-01-01,Staff
272418,Golgen,Versino,9999-01-01,Senior Staff
272419,Masanao,Kuhnemann,9999-01-01,Staff
272434,Shugo,Ishibashi,9999-01-01,Senior Engineer
272438,Tonia,Litecky,9999-01-01,Senior Staff
272446,Yonghong,Molenkamp,9999-01-01,Staff
272448,Constantine,Pearson,9999-01-01,Senior Engineer
272486,Anneke,Gide,9999-01-01,Senior Engineer
272498,Mansur,Keohane,9999-01-01,Senior Engineer
272516,Mansur,Socorro,9999-01-01,Engineer
272520,Shigehito,Gomatam,9999-01-01,Technique Leader
272538,Masoud,Hiroyama,9999-01-01,Staff
272541,Arie,Bade,9999-01-01,Senior Staff
272543,Feiyu,Karunanithi,9999-01-01,Engineer
272544,Yefim,Malinowski,9999-01-01,Staff
272545,Kasturi,Rando,9999-01-01,Staff
272550,Katsuyuki,Cmelik,9999-01-01,Technique Leader
272552,Tetsurou,Azadmanesh,9999-01-01,Engineer
272566,Tonia,Kavraki,9999-01-01,Senior Staff
272577,Mark,Glinert,9999-01-01,Senior Engineer
272615,Debatosh,Heyers,9999-01-01,Staff
272625,Hitomi,Roccetti,9999-01-01,Staff
272626,Sashi,Pena,9999-01-01,Engineer
272627,Naraig,Chvatal,9999-01-01,Engineer
272631,Jianhua,Liesche,9999-01-01,Senior Engineer
272637,Remzi,Greibach,9999-01-01,Staff
272648,Jungsoon,Belinskaya,9999-01-01,Engineer
272654,Piyush,Uehara,9999-01-01,Senior Engineer
272657,Vincent,Rusmann,9999-01-01,Engineer
272670,Shigeichiro,Schmittgen,9999-01-01,Staff
272676,Danny,Hebden,9999-01-01,Staff
272683,Monique,Cyne,9999-01-01,Staff
272685,Emdad,Trachtenberg,9999-01-01,Senior Staff
272691,Nectarios,Usery,9999-01-01,Staff
272693,Shichao,Douceur,9999-01-01,Senior Engineer
272699,Elrique,Uchoa,9999-01-01,Senior Engineer
272704,Noritoshi,Laurillard,9999-01-01,Engineer
272708,Juyoung,Huhdanpaa,9999-01-01,Technique Leader
272712,Utpal,Heering,9999-01-01,Engineer
272720,Yuguang,Carrere,9999-01-01,Engineer
272726,Marsha,Eppinger,9999-01-01,Staff
272727,Adam,Shiratori,9999-01-01,Technique Leader
272763,Heekeun,Zambonelli,9999-01-01,Senior Engineer
272766,Bodh,Kilgore,9999-01-01,Engineer
272781,Kwan,Shinomoto,9999-01-01,Senior Engineer
272786,Vesna,Loncour,9999-01-01,Senior Engineer
272806,Tomokazu,Marrakchi,9999-01-01,Staff
272816,Gita,Litvinov,9999-01-01,Staff
272825,Kensyu,Bahl,9999-01-01,Staff
272826,Odoardo,Ranze,9999-01-01,Engineer
272832,Nahid,Zizka,9999-01-01,Engineer
272833,Goo,Maierhofer,9999-01-01,Senior Staff
272848,Kazuhira,Silva,9999-01-01,Senior Staff
272855,Rosalyn,Ecklund,9999-01-01,Senior Staff
272861,Gonzalo,Angelopoulos,9999-01-01,Senior Engineer
272863,Mang,Hockney,9999-01-01,Senior Engineer
272873,Vitaly,Thibadeau,9999-01-01,Senior Engineer
272876,Aamer,Standera,9999-01-01,Senior Staff
272887,Baziley,Acton,9999-01-01,Engineer
272895,Berna,Hertweck,9999-01-01,Engineer
272897,Gila,Erde,9999-01-01,Senior Staff
272902,Junsik,Shumilov,9999-01-01,Senior Staff
272903,Sergi,Mundy,9999-01-01,Engineer
272930,Sasan,Hoogerwoord,9999-01-01,Senior Staff
272943,Temple,Gewali,9999-01-01,Senior Staff
272945,Tran,Mayerwieser,9999-01-01,Senior Engineer
272947,Kirk,Basawa,9999-01-01,Senior Staff
272958,Marc,Chepyzhov,9999-01-01,Senior Engineer
272961,Prodip,Danner,9999-01-01,Senior Staff
272974,Waiman,Klerer,9999-01-01,Staff
272976,Augustine,Hiraishi,9999-01-01,Staff
272991,Heejo,Gerlach,9999-01-01,Engineer
272995,Yuping,Lampe,9999-01-01,Senior Staff
273003,Pantung,Rotem,9999-01-01,Senior Staff
273007,Yuqun,Ghemri,9999-01-01,Senior Engineer
273013,Taisook,Rodiger,9999-01-01,Staff
273015,Parviz,Blokdijk,9999-01-01,Senior Staff
273032,Jongsuk,Miyakawa,9999-01-01,Senior Engineer
273037,Hongzue,Bernini,9999-01-01,Senior Staff
273060,Kitty,Riefers,9999-01-01,Assistant Engineer
273067,Matk,Barinka,9999-01-01,Senior Staff
273068,Arfst,Ramaiah,9999-01-01,Senior Staff
273083,Kazuhito,Vitiello,9999-01-01,Senior Engineer
273092,Snehasis,Hoogerwoord,9999-01-01,Senior Engineer
273108,Zhiguo,Murtafg,9999-01-01,Engineer
273129,Sumant,Whitcomb,9999-01-01,Staff
273132,Dmitry,Munro,9999-01-01,Senior Engineer
273136,Itzchak,Sidje,9999-01-01,Staff
273138,Mizuhito,Rebaine,9999-01-01,Senior Staff
273157,Maik,Valtorta,9999-01-01,Senior Staff
273177,Shao,Eickenmeyer,9999-01-01,Senior Engineer
273181,Etsuo,Isard,9999-01-01,Engineer
273201,Feipei,Molenkamp,9999-01-01,Senior Engineer
273208,Uta,Delgrange,9999-01-01,Engineer
273213,Masako,Sommen,9999-01-01,Senior Staff
273225,Jeong,Zolotykh,9999-01-01,Senior Staff
273234,Moto,Pettis,9999-01-01,Assistant Engineer
273240,Cordelia,Brendel,9999-01-01,Senior Staff
273255,Neven,Haumacher,9999-01-01,Staff
273276,Maya,Makrucki,9999-01-01,Senior Engineer
273277,Renny,Douceur,9999-01-01,Staff
273293,Koldo,Gornas,9999-01-01,Senior Engineer
273298,Gennady,Claffy,9999-01-01,Engineer
273304,Conrado,Melichar,9999-01-01,Engineer
273306,Ziyad,Otillio,9999-01-01,Technique Leader
273318,Baoqiu,Marrakchi,9999-01-01,Staff
273322,Jaana,Lagarias,9999-01-01,Senior Staff
273326,Aksel,Gulik,9999-01-01,Senior Staff
273329,Fumiyo,Scharstein,9999-01-01,Staff
273333,Jungsoon,Luff,9999-01-01,Staff
273344,Christ,Heiserman,9999-01-01,Technique Leader
273352,Sanjay,Molenkamp,9999-01-01,Engineer
273360,Kellie,Bade,9999-01-01,Senior Engineer
273367,Shalesh,Munawer,9999-01-01,Senior Engineer
273398,Masamitsu,Bolsens,9999-01-01,Assistant Engineer
273400,Berni,Hegner,9999-01-01,Senior Engineer
273406,Hitofumi,Randt,9999-01-01,Senior Engineer
273409,Nectarios,Camarinopoulos,9999-01-01,Senior Staff
273425,Martina,Bottner,9999-01-01,Senior Engineer
273427,Arvind,Melski,9999-01-01,Engineer
273429,Abdulah,Lovengreen,9999-01-01,Engineer
273477,Shaowen,Validov,9999-01-01,Engineer
273497,Mantis,Birdsall,9999-01-01,Senior Staff
273532,Sivanarayana,Bonifati,9999-01-01,Staff
273547,Mohammed,Melichar,9999-01-01,Senior Engineer
273561,Susanne,McAffer,9999-01-01,Engineer
273563,Shaz,Ohori,9999-01-01,Senior Engineer
273568,Mizuhito,Kilgore,9999-01-01,Staff
273575,Neelam,Colorni,9999-01-01,Senior Staff
273593,Ranga,Tyugu,9999-01-01,Senior Engineer
273596,Wuxu,Schwartzburd,9999-01-01,Senior Engineer
273597,Takahira,Penttonen,9999-01-01,Senior Engineer
273601,Anwar,Seiwald,9999-01-01,Engineer
273617,Theron,Nyanchama,9999-01-01,Senior Staff
273631,Richara,Perfilyeva,9999-01-01,Staff
273638,Chikara,Farrar,9999-01-01,Engineer
273657,Jouko,Hashii,9999-01-01,Technique Leader
273658,Jaana,Lipner,9999-01-01,Senior Staff
273659,Toshimo,Smailagic,9999-01-01,Senior Staff
273663,Bartek,Ananiadou,9999-01-01,Senior Staff
273678,Gro,Cronau,9999-01-01,Senior Staff
273687,Bouchung,Beidas,9999-01-01,Assistant Engineer
273711,Kensyu,Rodier,9999-01-01,Senior Staff
273712,Mart,Miara,9999-01-01,Staff
273718,Padma,Nitto,9999-01-01,Engineer
273721,Kazuhisa,Wegerle,9999-01-01,Staff
273740,Youpyo,Cannata,9999-01-01,Senior Staff
273742,Rildo,Armand,9999-01-01,Senior Engineer
273749,Youssef,Standera,9999-01-01,Senior Engineer
273754,Kristin,Chartres,9999-01-01,Staff
273762,Masoud,Schaap,9999-01-01,Engineer
273771,Sudhanshu,Perri,9999-01-01,Senior Engineer
273773,Fan,Seuren,9999-01-01,Staff
273778,Maik,Landherr,9999-01-01,Staff
273783,Geoffrey,Vesna,9999-01-01,Senior Engineer
273792,Berna,McClurg,9999-01-01,Senior Staff
273795,Jianhao,Lorho,9999-01-01,Senior Engineer
273798,Katsuo,Gyimothy,9999-01-01,Engineer
273822,Mana,Roison,9999-01-01,Engineer
273823,Kolar,Salinas,9999-01-01,Senior Staff
273831,Kousuke,Farrar,9999-01-01,Staff
273843,Arvin,Beetstra,9999-01-01,Engineer
273864,Isaac,Perelgut,9999-01-01,Senior Staff
273867,Arch,Leaver,9999-01-01,Senior Engineer
273881,Stamatina,Klerer,9999-01-01,Technique Leader
273883,Sanjit,Rothe,9999-01-01,Engineer
273894,Shalesh,Giaccio,9999-01-01,Senior Staff
273900,Jianhui,Waleschkowski,9999-01-01,Senior Engineer
273902,Mabhin,Feldmann,9999-01-01,Senior Engineer
273918,Mario,Samarati,9999-01-01,Senior Staff
273925,Bilhanan,Cheshire,9999-01-01,Senior Staff
273931,Shahid,Zykh,9999-01-01,Staff
273933,Sreenivas,Parfitt,9999-01-01,Staff
273935,Heng,Gils,9999-01-01,Senior Engineer
273942,Ayakannu,Boissier,9999-01-01,Senior Engineer
273945,Aruna,Rijckaert,9999-01-01,Senior Staff
273952,Nahla,Braccini,9999-01-01,Technique Leader
273958,Jiafu,Klerer,9999-01-01,Technique Leader
273964,Nathan,Ratnaker,9999-01-01,Technique Leader
273972,Danae,Conta,9999-01-01,Senior Engineer
273981,Gunilla,Bratsberg,9999-01-01,Senior Engineer
273983,Manohar,Matzen,9999-01-01,Engineer
273987,Emran,Halloran,9999-01-01,Engineer
273995,Hilary,Litvinov,9999-01-01,Engineer
273997,Yechiam,Braunschweig,9999-01-01,Staff
274011,Breannda,Mawatari,9999-01-01,Senior Staff
274044,Yuchang,Erni,9999-01-01,Assistant Engineer
274052,Monique,Hempstead,9999-01-01,Senior Engineer
274066,Navin,Aloisi,9999-01-01,Staff
274084,Bernice,Luon,9999-01-01,Senior Engineer
274087,Mari,Olano,9999-01-01,Engineer
274090,Franziska,Peng,9999-01-01,Senior Staff
274099,Stevo,Perko,9999-01-01,Technique Leader
274106,Leon,Herber,9999-01-01,Staff
274118,Kinh,Srimani,9999-01-01,Staff
274119,Hugo,Narwekar,9999-01-01,Engineer
274168,Kensyu,Clouatre,9999-01-01,Engineer
274181,Yechezkel,Fortenbacher,9999-01-01,Senior Staff
274197,Geoffrey,Randi,9999-01-01,Senior Staff
274202,Guoxiang,Christ,9999-01-01,Senior Engineer
274214,Tomoyuki,Conti,9999-01-01,Engineer
274220,Apostol,Karcich,9999-01-01,Engineer
274239,Juyoung,Borovoy,9999-01-01,Senior Staff
274251,Heon,Kadhim,9999-01-01,Senior Staff
274269,Macha,Nitto,9999-01-01,Engineer
274272,Persi,Conia,9999-01-01,Staff
274278,Horward,Oberman,9999-01-01,Engineer
274282,Saeko,Bernatsky,9999-01-01,Staff
274283,Takahira,Sherertz,9999-01-01,Staff
274290,Tsuneo,Birke,9999-01-01,Senior Engineer
274319,Sanjay,Gammage,9999-01-01,Senior Engineer
274342,Mihalis,Baca,9999-01-01,Senior Staff
274346,Sadun,Plessier,9999-01-01,Engineer
274348,Cheong,Siksek,9999-01-01,Senior Engineer
274349,Lubomir,Wilfing,9999-01-01,Senior Staff
274360,Shuzo,Oskamp,9999-01-01,Engineer
274364,Reuven,Kavraki,9999-01-01,Engineer
274371,Genki,Delaune,9999-01-01,Senior Staff
274372,Herbert,Atrawala,9999-01-01,Engineer
274390,Marsja,Salinas,9999-01-01,Staff
274392,Matt,Schrooten,9999-01-01,Staff
274397,Rimli,Wendorf,9999-01-01,Senior Staff
274413,Stamatina,Valtorta,9999-01-01,Engineer
274427,Guther,Akaboshi,9999-01-01,Senior Staff
274428,Lenore,Savasere,9999-01-01,Staff
274436,Brewster,Zockler,9999-01-01,Senior Staff
274440,Mahmut,Valette,9999-01-01,Assistant Engineer
274441,Marla,Denis,9999-01-01,Staff
274458,Arfst,Ghandeharizadeh,9999-01-01,Senior Engineer
274459,Manu,Curless,9999-01-01,Senior Engineer
274462,Mamdouh,Leonhardt,9999-01-01,Senior Staff
274463,Uli,Glowinski,9999-01-01,Assistant Engineer
274473,Rutger,Bhattacharjee,9999-01-01,Engineer
274478,Sugwoo,Paludetto,9999-01-01,Senior Staff
274489,Dhritiman,Gulak,9999-01-01,Technique Leader
274492,Malu,Zeilberger,9999-01-01,Senior Staff
274496,Danae,Boguraev,9999-01-01,Technique Leader
274508,Rosli,Vickson,9999-01-01,Senior Staff
274511,Stafford,Pews,9999-01-01,Assistant Engineer
274523,Mani,Cronin,9999-01-01,Engineer
274534,Freyja,McClurg,9999-01-01,Engineer
274543,Teruyuki,Marrakchi,9999-01-01,Senior Staff
274554,Sakthirel,Rattan,9999-01-01,Senior Engineer
274560,Snehasis,Pusterhofer,9999-01-01,Senior Engineer
274563,Masaki,Serre,9999-01-01,Engineer
274572,Barton,Restivo,9999-01-01,Staff
274574,Chirstian,Bharadwaj,9999-01-01,Senior Staff
274585,Aleksandar,Itzfeldt,9999-01-01,Staff
274603,Harjit,Erie,9999-01-01,Staff
274612,Bodh,Masaki,9999-01-01,Senior Staff
274624,Fun,Serna,9999-01-01,Technique Leader
274625,Fatemeh,Assaf,9999-01-01,Senior Staff
274627,Ibibia,Cooke,9999-01-01,Engineer
274683,Elrique,Strooper,9999-01-01,Senior Engineer
274704,Masanao,Rothe,9999-01-01,Staff
274706,Xiaoqiu,Thimonier,9999-01-01,Staff
274714,Marit,Kakkad,9999-01-01,Senior Engineer
274716,Jungsoon,Legleitner,9999-01-01,Engineer
274729,Manibrata,Glinert,9999-01-01,Engineer
274735,Noritoshi,Haldar,9999-01-01,Senior Staff
274742,Sadok,Demos,9999-01-01,Engineer
274743,Irena,Driscoll,9999-01-01,Senior Staff
274746,Taegyun,Slutz,9999-01-01,Senior Engineer
274749,Luisa,Danner,9999-01-01,Staff
274757,Jiann,Pettis,9999-01-01,Senior Staff
274760,Goh,Prampolini,9999-01-01,Senior Engineer
274761,Jianwen,Milicia,9999-01-01,Senior Engineer
274772,Palash,Busillo,9999-01-01,Senior Staff
274785,Sandeepan,Krohn,9999-01-01,Staff
274809,Taiji,Jayawardene,9999-01-01,Senior Engineer
274817,Sastry,Hainaut,9999-01-01,Engineer
274833,Chikako,Krohm,9999-01-01,Senior Engineer
274836,Almudena,Furudate,9999-01-01,Engineer
274842,Phillip,Dredge,9999-01-01,Technique Leader
274845,Satoru,Schaad,9999-01-01,Engineer
274856,Fayez,Weedman,9999-01-01,Staff
274869,Nadjib,Bressoud,9999-01-01,Technique Leader
274872,Przemyslawa,Sessa,9999-01-01,Senior Engineer
274875,Teruyuki,Erbe,9999-01-01,Senior Engineer
274893,Sverrir,Kropatsch,9999-01-01,Engineer
274898,Qiwen,Deyuan,9999-01-01,Senior Engineer
274903,Fusako,Crooks,9999-01-01,Senior Staff
274910,Parke,Braccini,9999-01-01,Senior Staff
274913,Dmitry,Ishibashi,9999-01-01,Engineer
274925,Sadun,Meriste,9999-01-01,Senior Engineer
274932,Mikhail,Schmiedel,9999-01-01,Senior Staff
274935,Christoper,Cannane,9999-01-01,Staff
274971,Alper,Kitsuregawa,9999-01-01,Senior Engineer
274980,Sahrah,Slobodova,9999-01-01,Staff
274983,Shahab,Gecsel,9999-01-01,Senior Engineer
274984,Tesuya,Marshall,9999-01-01,Senior Staff
274985,Alagu,Emmerich,9999-01-01,Senior Engineer
274991,Xinyu,Gide,9999-01-01,Staff
274994,Tru,Casperson,9999-01-01,Senior Staff
274996,Abdelghani,Fioravanti,9999-01-01,Engineer
275001,Katsuo,Mitina,9999-01-01,Staff
275002,Hercules,Yurek,9999-01-01,Engineer
275011,Leen,Wallrath,9999-01-01,Staff
275022,Lansing,Yoshimura,9999-01-01,Staff
275032,Horward,Rubsam,9999-01-01,Technique Leader
275042,Filipe,Gide,9999-01-01,Staff
275070,Yongdong,Maccarone,9999-01-01,Engineer
275076,Foong,Barbanera,9999-01-01,Staff
275083,Pranjal,Kopetz,9999-01-01,Assistant Engineer
275085,Utz,Beetstra,9999-01-01,Senior Engineer
275106,Unal,Muhling,9999-01-01,Senior Engineer
275110,Pradeep,McConalogue,9999-01-01,Engineer
275120,Jaideep,Aamodt,9999-01-01,Senior Staff
275126,Abdelkader,Dichev,9999-01-01,Senior Staff
275144,Taegyun,Varman,9999-01-01,Engineer
275150,Naftali,Pollacia,9999-01-01,Senior Engineer
275181,Yuchang,Kriebel,9999-01-01,Senior Engineer
275182,Poornachandra,Engberts,9999-01-01,Senior Engineer
275189,Sachar,Katzenelson,9999-01-01,Assistant Engineer
275194,Doowon,Shobatake,9999-01-01,Senior Engineer
275225,Mong,Luce,9999-01-01,Staff
275239,Guther,Collette,9999-01-01,Staff
275252,Candida,Murtagh,9999-01-01,Engineer
275257,Kasidit,Yavatkar,9999-01-01,Engineer
275281,Nadjib,Veevers,9999-01-01,Staff
275283,Xiaopeng,Ozery,9999-01-01,Senior Engineer
275285,Mana,Aingworth,9999-01-01,Technique Leader
275288,Sadegh,Sommen,9999-01-01,Staff
275308,Samphel,Chinin,9999-01-01,Staff
275313,Serge,Keustermans,9999-01-01,Staff
275319,Mani,Vadhan,9999-01-01,Staff
275337,Ortrud,Matzke,9999-01-01,Senior Engineer
275347,Parke,Spinelli,9999-01-01,Staff
275357,Ziya,Orsini,9999-01-01,Senior Staff
275372,Xuejia,Danecki,9999-01-01,Senior Engineer
275386,Parke,Lortz,9999-01-01,Staff
275403,Fei,Farrag,9999-01-01,Technique Leader
275410,Marin,Businaro,9999-01-01,Senior Staff
275421,King,Cooley,9999-01-01,Staff
275431,Fumitake,Gomatam,9999-01-01,Engineer
275435,Fumiya,Gluchowski,9999-01-01,Senior Staff
275447,Denny,Begiun,9999-01-01,Senior Engineer
275449,Ronghao,Lambe,9999-01-01,Technique Leader
275466,Danco,Puoti,9999-01-01,Engineer
275479,Georgi,Ratnakar,9999-01-01,Senior Staff
275504,Aluzio,Bahi,9999-01-01,Assistant Engineer
275531,Doohun,Macedo,9999-01-01,Engineer
275533,Takanari,Muhling,9999-01-01,Staff
275534,Troy,Oxman,9999-01-01,Senior Staff
275549,LiMin,Usdin,9999-01-01,Senior Engineer
275565,Frederique,Bail,9999-01-01,Senior Staff
275566,Maja,Birrer,9999-01-01,Engineer
275568,Uwe,Bottner,9999-01-01,Senior Engineer
275570,Masaru,Streit,9999-01-01,Senior Engineer
275581,Honglan,Azulay,9999-01-01,Staff
275588,Xumin,Peak,9999-01-01,Senior Engineer
275599,Toshimi,Cichocki,9999-01-01,Engineer
275603,Siddarth,Rehfuss,9999-01-01,Engineer
275606,Stamatina,Alpay,9999-01-01,Senior Engineer
275620,Arunas,Yetim,9999-01-01,Senior Engineer
275622,Ennio,Emiris,9999-01-01,Technique Leader
275639,Kasturi,Claffy,9999-01-01,Staff
275641,Oldrich,Ulupinar,9999-01-01,Senior Engineer
275675,Hitomi,Shanbhogue,9999-01-01,Engineer
275692,Arfst,Soloway,9999-01-01,Staff
275700,Jacopo,Henseler,9999-01-01,Staff
275703,Panayotis,Unni,9999-01-01,Senior Engineer
275706,Arfst,Mandell,9999-01-01,Senior Engineer
275707,Junsik,Skrikant,9999-01-01,Staff
275710,Abdelwaheb,Hofmeyr,9999-01-01,Senior Staff
275712,Sverrir,Karnin,9999-01-01,Technique Leader
275719,Licheng,Nollmann,9999-01-01,Senior Staff
275720,Zeljko,Leuchs,9999-01-01,Senior Engineer
275721,Shigeichiro,Farrar,9999-01-01,Engineer
275735,Chinya,Compeau,9999-01-01,Senior Staff
275739,Patricio,Snyers,9999-01-01,Staff
275751,Pohua,Restivo,9999-01-01,Senior Staff
275754,Debatosh,Rosaz,9999-01-01,Senior Staff
275762,Hugh,Brlek,9999-01-01,Staff
275767,Uinam,Varker,9999-01-01,Senior Staff
275775,Dung,Oppitz,9999-01-01,Senior Staff
275792,Martine,Camarinopoulos,9999-01-01,Senior Engineer
275798,Anneke,Gente,9999-01-01,Engineer
275803,Jaroslava,Erdmenger,9999-01-01,Technique Leader
275811,Sailaja,McAlpine,9999-01-01,Assistant Engineer
275816,Rosalyn,Kavvadias,9999-01-01,Senior Staff
275828,Yifei,Terlouw,9999-01-01,Senior Engineer
275847,Fay,Streng,9999-01-01,Senior Engineer
275851,Panayotis,Glowinski,9999-01-01,Senior Staff
275854,Szabolcs,Kavraki,9999-01-01,Senior Engineer
275865,Joydip,Fritzsche,9999-01-01,Engineer
275872,Sadun,Thummel,9999-01-01,Engineer
275873,Tuval,Haumacher,9999-01-01,Senior Staff
275880,Geraldo,Picaronny,9999-01-01,Staff
275908,Bodo,Ratnaker,9999-01-01,Senior Engineer
275928,Manu,Braunmuhl,9999-01-01,Staff
275930,Nagui,Rosis,9999-01-01,Engineer
275932,Mantis,Millington,9999-01-01,Staff
275955,Domenick,Menhoudj,9999-01-01,Staff
275964,Dines,Shrader,9999-01-01,Senior Engineer
275977,Ibibia,Wilfing,9999-01-01,Engineer
275980,Mostafa,Ponthieu,9999-01-01,Senior Staff
275991,Tzu,Staudhammer,9999-01-01,Senior Engineer
276010,Khoa,Baig,9999-01-01,Senior Engineer
276019,Abdulla,Erev,9999-01-01,Staff
276044,Atreye,Whitcomb,9999-01-01,Engineer
276046,Sanjai,Hartvigsen,9999-01-01,Senior Staff
276053,TRUE,Lyonns,9999-01-01,Senior Staff
276054,Manohar,Gils,9999-01-01,Senior Engineer
276056,Piyawadee,Frezza,9999-01-01,Engineer
276058,Shiv,Tchuente,9999-01-01,Engineer
276074,Niranjan,Penz,9999-01-01,Senior Staff
276079,Jessie,Brlek,9999-01-01,Senior Staff
276088,Uma,Zastre,9999-01-01,Engineer
276089,Achilleas,Goldhammer,9999-01-01,Senior Engineer
276091,Szabolcs,Halevi,9999-01-01,Staff
276114,Moni,Zuberek,9999-01-01,Assistant Engineer
276127,Hsiangchu,Broomell,9999-01-01,Engineer
276143,Vishv,Hedayat,9999-01-01,Staff
276153,Kazuhito,Copas,9999-01-01,Senior Staff
276177,Augustine,Rettelbach,9999-01-01,Senior Engineer
276178,Jacqueline,Gerlach,9999-01-01,Engineer
276179,Stein,Matteis,9999-01-01,Engineer
276228,Seongbin,Bierbaum,9999-01-01,Engineer
276240,Aamod,Kitsuregawa,9999-01-01,Senior Engineer
276242,Nikolaus,Itzigehl,9999-01-01,Senior Engineer
276244,Shigeichiro,Hofmeyr,9999-01-01,Engineer
276245,Kwee,Merks,9999-01-01,Engineer
276254,Saddek,Kalorkoti,9999-01-01,Engineer
276258,Ulf,Denis,9999-01-01,Senior Staff
276263,Sverrir,Braunmuhl,9999-01-01,Senior Engineer
276268,Souichi,Cmelik,9999-01-01,Staff
276272,Sverrir,Aloisi,9999-01-01,Senior Staff
276273,Anyuan,Kushnir,9999-01-01,Senior Engineer
276289,Yuchang,Gilg,9999-01-01,Staff
276293,Munehiko,Covnot,9999-01-01,Staff
276294,Indrajit,Gecsei,9999-01-01,Technique Leader
276299,Frazer,Bierman,9999-01-01,Engineer
276314,Evgueni,Demke,9999-01-01,Senior Engineer
276318,Rosella,Neiman,9999-01-01,Senior Staff
276327,Lijie,Kadhim,9999-01-01,Senior Engineer
276344,Mana,Vieri,9999-01-01,Assistant Engineer
276359,Honesty,Soicher,9999-01-01,Engineer
276360,Berry,Gerlach,9999-01-01,Assistant Engineer
276371,Khaled,Rubsam,9999-01-01,Staff
276378,Wanqing,Luiz,9999-01-01,Engineer
276381,Genki,Kirkerud,9999-01-01,Technique Leader
276403,Maria,Yurek,9999-01-01,Technique Leader
276409,Mingsen,Cools,9999-01-01,Senior Staff
276413,Kwangho,Mellouli,9999-01-01,Senior Staff
276426,Christophe,Narahari,9999-01-01,Technique Leader
276433,Dante,Morton,9999-01-01,Senior Engineer
276451,Xiaoqiu,Riefers,9999-01-01,Senior Staff
276455,Remko,Awdeh,9999-01-01,Senior Staff
276458,Christfried,Litvinov,9999-01-01,Senior Staff
276464,Guiseppe,Luks,9999-01-01,Engineer
276468,Rosalie,DuCasse,9999-01-01,Senior Staff
276475,Susanne,Passino,9999-01-01,Senior Engineer
276476,Susuma,Kropf,9999-01-01,Engineer
276484,Limsoon,Flasterstein,9999-01-01,Senior Engineer
276486,Yannis,Rosen,9999-01-01,Technique Leader
276494,Xiaopeng,Ermel,9999-01-01,Senior Engineer
276502,Indrajit,Segond,9999-01-01,Senior Staff
276503,Tesuro,Schrooten,9999-01-01,Assistant Engineer
276515,Hercules,Granlund,9999-01-01,Senior Staff
276517,Kitty,Matzke,9999-01-01,Technique Leader
276531,Michaela,Litvinov,9999-01-01,Senior Staff
276541,Pranav,Krohm,9999-01-01,Senior Engineer
276543,Georg,Vanwelkenhuysen,9999-01-01,Engineer
276576,Guadalupe,McClurg,9999-01-01,Senior Staff
276578,Sibyl,Luff,9999-01-01,Staff
276584,Toshiki,Shobatake,9999-01-01,Engineer
276626,Baruch,Aseltine,9999-01-01,Senior Engineer
276627,Dzung,Tempesti,9999-01-01,Staff
276633,Shin,Birdsall,9999-01-01,Staff
276648,Mokhtar,Tetzlaff,9999-01-01,Staff
276650,Itzchak,Yeung,9999-01-01,Engineer
276657,Reinhold,Wrigley,9999-01-01,Senior Staff
276670,Vasilis,Hegner,9999-01-01,Senior Engineer
276683,Jingling,Shackel,9999-01-01,Senior Engineer
276685,Pradeep,Piveteau,9999-01-01,Senior Staff
276686,Reinhold,Solares,9999-01-01,Senior Staff
276694,Ymte,Emmerich,9999-01-01,Engineer
276695,Katsuyuki,Menhoudj,9999-01-01,Staff
276705,Kristinn,Walston,9999-01-01,Engineer
276720,Guadalupe,Solovay,9999-01-01,Assistant Engineer
276733,Sungwon,Schonegge,9999-01-01,Senior Staff
276739,Nevio,Birta,9999-01-01,Staff
276741,Ramya,Colorni,9999-01-01,Technique Leader
276749,Barna,Farrar,9999-01-01,Engineer
276764,Xiaoheng,Emmart,9999-01-01,Senior Staff
276771,Tremaine,Moehrke,9999-01-01,Senior Staff
276774,Bader,Barriga,9999-01-01,Senior Staff
276781,Atreye,Merle,9999-01-01,Senior Engineer
276786,Arvind,Domenig,9999-01-01,Staff
276800,Honglan,Remmele,9999-01-01,Staff
276824,Zsolt,Setia,9999-01-01,Staff
276831,Kwangyoen,Olivero,9999-01-01,Engineer
276837,Gina,Farrag,9999-01-01,Engineer
276844,Elzbieta,Peltason,9999-01-01,Senior Staff
276847,Salvador,Massonet,9999-01-01,Staff
276854,Kamran,Rattan,9999-01-01,Engineer
276876,Anoosh,Quittner,9999-01-01,Staff
276879,Matt,Leppanen,9999-01-01,Engineer
276880,Ramalingam,Kobuchi,9999-01-01,Engineer
276898,Cristinel,Chaudhury,9999-01-01,Senior Engineer
276918,Yongqiao,Garnham,9999-01-01,Engineer
276943,Macha,Hardjono,9999-01-01,Senior Engineer
276944,Arlette,Picco,9999-01-01,Senior Engineer
276947,Dinkar,Yoshizawa,9999-01-01,Senior Staff
276950,Berthier,Sewelson,9999-01-01,Senior Staff
276961,Tomoyuki,Birnbaum,9999-01-01,Engineer
276971,Abdulah,Kropp,9999-01-01,Senior Engineer
276972,Cordelia,Butner,9999-01-01,Senior Staff
276981,Danai,Perfilyeva,9999-01-01,Senior Engineer
277019,Toshimi,Cherinka,9999-01-01,Senior Staff
277029,Fumiyo,Bade,9999-01-01,Staff
277038,Ottavia,Oberman,9999-01-01,Senior Engineer
277085,Alper,Vasanthakumar,9999-01-01,Senior Staff
277094,Genki,Berztiss,9999-01-01,Senior Staff
277095,Atilio,Kaelbling,9999-01-01,Engineer
277123,Miquel,Schnabel,9999-01-01,Staff
277129,Uma,Besancenot,9999-01-01,Senior Staff
277130,Bojan,Passino,9999-01-01,Senior Staff
277144,Vishv,Munck,9999-01-01,Senior Staff
277153,Giap,Lindenbaum,9999-01-01,Engineer
277157,Boutros,Fasbender,9999-01-01,Senior Staff
277166,Yuchang,Poehlman,9999-01-01,Staff
277172,Yongmin,Sluis,9999-01-01,Engineer
277182,Alejandra,Comyn,9999-01-01,Senior Staff
277187,Arlette,Shinomoto,9999-01-01,Staff
277203,Shigeichiro,Piancastelli,9999-01-01,Engineer
277204,Garnik,Busillo,9999-01-01,Engineer
277235,Ayakannu,Ashish,9999-01-01,Senior Staff
277248,Barna,Erni,9999-01-01,Senior Staff
277252,Sampalli,Gurbaxani,9999-01-01,Engineer
277253,Francesca,Poehlman,9999-01-01,Engineer
277274,Uli,Peternell,9999-01-01,Senior Staff
277276,Marsha,Figueira,9999-01-01,Senior Engineer
277281,Shahar,Lieberherr,9999-01-01,Engineer
277290,Masali,Kalefeld,9999-01-01,Engineer
277294,Teiji,Thombley,9999-01-01,Engineer
277296,Xiaoshan,Randi,9999-01-01,Engineer
277298,Phuoc,Garnier,9999-01-01,Senior Staff
277308,Patricio,Matzat,9999-01-01,Senior Staff
277330,Tsuneo,Brobst,9999-01-01,Staff
277331,Uno,Ghalwash,9999-01-01,Engineer
277334,Xianlong,Oppitz,9999-01-01,Staff
277358,Sahrah,Brizzi,9999-01-01,Senior Engineer
277361,Cedric,Nilsson,9999-01-01,Engineer
277372,Koichi,Terkki,9999-01-01,Staff
277376,Indrajit,Unno,9999-01-01,Staff
277384,Hercules,Maliniak,9999-01-01,Senior Engineer
277415,Xiaoqiang,Ramamoorthy,9999-01-01,Technique Leader
277418,Kasidit,Terekhov,9999-01-01,Engineer
277442,Hirochika,Pero,9999-01-01,Senior Engineer
277455,Luigi,Kermarrec,9999-01-01,Engineer
277472,Bernd,Lung,9999-01-01,Senior Staff
277495,Etsuo,Couchot,9999-01-01,Senior Staff
277501,Sastry,Lupu,9999-01-01,Technique Leader
277502,Selwyn,Rossi,9999-01-01,Staff
277503,Eberhardt,Gomatam,9999-01-01,Staff
277506,Dipayan,Sidou,9999-01-01,Staff
277523,Yuqun,Fabrizio,9999-01-01,Engineer
277554,Jianhao,Perry,9999-01-01,Senior Staff
277566,Jinya,Kumaresan,9999-01-01,Senior Staff
277580,Jaques,Schaar,9999-01-01,Engineer
277588,Kensei,Guerreiro,9999-01-01,Staff
277592,Rafael,Eiron,9999-01-01,Senior Staff
277606,Gina,Muhlberg,9999-01-01,Staff
277608,Vasilis,Pettis,9999-01-01,Senior Staff
277612,Lokesh,Flowers,9999-01-01,Staff
277621,Shin,Lorch,9999-01-01,Senior Engineer
277625,Giap,Suppi,9999-01-01,Senior Staff
277633,Rimli,Solares,9999-01-01,Staff
277655,Kien,Setia,9999-01-01,Technique Leader
277661,Hilari,Bednarek,9999-01-01,Engineer
277709,Supot,Leonhardt,9999-01-01,Senior Staff
277713,Jeanna,Sudkamp,9999-01-01,Senior Staff
277729,Shirish,Nanard,9999-01-01,Senior Staff
277731,Stabislas,Botman,9999-01-01,Senior Staff
277742,Shaleah,Lamparter,9999-01-01,Senior Staff
277745,Fay,Suppi,9999-01-01,Senior Staff
277759,Steve,Emmerich,9999-01-01,Staff
277762,Fusako,Bondorf,9999-01-01,Senior Staff
277784,Jacqueline,Pfau,9999-01-01,Senior Engineer
277788,Zijian,Syang,9999-01-01,Engineer
277789,Katsuyuki,Aloisi,9999-01-01,Senior Engineer
277804,Chikara,Kolvik,9999-01-01,Senior Engineer
277835,Arup,Wixon,9999-01-01,Engineer
277842,Chikako,Benzaken,9999-01-01,Senior Engineer
277853,Manibrata,Bale,9999-01-01,Senior Staff
277854,Shem,Levergood,9999-01-01,Senior Engineer
277869,Berto,Kakkar,9999-01-01,Senior Engineer
277886,Vishv,Yeung,9999-01-01,Assistant Engineer
277892,Pintsang,Heyers,9999-01-01,Assistant Engineer
277895,Aloke,Swiler,9999-01-01,Senior Engineer
277909,Supot,Boyle,9999-01-01,Senior Engineer
277910,Eirik,Kieras,9999-01-01,Staff
277916,Satoru,Cullers,9999-01-01,Engineer
277928,Uma,Pettey,9999-01-01,Senior Engineer
277935,Bedrich,Ghalwash,9999-01-01,Engineer
277937,Subir,Biros,9999-01-01,Engineer
277947,Gaurav,Rouquie,9999-01-01,Staff
277971,Lijie,Mansanne,9999-01-01,Senior Staff
277973,Parviz,Morton,9999-01-01,Senior Staff
277979,Jaroslava,Lammel,9999-01-01,Senior Staff
277996,Naftaly,Straney,9999-01-01,Senior Staff
278003,Mohit,Melichar,9999-01-01,Assistant Engineer
278008,Krassimir,Merle,9999-01-01,Staff
278020,Xiaopeng,Chaudhuri,9999-01-01,Engineer
278024,Guangming,Sridhar,9999-01-01,Senior Staff
278031,Marco,Chandrasekhar,9999-01-01,Senior Staff
278041,Kristian,Bolotov,9999-01-01,Senior Engineer
278051,Hugh,DuBourdieux,9999-01-01,Engineer
278053,Bernardo,Heystek,9999-01-01,Senior Engineer
278058,Gao,Gide,9999-01-01,Senior Engineer
278065,Shigehito,Bade,9999-01-01,Senior Engineer
278075,Akeno,Soicher,9999-01-01,Senior Staff
278079,Mayumi,Chandrasekhar,9999-01-01,Assistant Engineer
278083,Georg,Pollock,9999-01-01,Engineer
278085,Georg,Businaro,9999-01-01,Senior Engineer
278095,Nagui,Merel,9999-01-01,Staff
278112,Paddy,Ginneken,9999-01-01,Senior Staff
278123,Shaibal,Hinsberger,9999-01-01,Engineer
278126,Zdislav,Greibach,9999-01-01,Senior Staff
278127,LiMin,Stentiford,9999-01-01,Senior Staff
278134,Sorina,Crouzet,9999-01-01,Senior Staff
278168,Weicheng,Horswill,9999-01-01,Senior Engineer
278177,Moni,Percebois,9999-01-01,Staff
278181,Selwyn,Foong,9999-01-01,Senior Engineer
278189,Yinlin,Gunderson,9999-01-01,Engineer
278194,Mototsugu,Murillo,9999-01-01,Staff
278215,Ottavia,Zaccaria,9999-01-01,Senior Staff
278232,Krassimir,Sanella,9999-01-01,Staff
278237,Ewing,Azuma,9999-01-01,Staff
278240,Youssef,Nitsch,9999-01-01,Senior Staff
278243,Werner,Roison,9999-01-01,Engineer
278257,Mona,Beutelspacher,9999-01-01,Senior Engineer
278260,Ravishankar,Diderrich,9999-01-01,Engineer
278267,Patricia,Sichman,9999-01-01,Senior Staff
278280,Adib,Shiratori,9999-01-01,Senior Staff
278285,Ronghao,Fairtlough,9999-01-01,Senior Staff
278290,Shigeaki,Millington,9999-01-01,Engineer
278298,Ronghao,Fadgyas,9999-01-01,Staff
278308,Sadun,Velasco,9999-01-01,Senior Staff
278317,Hein,Millington,9999-01-01,Senior Engineer
278329,Khatoun,Isard,9999-01-01,Staff
278332,Mototsugu,Baezner,9999-01-01,Engineer
278343,Pohua,Plumb,9999-01-01,Senior Staff
278346,Siddarth,Duclos,9999-01-01,Senior Engineer
278353,Junichi,Kalsbeek,9999-01-01,Staff
278360,Gregory,Bottner,9999-01-01,Senior Staff
278368,Parke,Skrikant,9999-01-01,Staff
278372,Rosita,Talmon,9999-01-01,Engineer
278379,Iara,Braunmuhl,9999-01-01,Senior Engineer
278395,Somnath,Motley,9999-01-01,Engineer
278396,Xianlong,Marakhovsky,9999-01-01,Staff
278407,Lunjin,Egerstedt,9999-01-01,Engineer
278413,Seshu,Fasbender,9999-01-01,Technique Leader
278422,Peer,Zeleznik,9999-01-01,Senior Staff
278445,Kamakshi,Improta,9999-01-01,Senior Staff
278446,Sachio,Carrere,9999-01-01,Engineer
278456,Xuedong,Shackel,9999-01-01,Staff
278466,Armond,Boreale,9999-01-01,Senior Staff
278479,Goa,Simmen,9999-01-01,Engineer
278486,Aiichiro,Maraist,9999-01-01,Staff
278495,Gilbert,Erdi,9999-01-01,Engineer
278508,Mansur,Improta,9999-01-01,Staff
278510,Gil,Baak,9999-01-01,Engineer
278523,Berni,Back,9999-01-01,Senior Staff
278528,Maya,Rando,9999-01-01,Senior Staff
278531,Zeljko,Serre,9999-01-01,Senior Staff
278608,Reuven,Angel,9999-01-01,Technique Leader
278610,Akeno,Benzmuller,9999-01-01,Senior Staff
278619,Malu,Denis,9999-01-01,Senior Staff
278624,Rimli,Demizu,9999-01-01,Senior Staff
278689,Itzchak,Terkki,9999-01-01,Engineer
278704,Gill,Mondadori,9999-01-01,Staff
278715,Amstein,Schaft,9999-01-01,Engineer
278721,Tonia,Flexer,9999-01-01,Senior Engineer
278727,Shakhar,Beutelspacher,9999-01-01,Technique Leader
278733,Moty,Bamford,9999-01-01,Staff
278764,Koichi,Lueh,9999-01-01,Staff
278768,Koichi,Oxman,9999-01-01,Engineer
278771,Mikhail,Henders,9999-01-01,Staff
278809,Kirk,Grospietsch,9999-01-01,Senior Staff
278823,Deborah,Besancenot,9999-01-01,Senior Staff
278825,Jiakeng,Delgrossi,9999-01-01,Senior Engineer
278828,Stabislas,Rosin,9999-01-01,Engineer
278860,Fay,Emiris,9999-01-01,Engineer
278873,Qunsheng,Vecchio,9999-01-01,Technique Leader
278882,Garnet,Vrecion,9999-01-01,Staff
278885,Akeno,Birch,9999-01-01,Staff
278886,Divier,Escriba,9999-01-01,Staff
278894,Chinhyun,Sethi,9999-01-01,Staff
278900,Xiaoshan,Grospietsch,9999-01-01,Engineer
278908,Tuval,Stavenow,9999-01-01,Staff
278918,Sadun,DiGiano,9999-01-01,Technique Leader
278938,Laurentiu,Cesareni,9999-01-01,Senior Engineer
278943,Masaki,Shimshoni,9999-01-01,Staff
278949,Frazer,Rosenbaum,9999-01-01,Senior Staff
278954,Gritta,Gerlach,9999-01-01,Engineer
278955,Sachin,Lambe,9999-01-01,Senior Engineer
278958,Wayne,Peck,9999-01-01,Staff
278970,Jordanka,Pfau,9999-01-01,Senior Staff
278977,Vatsa,Unno,9999-01-01,Technique Leader
278993,Monique,Peha,9999-01-01,Senior Engineer
278995,Shigehiro,Dalton,9999-01-01,Staff
278996,Shigeu,Kaltofen,9999-01-01,Engineer
279003,Chinhyun,Hofting,9999-01-01,Senior Engineer
279009,Taiji,Brookman,9999-01-01,Staff
279014,Kazuhisa,Shackell,9999-01-01,Assistant Engineer
279018,Constantino,Mellouli,9999-01-01,Engineer
279037,Ramachenga,Mateescu,9999-01-01,Senior Staff
279042,Susanna,Eldridge,9999-01-01,Senior Staff
279058,Paraskevi,Verhoeff,9999-01-01,Staff
279064,Stella,Flanders,9999-01-01,Senior Engineer
279070,Marie,Diderrich,9999-01-01,Staff
279077,Shounak,Dahlbom,9999-01-01,Assistant Engineer
279079,Adly,Koblitz,9999-01-01,Senior Staff
279093,Turgut,Farrag,9999-01-01,Senior Staff
279105,Shuichi,Litecky,9999-01-01,Engineer
279111,Aiichiro,Herath,9999-01-01,Senior Engineer
279127,Gregory,Lorch,9999-01-01,Senior Staff
279134,Manu,Lorch,9999-01-01,Staff
279139,Tetsushi,Eastman,9999-01-01,Senior Staff
279143,Marl,Krohm,9999-01-01,Senior Engineer
279162,Reinhard,Kavraki,9999-01-01,Engineer
279186,Valery,Frijda,9999-01-01,Engineer
279187,Karsten,Millington,9999-01-01,Senior Staff
279201,Udo,Stiles,9999-01-01,Senior Engineer
279207,Zorica,Birch,9999-01-01,Senior Engineer
279216,Debaprosad,Kamber,9999-01-01,Senior Engineer
279226,Isaac,Gopalakrishnan,9999-01-01,Senior Staff
279234,Gonzalo,Diderrich,9999-01-01,Staff
279249,Alagu,Litecky,9999-01-01,Staff
279286,Kenroku,Benzaken,9999-01-01,Staff
279287,Uli,Ranum,9999-01-01,Senior Staff
279288,Patricio,Masand,9999-01-01,Staff
279300,Tomokazu,Bondorf,9999-01-01,Assistant Engineer
279308,Ziva,Kopetz,9999-01-01,Senior Engineer
279321,Sukumar,Flasterstein,9999-01-01,Technique Leader
279336,Moss,Bonifati,9999-01-01,Technique Leader
279342,Babette,Orlowska,9999-01-01,Engineer
279349,Cullen,Shanbhogue,9999-01-01,Senior Engineer
279351,Shaunak,Sgarro,9999-01-01,Senior Staff
279378,Pradeep,Lenart,9999-01-01,Technique Leader
279386,Parto,Verspoor,9999-01-01,Staff
279397,Elvis,Karcich,9999-01-01,Senior Staff
279414,Iara,Lores,9999-01-01,Senior Engineer
279433,Tetsurou,Billawala,9999-01-01,Senior Staff
279434,Baocai,Suermann,9999-01-01,Staff
279435,Mayumi,Wilharm,9999-01-01,Assistant Engineer
279436,Fun,Setiz,9999-01-01,Senior Engineer
279440,Shin,Hebden,9999-01-01,Staff
279446,Basant,Jansch,9999-01-01,Senior Staff
279448,Keung,Halloran,9999-01-01,Senior Engineer
279451,Pasqua,Qiwen,9999-01-01,Senior Staff
279468,Weiwu,Kornyak,9999-01-01,Senior Staff
279477,Moon,Kalsbeek,9999-01-01,Senior Staff
279478,Steve,Zyda,9999-01-01,Senior Staff
279484,Yunming,Famili,9999-01-01,Staff
279487,Dietrich,Fasbender,9999-01-01,Senior Engineer
279488,Aleksandar,Vandervoorde,9999-01-01,Senior Engineer
279504,Olivera,Thibadeau,9999-01-01,Engineer
279506,Shih,Selvestrel,9999-01-01,Staff
279507,Masato,Desikan,9999-01-01,Senior Staff
279510,Makato,Munck,9999-01-01,Senior Staff
279511,Tsuneo,Rahier,9999-01-01,Senior Engineer
279514,Fumiko,Heyers,9999-01-01,Engineer
279518,Werner,Ellozy,9999-01-01,Senior Staff
279519,Trygve,Neimat,9999-01-01,Senior Engineer
279528,Rosita,Szilard,9999-01-01,Technique Leader
279535,Domenico,Sullins,9999-01-01,Senior Engineer
279541,Tsutomu,Felder,9999-01-01,Senior Staff
279553,Elzbieta,Brlek,9999-01-01,Senior Staff
279583,Gianluca,Masada,9999-01-01,Staff
279594,Alexius,Ponthieu,9999-01-01,Staff
279611,Pranav,Perry,9999-01-01,Senior Staff
279618,Eben,Cannata,9999-01-01,Senior Engineer
279619,Youngkon,Thiran,9999-01-01,Senior Engineer
279620,Suzette,Erbe,9999-01-01,Assistant Engineer
279642,Feipei,Besancenot,9999-01-01,Engineer
279643,Kiam,Massonet,9999-01-01,Senior Staff
279649,Rajmohan,Dolinsky,9999-01-01,Staff
279657,Mayuko,Kavraki,9999-01-01,Engineer
279661,Xiadong,Bach,9999-01-01,Senior Staff
279673,Xiaopeng,Leppanen,9999-01-01,Senior Staff
279687,Howell,Maquelin,9999-01-01,Senior Engineer
279689,Martins,McDermid,9999-01-01,Technique Leader
279691,Peternela,Lindenbaum,9999-01-01,Senior Staff
279703,Kirk,Makrucki,9999-01-01,Engineer
279707,Makato,Broder,9999-01-01,Senior Engineer
279716,Sham,Validov,9999-01-01,Senior Staff
279718,Sanjiv,Srimani,9999-01-01,Senior Staff
279726,Zhenhua,Farris,9999-01-01,Senior Staff
279729,Gully,Masada,9999-01-01,Engineer
279732,Sedat,Imataki,9999-01-01,Senior Staff
279735,Ravishankar,Atrawala,9999-01-01,Senior Staff
279740,Sachio,Molenaar,9999-01-01,Senior Engineer
279742,Navid,Woycyznski,9999-01-01,Engineer
279745,Hongzue,Brattka,9999-01-01,Senior Engineer
279753,Gio,Georg,9999-01-01,Senior Engineer
279758,Honesty,Chiola,9999-01-01,Senior Engineer
279762,Rildo,Bael,9999-01-01,Senior Staff
279763,Marke,Lipner,9999-01-01,Senior Engineer
279765,Rosine,Ranta,9999-01-01,Staff
279770,Chenyi,Brickell,9999-01-01,Staff
279776,Mohammed,Moehrke,9999-01-01,Senior Staff
279804,Sugwoo,Camurati,9999-01-01,Senior Staff
279808,Tooru,Dolinsky,9999-01-01,Senior Engineer
279829,Iara,Stille,9999-01-01,Staff
279832,Kristen,Vural,9999-01-01,Senior Engineer
279868,Hidekazu,Schiper,9999-01-01,Senior Engineer
279875,KayLiang,Kornyak,9999-01-01,Senior Staff
279880,Surveyors,Akiyama,9999-01-01,Staff
279891,Eben,Gihr,9999-01-01,Staff
279901,Premsyl,Stanfel,9999-01-01,Technique Leader
279910,Yongmin,Snyers,9999-01-01,Technique Leader
279915,Angus,Rijsenbrij,9999-01-01,Senior Engineer
279917,Jaroslava,Selenyi,9999-01-01,Senior Staff
279920,Stamatina,Papsdorf,9999-01-01,Senior Engineer
279972,Jianhua,Gecsei,9999-01-01,Senior Staff
279996,Zejun,Lampe,9999-01-01,Senior Engineer
279997,Heeju,Burnard,9999-01-01,Staff
280010,Arnould,Awdeh,9999-01-01,Staff
280025,Kazunori,Bernardeschi,9999-01-01,Senior Staff
280038,Gunilla,Luks,9999-01-01,Staff
280050,Fay,Gewali,9999-01-01,Engineer
280062,Sashi,Condotta,9999-01-01,Senior Staff
280066,Kazuyasu,Sanella,9999-01-01,Senior Staff
280088,Iara,Llado,9999-01-01,Staff
280106,Duke,Koyama,9999-01-01,Senior Engineer
280117,Janalee,Stanger,9999-01-01,Engineer
280118,Constantino,Khasidashvili,9999-01-01,Engineer
280122,Rutger,Crooks,9999-01-01,Senior Staff
280126,Arie,Danecki,9999-01-01,Senior Engineer
280127,Arnd,Hammerschmidt,9999-01-01,Engineer
280134,Yuichiro,Pehl,9999-01-01,Engineer
280137,Cullen,Ruther,9999-01-01,Technique Leader
280165,Berni,Srimani,9999-01-01,Senior Engineer
280169,Aimee,Sherertz,9999-01-01,Engineer
280171,Rasikan,Condotta,9999-01-01,Staff
280179,Fuqing,Flexer,9999-01-01,Senior Staff
280187,Dipankar,Ducloy,9999-01-01,Engineer
280197,Panayotis,Fordan,9999-01-01,Technique Leader
280212,Chanjung,Heemskerk,9999-01-01,Technique Leader
280216,Lene,McDermid,9999-01-01,Senior Staff
280220,Hailing,Pollock,9999-01-01,Senior Staff
280229,Tooru,Fiutem,9999-01-01,Senior Engineer
280236,Sadegh,Vingron,9999-01-01,Senior Staff
280238,Aria,Rodier,9999-01-01,Engineer
280244,Indrajit,Wilfing,9999-01-01,Senior Staff
280247,Lorien,Desikan,9999-01-01,Engineer
280255,Richara,Roccetti,9999-01-01,Senior Staff
280271,Yucel,Papastamatiou,9999-01-01,Staff
280277,Magdalena,Perry,9999-01-01,Senior Staff
280309,Chuanyi,Bolsens,9999-01-01,Senior Staff
280325,Masato,Carrera,9999-01-01,Senior Engineer
280333,Zongyan,Kisuki,9999-01-01,Senior Staff
280334,Chrisa,Kadhim,9999-01-01,Senior Engineer
280353,Cheong,Sooriamurthi,9999-01-01,Senior Engineer
280355,Xiaoqiu,Stroustrup,9999-01-01,Senior Staff
280361,Shooichi,Hiltgen,9999-01-01,Senior Engineer
280368,Danae,Sullins,9999-01-01,Senior Engineer
280370,Mayuko,Vesel,9999-01-01,Engineer
280391,Niclas,Spell,9999-01-01,Senior Staff
280396,Shih,Solares,9999-01-01,Staff
280404,Shuji,Matheson,9999-01-01,Engineer
280430,Sudharsan,Syrotiuk,9999-01-01,Engineer
280448,Theron,Aamodt,9999-01-01,Staff
280452,Navin,Chenoweth,9999-01-01,Assistant Engineer
280476,Harngdar,Mandelberg,9999-01-01,Senior Staff
280477,Utz,Sidou,9999-01-01,Senior Staff
280483,Naraig,Jeong,9999-01-01,Senior Staff
280492,Chuanyi,Rosay,9999-01-01,Senior Engineer
280496,Xianlong,Potthoff,9999-01-01,Senior Staff
280508,Srinidhi,Demos,9999-01-01,Engineer
280512,Sumant,Trelles,9999-01-01,Staff
280517,Aris,Henders,9999-01-01,Senior Engineer
280522,Shigeichiro,Bazelow,9999-01-01,Senior Staff
280532,Gilbert,Jayawardene,9999-01-01,Senior Engineer
280534,Oscal,Nilsson,9999-01-01,Senior Staff
280535,Shay,Conti,9999-01-01,Senior Engineer
280541,Holgard,Rotem,9999-01-01,Senior Staff
280574,Shih,Orlowska,9999-01-01,Senior Staff
280595,Frazer,Kitsuregawa,9999-01-01,Engineer
280598,Takanari,Lovengreen,9999-01-01,Senior Staff
280603,Kien,Sinitsyn,9999-01-01,Staff
280609,Elrique,Khasidashvili,9999-01-01,Engineer
280612,Yifei,Gien,9999-01-01,Staff
280615,Shuky,Takanami,9999-01-01,Assistant Engineer
280622,Wayne,Back,9999-01-01,Engineer
280643,Dmitry,Peroz,9999-01-01,Senior Staff
280651,Yakichi,Seghrouchni,9999-01-01,Senior Engineer
280659,Xudong,Valiente,9999-01-01,Staff
280681,Nahum,Braccini,9999-01-01,Senior Engineer
280686,Jingling,Choobineh,9999-01-01,Senior Engineer
280687,Sakthirel,Lodder,9999-01-01,Technique Leader
280699,Elvis,Krychniak,9999-01-01,Senior Engineer
280711,Tua,Qiwen,9999-01-01,Staff
280721,Arumugam,Fiutem,9999-01-01,Engineer
280723,Arfst,Kolinko,9999-01-01,Senior Engineer
280729,Shuho,Pearson,9999-01-01,Engineer
280746,Taizo,Molenkamp,9999-01-01,Staff
280756,Nahum,Nitto,9999-01-01,Senior Engineer
280760,Rafail,Klassen,9999-01-01,Senior Engineer
280764,Fumiyo,Minakawa,9999-01-01,Senior Engineer
280790,Ekawit,Baumann,9999-01-01,Senior Engineer
280796,Shigenori,Lundstrom,9999-01-01,Engineer
280799,Bartek,Feldmann,9999-01-01,Senior Engineer
280803,Zine,Dayana,9999-01-01,Technique Leader
280827,Kwangjo,Krybus,9999-01-01,Senior Staff
280860,Gudjon,Syang,9999-01-01,Staff
280876,Saniya,Maginnis,9999-01-01,Senior Engineer
280883,Shao,Compeau,9999-01-01,Technique Leader
280900,Odinaldo,Ramsay,9999-01-01,Engineer
280908,Yunming,Segond,9999-01-01,Engineer
280910,Arve,Dehkordi,9999-01-01,Staff
280917,Doowon,Melter,9999-01-01,Senior Engineer
280923,Uno,Silva,9999-01-01,Senior Staff
280924,Sigeru,Merey,9999-01-01,Senior Staff
280927,Zhenhua,Muniz,9999-01-01,Engineer
280929,Khue,Peot,9999-01-01,Senior Staff
280933,Jianhao,Dalphin,9999-01-01,Senior Staff
280934,Gritta,Gils,9999-01-01,Senior Engineer
280941,Taisook,Furudate,9999-01-01,Senior Engineer
280949,Make,Setiz,9999-01-01,Senior Engineer
280954,Raimond,Cappelletti,9999-01-01,Staff
280955,Mona,Anido,9999-01-01,Senior Staff
280960,Serif,Brodal,9999-01-01,Senior Engineer
280961,Mingsen,Pesch,9999-01-01,Senior Engineer
280977,Frazer,Shokrollahi,9999-01-01,Assistant Engineer
280979,Remmert,Orsini,9999-01-01,Staff
281009,Yongmao,Esteva,9999-01-01,Technique Leader
281042,Leaf,Makinen,9999-01-01,Engineer
281058,Miomir,Bressoud,9999-01-01,Assistant Engineer
281070,Chenye,Shanbhogue,9999-01-01,Staff
281071,Utpal,Bednarek,9999-01-01,Senior Staff
281074,Kendra,Xiaoshan,9999-01-01,Engineer
281079,Kamakshi,Schwartzburd,9999-01-01,Engineer
281083,Conrado,Emden,9999-01-01,Senior Staff
281084,Sven,Bugaenko,9999-01-01,Engineer
281093,Anyuan,Legleitner,9999-01-01,Engineer
281113,Sumali,Giaccio,9999-01-01,Engineer
281116,Kazuhira,Syrotiuk,9999-01-01,Engineer
281118,Munir,Leaver,9999-01-01,Staff
281137,Vugranam,Luca,9999-01-01,Staff
281150,Masanao,Lichtner,9999-01-01,Senior Staff
281159,Sakthirel,Bernardinello,9999-01-01,Engineer
281163,Mohammad,Giarratana,9999-01-01,Engineer
281170,Abdulah,Dulli,9999-01-01,Technique Leader
281184,Hilari,Tagansky,9999-01-01,Senior Engineer
281188,Sedat,Heyers,9999-01-01,Senior Staff
281195,Zengping,Undy,9999-01-01,Senior Engineer
281204,Quingbo,Azumi,9999-01-01,Senior Engineer
281213,Kellyn,Staylopatis,9999-01-01,Senior Engineer
281217,Goh,Mayerwieser,9999-01-01,Staff
281225,Lubomir,Waymire,9999-01-01,Senior Staff
281234,Harngdar,Falby,9999-01-01,Technique Leader
281244,Marke,Vural,9999-01-01,Technique Leader
281249,Sudharsan,Hasham,9999-01-01,Staff
281259,Marek,Feinberg,9999-01-01,Staff
281261,Shuichi,Molberg,9999-01-01,Staff
281268,Yinlin,Assaf,9999-01-01,Senior Staff
281282,Mohd,Fadgyas,9999-01-01,Staff
281293,Chikara,Bednarek,9999-01-01,Staff
281299,Jianhui,Herber,9999-01-01,Engineer
281345,Giordano,Beetstra,9999-01-01,Senior Staff
281347,Lakshmi,Luby,9999-01-01,Engineer
281358,Kamran,Poupard,9999-01-01,Technique Leader
281364,Masami,Majewski,9999-01-01,Engineer
281369,Teruyuki,Dalton,9999-01-01,Senior Engineer
281378,Denny,Denos,9999-01-01,Senior Engineer
281380,Karlis,Grandbois,9999-01-01,Technique Leader
281385,Georgi,Oxenboll,9999-01-01,Senior Staff
281398,Randy,Poujol,9999-01-01,Senior Engineer
281400,Kristen,Lores,9999-01-01,Senior Engineer
281413,Kersti,Monarch,9999-01-01,Senior Staff
281414,Giri,Kusakari,9999-01-01,Senior Staff
281416,Sadun,Kuzuoka,9999-01-01,Senior Staff
281423,Sajjad,Schwabacher,9999-01-01,Senior Engineer
281434,Hideyuki,Zaumen,9999-01-01,Senior Engineer
281439,Tzu,Radivojevic,9999-01-01,Senior Engineer
281455,Abdelkader,Demir,9999-01-01,Senior Engineer
281458,Niranjan,Biron,9999-01-01,Senior Staff
281462,Katsuo,Shiratori,9999-01-01,Staff
281467,Gennady,Brandsma,9999-01-01,Senior Staff
281483,Cathie,Wossner,9999-01-01,Senior Engineer
281484,Mooi,Pardalos,9999-01-01,Engineer
281505,Babette,Baer,9999-01-01,Senior Staff
281510,Douadi,Demian,9999-01-01,Senior Staff
281519,Mingzeng,Bruckman,9999-01-01,Senior Engineer
281520,Jeanna,Wrigley,9999-01-01,Staff
281540,Karoline,Gelosh,9999-01-01,Senior Staff
281547,Vidar,Baez,9999-01-01,Senior Staff
281548,Yishay,Lichtner,9999-01-01,Staff
281571,Leah,Merli,9999-01-01,Senior Engineer
281574,Rasikan,Benantar,9999-01-01,Senior Engineer
281586,Akeel,Jiang,9999-01-01,Engineer
281590,Tooru,Heydon,9999-01-01,Senior Staff
281606,Lakshmi,Farris,9999-01-01,Senior Staff
281617,Byong,Argence,9999-01-01,Senior Staff
281628,Vasilii,Peck,9999-01-01,Engineer
281643,Bingning,Schrooten,9999-01-01,Senior Staff
281674,Xiping,Ebeling,9999-01-01,Staff
281697,Nirmal,Rusterholz,9999-01-01,Senior Staff
281699,Filipe,Penz,9999-01-01,Senior Staff
281700,Tse,Swick,9999-01-01,Senior Engineer
281706,Sangeeta,Vecchio,9999-01-01,Senior Engineer
281708,Amabile,Whitcomb,9999-01-01,Staff
281716,Arumugam,Collavizza,9999-01-01,Technique Leader
281730,Jordanka,Axelband,9999-01-01,Staff
281743,Mitchel,Beeson,9999-01-01,Senior Engineer
281746,Navid,Straney,9999-01-01,Engineer
281750,Mohamadou,Laventhal,9999-01-01,Senior Staff
281753,Gio,Loncour,9999-01-01,Senior Staff
281760,Fumiyo,Cronau,9999-01-01,Senior Staff
281762,Nathalie,Tiemann,9999-01-01,Engineer
281768,Eckart,Beausoleil,9999-01-01,Senior Staff
281776,Radoslaw,Nilsson,9999-01-01,Senior Staff
281781,Alois,Journel,9999-01-01,Engineer
281817,Turgut,Chiodo,9999-01-01,Engineer
281864,Howell,Dymetman,9999-01-01,Engineer
281872,Tuval,Siprelle,9999-01-01,Engineer
281877,Mana,Murthy,9999-01-01,Engineer
281906,Phuoc,Orlowska,9999-01-01,Senior Engineer
281928,Lidong,Gewali,9999-01-01,Staff
281935,Kasturi,Munke,9999-01-01,Engineer
281939,Demos,Biran,9999-01-01,Senior Engineer
281942,Samphel,Byoun,9999-01-01,Engineer
281956,Jessie,Bardell,9999-01-01,Staff
281968,Byong,Mayerwieser,9999-01-01,Engineer
281971,Horward,Desikan,9999-01-01,Staff
281975,Marl,Bondorf,9999-01-01,Senior Engineer
281981,Youssef,Ishibashi,9999-01-01,Staff
282002,Franziska,Eickenmeyer,9999-01-01,Senior Staff
282005,Volkmar,Tsukune,9999-01-01,Senior Staff
282013,Ottavia,Hiyoshi,9999-01-01,Engineer
282018,Xuejia,Luef,9999-01-01,Senior Engineer
282023,Piyush,Trogemann,9999-01-01,Staff
282036,Oguz,Ranum,9999-01-01,Staff
282042,Masaki,Benzaken,9999-01-01,Engineer
282044,Shai,Kilgore,9999-01-01,Senior Staff
282045,Ewing,Rahimi,9999-01-01,Staff
282056,Sukumar,Litecky,9999-01-01,Engineer
282063,Hongzhu,Selenyi,9999-01-01,Senior Engineer
282079,Bogdan,Nitsche,9999-01-01,Staff
282084,Gil,Chinen,9999-01-01,Senior Staff
282092,Masasuke,Pehl,9999-01-01,Engineer
282093,Mizuhito,Reistad,9999-01-01,Engineer
282096,Zvonko,Zobel,9999-01-01,Senior Staff
282112,Elgin,Peot,9999-01-01,Senior Engineer
282119,Foong,Aingworth,9999-01-01,Senior Engineer
282121,Barton,Alpin,9999-01-01,Staff
282123,Amalendu,Vecchio,9999-01-01,Engineer
282126,Sungwon,Ginesta,9999-01-01,Engineer
282128,Shrikanth,Schoegge,9999-01-01,Engineer
282129,Fumiya,Varman,9999-01-01,Staff
282133,Marek,Brickell,9999-01-01,Staff
282204,Ulises,Schneeberger,9999-01-01,Staff
282221,Soenke,Kriebel,9999-01-01,Senior Engineer
282223,Shigehito,Yeung,9999-01-01,Technique Leader
282230,Zejun,Poehlman,9999-01-01,Senior Engineer
282251,Anoosh,Valtorta,9999-01-01,Senior Staff
282252,Yurij,Andreotta,9999-01-01,Assistant Engineer
282261,Huai,Jumpertz,9999-01-01,Senior Staff
282270,Val,Giarratana,9999-01-01,Senior Engineer
282273,Sachem,Matzen,9999-01-01,Senior Engineer
282290,Otmar,Ozeki,9999-01-01,Senior Staff
282295,Barton,Wegerle,9999-01-01,Senior Engineer
282314,Bilhanan,Karcich,9999-01-01,Senior Engineer
282317,Taegyun,Llado,9999-01-01,Engineer
282329,Kazuhito,Lamba,9999-01-01,Engineer
282347,Shuky,Radivojevic,9999-01-01,Senior Staff
282348,Saddek,Oxenboll,9999-01-01,Technique Leader
282362,Siddarth,Lyonns,9999-01-01,Engineer
282392,Wonhee,Hooghiemstra,9999-01-01,Senior Engineer
282402,Shir,Mukaidono,9999-01-01,Staff
282408,Shaowen,Beilner,9999-01-01,Senior Staff
282410,Arvin,Marzano,9999-01-01,Staff
282446,Freyja,Kinley,9999-01-01,Engineer
282459,Rasiah,McFarlin,9999-01-01,Engineer
282470,Chrisa,Pagter,9999-01-01,Engineer
282485,Aamer,Strandh,9999-01-01,Senior Engineer
282488,Jianhao,Keirsey,9999-01-01,Engineer
282501,Kristinn,Rande,9999-01-01,Senior Staff
282504,Harngdar,Pavlopoulou,9999-01-01,Senior Staff
282508,Juyoung,Merel,9999-01-01,Senior Engineer
282519,Boguslaw,Sundgren,9999-01-01,Senior Engineer
282531,Marko,Laventhal,9999-01-01,Senior Staff
282540,Randi,Marakhovsky,9999-01-01,Senior Staff
282552,Yakkov,Koshino,9999-01-01,Senior Staff
282572,Martien,Zolotykh,9999-01-01,Engineer
282578,Fun,Servi,9999-01-01,Senior Staff
282587,Jiann,Molenkamp,9999-01-01,Engineer
282598,Adly,Gonthier,9999-01-01,Senior Engineer
282630,Adin,Gimbel,9999-01-01,Engineer
282633,Boriana,Poulakidas,9999-01-01,Senior Engineer
282638,Sangeeta,DeMori,9999-01-01,Senior Staff
282644,Alois,Deverell,9999-01-01,Staff
282668,Kazuhira,Erol,9999-01-01,Senior Staff
282670,Becky,Nollmann,9999-01-01,Senior Engineer
282683,Danny,Biran,9999-01-01,Senior Staff
282705,Piyush,Pulkowski,9999-01-01,Senior Engineer
282707,Mrinalini,Thombley,9999-01-01,Senior Engineer
282713,Sedat,Hertweck,9999-01-01,Engineer
282743,Becky,Paludetto,9999-01-01,Staff
282753,Tonia,Ghandeharizadeh,9999-01-01,Staff
282764,Marjo,Tokunaga,9999-01-01,Staff
282776,Kenroku,Angelopoulos,9999-01-01,Staff
282789,Sudhanshu,Kragelund,9999-01-01,Engineer
282792,Iara,Luff,9999-01-01,Senior Staff
282801,Tua,Plump,9999-01-01,Senior Engineer
282810,Zeljko,Merks,9999-01-01,Senior Staff
282817,Kazuhito,Kilgore,9999-01-01,Senior Staff
282820,Leucio,Pietracaprina,9999-01-01,Engineer
282824,Cordelia,Luon,9999-01-01,Senior Engineer
282834,Bodo,Reeken,9999-01-01,Senior Staff
282838,Toong,Adachi,9999-01-01,Staff
282841,Alejandra,Schwabacher,9999-01-01,Senior Staff
282861,Masami,Paludetto,9999-01-01,Senior Staff
282876,Aloke,Standera,9999-01-01,Staff
282893,Shugo,Azevdeo,9999-01-01,Senior Staff
282899,Poorav,Veldwijk,9999-01-01,Senior Engineer
282905,Dayanand,Escriba,9999-01-01,Senior Staff
282909,Demin,Schapire,9999-01-01,Engineer
282915,Apostol,Iacovou,9999-01-01,Engineer
282917,Leszek,Seghrouchni,9999-01-01,Senior Engineer
282923,Constantine,Zschoche,9999-01-01,Engineer
282928,Aleksandar,Beilner,9999-01-01,Senior Staff
282931,Visit,Ghandeharizadeh,9999-01-01,Senior Engineer
282943,Ziyad,Feldmann,9999-01-01,Senior Staff
282968,Baoqiu,Picci,9999-01-01,Staff
282979,Shen,Steinauer,9999-01-01,Engineer
283003,Kotesh,Pollock,9999-01-01,Senior Staff
283009,Mitchel,Erde,9999-01-01,Senior Staff
283017,Wuxu,Beeson,9999-01-01,Senior Staff
283019,Narain,Aingworth,9999-01-01,Senior Engineer
283022,Doowon,Chenney,9999-01-01,Senior Engineer
283026,Khaled,Hegner,9999-01-01,Engineer
283027,Radoslaw,Parfitt,9999-01-01,Senior Engineer
283048,Akeno,Ruemmler,9999-01-01,Assistant Engineer
283050,Juichirou,Kusalik,9999-01-01,Senior Staff
283052,Fumitake,Tempesti,9999-01-01,Engineer
283059,Kshitij,Bade,9999-01-01,Senior Engineer
283062,Fun,Naumovich,9999-01-01,Senior Engineer
283070,Mark,Radivojevic,9999-01-01,Staff
283071,Limsoon,Yeung,9999-01-01,Senior Engineer
283079,Lubomir,Kitai,9999-01-01,Senior Staff
283082,Shahab,Vendrig,9999-01-01,Assistant Engineer
283088,Hiroyasu,Schwartzburd,9999-01-01,Engineer
283096,Khosrow,Azulay,9999-01-01,Senior Staff
283106,Ortrud,Munos,9999-01-01,Senior Staff
283110,Akeel,Leuchs,9999-01-01,Senior Engineer
283123,Youssef,Highland,9999-01-01,Technique Leader
283125,Rimli,Gire,9999-01-01,Technique Leader
283153,Kwangjo,Klyachko,9999-01-01,Staff
283156,Jacopo,Trogemann,9999-01-01,Staff
283160,Marsha,Furedi,9999-01-01,Staff
283185,Fabrizio,Schapire,9999-01-01,Engineer
283198,Serenella,Ranon,9999-01-01,Senior Engineer
283199,Mitchel,Gadepally,9999-01-01,Staff
283209,Abdelghani,Seiwald,9999-01-01,Staff
283215,Mabo,Chelton,9999-01-01,Senior Engineer
283224,Sanjiv,Berztiss,9999-01-01,Engineer
283225,Ult,Duclos,9999-01-01,Staff
283227,Nagui,Sullins,9999-01-01,Staff
283230,Radhia,Krupka,9999-01-01,Staff
283237,Yinlin,Erdmenger,9999-01-01,Engineer
283243,Christoph,Kolinko,9999-01-01,Senior Engineer
283245,Huei,Beidas,9999-01-01,Senior Staff
283262,Chrisa,Cullers,9999-01-01,Senior Staff
283270,Val,Bade,9999-01-01,Senior Engineer
283289,Yechezkel,Akaboshi,9999-01-01,Senior Staff
283292,Shaowei,Krogh,9999-01-01,Engineer
283303,Domenick,Baez,9999-01-01,Senior Staff
283306,Kendra,Giaccio,9999-01-01,Assistant Engineer
283315,Make,Chimia,9999-01-01,Senior Engineer
283320,Eben,Cyre,9999-01-01,Staff
283323,Masami,Wiegley,9999-01-01,Senior Engineer
283337,TRUE,Bernatsky,9999-01-01,Engineer
283349,Elgin,Zolotykh,9999-01-01,Senior Engineer
283356,Ingemar,Zirintsis,9999-01-01,Senior Engineer
283375,Jovan,Pauthner,9999-01-01,Staff
283382,Guozhong,Kleiser,9999-01-01,Senior Engineer
283393,Gladys,Fraisse,9999-01-01,Engineer
283400,Shim,Polupanov,9999-01-01,Senior Staff
283406,Zongyan,Leaver,9999-01-01,Engineer
283409,Khalid,Pramanik,9999-01-01,Staff
283415,Serap,Melski,9999-01-01,Engineer
283427,Iara,Heydon,9999-01-01,Senior Engineer
283428,Ramachenga,Peot,9999-01-01,Staff
283429,Odoardo,Narlikar,9999-01-01,Engineer
283435,Takahiro,Schmezko,9999-01-01,Staff
283438,Heekeun,Nastansky,9999-01-01,Engineer
283442,Mohit,Cincotta,9999-01-01,Staff
283454,Debatosh,Massonet,9999-01-01,Staff
283486,Mokhtar,Kampfer,9999-01-01,Engineer
283496,Kenroku,Flasterstein,9999-01-01,Senior Staff
283515,Sverrir,Naudin,9999-01-01,Senior Staff
283529,Lucien,Ertl,9999-01-01,Senior Staff
283536,Yongqiao,Marwedel,9999-01-01,Engineer
283538,Lakshmi,Luders,9999-01-01,Technique Leader
283557,Hironobu,Teitelbaum,9999-01-01,Staff
283559,Odoardo,Solovay,9999-01-01,Senior Staff
283568,Abdulla,Zallocco,9999-01-01,Senior Staff
283601,Uno,Cunliffe,9999-01-01,Senior Engineer
283602,Jixiang,Rodham,9999-01-01,Engineer
283642,Mayuri,Hasenauer,9999-01-01,Senior Engineer
283649,Maren,Frolund,9999-01-01,Senior Engineer
283653,Neelam,Camurati,9999-01-01,Staff
283673,Tadanori,Litecky,9999-01-01,Engineer
283691,Licheng,Reinhart,9999-01-01,Senior Engineer
283698,Frazer,Delgrossi,9999-01-01,Staff
283724,Phuoc,Suri,9999-01-01,Senior Engineer
283740,Stella,Selenyi,9999-01-01,Staff
283757,Tonia,Bennet,9999-01-01,Senior Engineer
283762,Mitchel,Yetto,9999-01-01,Senior Staff
283768,Mayuri,Boreale,9999-01-01,Staff
283770,Takahira,Bale,9999-01-01,Senior Engineer
283777,Nectarios,Sridhar,9999-01-01,Engineer
283789,Navid,Piveteau,9999-01-01,Senior Staff
283804,Aran,Koprowski,9999-01-01,Senior Engineer
283805,Yechezkel,Kroha,9999-01-01,Senior Engineer
283810,Conor,Maliniak,9999-01-01,Technique Leader
283821,Jianwen,Schicker,9999-01-01,Assistant Engineer
283826,Yahiko,Kaelbling,9999-01-01,Engineer
283829,Along,Niizuma,9999-01-01,Senior Staff
283830,Martina,Marwedel,9999-01-01,Senior Staff
283833,Nikolaos,Etalle,9999-01-01,Senior Engineer
283840,Shuzo,Menyhert,9999-01-01,Assistant Engineer
283847,Fai,Barriga,9999-01-01,Senior Staff
283848,Zeydy,Baaz,9999-01-01,Senior Engineer
283854,Richara,Aloisi,9999-01-01,Senior Staff
283855,Yuchang,Klassen,9999-01-01,Assistant Engineer
283862,Martijn,Wroclawski,9999-01-01,Staff
283871,Geraldo,Porotnikoff,9999-01-01,Staff
283899,Tsutomu,Salvesen,9999-01-01,Engineer
283900,Shaunak,Gist,9999-01-01,Assistant Engineer
283920,Tomoyuki,Demian,9999-01-01,Staff
283925,Adit,Selvestrel,9999-01-01,Senior Staff
283934,Boutros,Emden,9999-01-01,Engineer
283948,Mats,Vanwelkenhuysen,9999-01-01,Staff
283949,Ioana,Kroft,9999-01-01,Staff
283950,Danco,Esposito,9999-01-01,Engineer
283959,Heather,Comyn,9999-01-01,Senior Engineer
283972,Kwangho,Kenevan,9999-01-01,Senior Engineer
283980,Shahab,Herbst,9999-01-01,Engineer
283988,Dhritiman,Swen,9999-01-01,Staff
283991,Leon,Conia,9999-01-01,Senior Staff
284010,Maia,Danley,9999-01-01,Senior Engineer
284028,Gererd,Engberts,9999-01-01,Senior Staff
284056,Tze,Ambroszkiewicz,9999-01-01,Engineer
284067,Radhika,Gruenwald,9999-01-01,Senior Engineer
284073,Kazunori,Marakhovsky,9999-01-01,Engineer
284081,Deniz,Kampfer,9999-01-01,Staff
284087,Anoosh,Sullins,9999-01-01,Senior Engineer
284088,Katsuyuki,DasSarma,9999-01-01,Assistant Engineer
284091,Jianhua,Kranzdorf,9999-01-01,Staff
284099,Masali,Gluchowski,9999-01-01,Senior Engineer
284108,Jinxi,Kalloufi,9999-01-01,Senior Engineer
284118,Toshimo,Lorho,9999-01-01,Senior Engineer
284146,Jouni,Peot,9999-01-01,Engineer
284152,Katsuyuki,Acton,9999-01-01,Engineer
284155,Xiping,Puppe,9999-01-01,Engineer
284156,Nechama,Ananiadou,9999-01-01,Senior Engineer
284163,JoAnna,Cromarty,9999-01-01,Engineer
284178,Zejun,Lung,9999-01-01,Senior Engineer
284184,Sahrah,Pero,9999-01-01,Senior Staff
284195,Mona,Bouloucos,9999-01-01,Senior Staff
284196,Parto,Krichel,9999-01-01,Senior Engineer
284198,Fei,Miake,9999-01-01,Senior Staff
284203,Subhankar,Weisert,9999-01-01,Staff
284204,Uli,Lienhardt,9999-01-01,Staff
284205,Valter,Falco,9999-01-01,Engineer
284210,Dante,Weisert,9999-01-01,Senior Engineer
284228,Fuqing,Pelc,9999-01-01,Staff
284234,Yongmin,Rullman,9999-01-01,Staff
284243,Pohua,Chorvat,9999-01-01,Technique Leader
284248,Uta,Thimonier,9999-01-01,Senior Staff
284250,Munehiko,Baby,9999-01-01,Senior Staff
284253,Shrikanth,Papsdorf,9999-01-01,Senior Engineer
284264,Kayoko,Jarecki,9999-01-01,Senior Engineer
284265,Christoph,Lubachevsky,9999-01-01,Senior Staff
284278,Katsuyuki,Leppanen,9999-01-01,Senior Staff
284304,Nirmal,Malabarba,9999-01-01,Engineer
284306,Katsuyuki,Birrer,9999-01-01,Senior Engineer
284334,Alper,Stifter,9999-01-01,Technique Leader
284336,Yechiam,Gornas,9999-01-01,Senior Engineer
284359,Shaowen,Warwick,9999-01-01,Staff
284360,Kwun,Sommen,9999-01-01,Technique Leader
284385,Xiaocheng,Marletta,9999-01-01,Staff
284386,Kinh,Slobodova,9999-01-01,Senior Staff
284391,Berto,Bennet,9999-01-01,Technique Leader
284393,Ronghao,Passafiume,9999-01-01,Engineer
284394,Collette,Fontet,9999-01-01,Engineer
284411,TRUE,Lorin,9999-01-01,Senior Engineer
284423,Sudharsan,Szmurlo,9999-01-01,Senior Staff
284449,Berna,McFarlin,9999-01-01,Staff
284454,Ravishankar,Leppanen,9999-01-01,Engineer
284457,Eric,Luders,9999-01-01,Senior Staff
284459,Souichi,Waeselynck,9999-01-01,Senior Engineer
284465,Aria,Rosiles,9999-01-01,Engineer
284474,Mona,Petersohn,9999-01-01,Staff
284492,Armond,Birsak,9999-01-01,Staff
284516,Anyuan,Borstler,9999-01-01,Senior Engineer
284529,Berry,Danlos,9999-01-01,Senior Engineer
284530,Almudena,Borstler,9999-01-01,Senior Engineer
284538,Joydip,Leaver,9999-01-01,Engineer
284546,Sadok,Ouhyoung,9999-01-01,Senior Engineer
284559,Danny,Sooriamurthi,9999-01-01,Senior Engineer
284560,Adin,Valiente,9999-01-01,Staff
284572,Piyush,Luan,9999-01-01,Staff
284573,Fei,Siksek,9999-01-01,Senior Engineer
284579,Paddy,Kambil,9999-01-01,Staff
284580,Sreenivas,Quittner,9999-01-01,Engineer
284582,Cullen,Gils,9999-01-01,Senior Staff
284584,Suvo,Wegerle,9999-01-01,Senior Engineer
284587,Basil,Siegrist,9999-01-01,Senior Engineer
284589,Ult,Kaiserswerth,9999-01-01,Staff
284592,Angus,Montresor,9999-01-01,Staff
284593,Torsten,Merks,9999-01-01,Senior Staff
284594,Sahrah,Rouquie,9999-01-01,Senior Staff
284602,Bojan,Champarnaud,9999-01-01,Senior Staff
284603,Zijian,Besselaar,9999-01-01,Senior Staff
284617,Zhanqiu,Pell,9999-01-01,Engineer
284622,Deborah,Worfolk,9999-01-01,Senior Staff
284627,Werner,Itzfeldt,9999-01-01,Staff
284631,Alois,Kieras,9999-01-01,Senior Staff
284635,Hongzhu,Rodite,9999-01-01,Engineer
284637,Odoardo,Avouris,9999-01-01,Staff
284652,Pranas,Compeau,9999-01-01,Senior Engineer
284654,Becky,Decleir,9999-01-01,Technique Leader
284655,Mohd,Nanard,9999-01-01,Senior Staff
284657,Ipke,Chaudhury,9999-01-01,Senior Staff
284662,Mrinalini,Schahn,9999-01-01,Staff
284669,Genevieve,Tagansky,9999-01-01,Engineer
284674,Krassimir,Monarch,9999-01-01,Senior Staff
284696,Rasikan,Basart,9999-01-01,Staff
284705,Gila,Anandan,9999-01-01,Senior Engineer
284714,Sadok,Mitchem,9999-01-01,Engineer
284720,Heping,Falster,9999-01-01,Senior Staff
284728,Aris,Legleitner,9999-01-01,Senior Staff
284730,Harngdar,Constantine,9999-01-01,Staff
284746,Torsten,Dusink,9999-01-01,Senior Staff
284748,Jayson,Ozeki,9999-01-01,Senior Staff
284752,Aemilian,Schaad,9999-01-01,Senior Staff
284758,Odoardo,Krichel,9999-01-01,Senior Staff
284762,Chinho,Akiyama,9999-01-01,Engineer
284783,Shahab,Assaf,9999-01-01,Engineer
284786,Wojceich,Piveteau,9999-01-01,Senior Staff
284802,Dinkar,Heystek,9999-01-01,Staff
284809,Tru,Danner,9999-01-01,Engineer
284818,Aron,Lortz,9999-01-01,Senior Engineer
284830,Stafford,Luff,9999-01-01,Senior Staff
284834,Doowon,Rohrbach,9999-01-01,Senior Staff
284847,Shugo,Seghrouchni,9999-01-01,Senior Engineer
284851,Valter,Genther,9999-01-01,Engineer
284859,Alassane,Krogh,9999-01-01,Engineer
284874,Vidar,Langford,9999-01-01,Assistant Engineer
284876,Kwun,Lorys,9999-01-01,Assistant Engineer
284883,Pohua,Marrevee,9999-01-01,Senior Engineer
284896,Tsuneo,Mateescu,9999-01-01,Engineer
284905,Bingning,Koshino,9999-01-01,Senior Engineer
284910,Uwe,Streng,9999-01-01,Senior Staff
284935,Shaw,Sadowski,9999-01-01,Technique Leader
284947,Martial,Vidal,9999-01-01,Senior Staff
284965,Kristof,Camurati,9999-01-01,Senior Engineer
284978,Toong,Conta,9999-01-01,Senior Staff
284990,Froduald,Theuretzbacher,9999-01-01,Senior Staff
284991,Morris,Reeken,9999-01-01,Senior Staff
284992,Toshiki,Schaft,9999-01-01,Engineer
285002,Turgut,Ranai,9999-01-01,Engineer
285015,Gudjon,Tetzlaff,9999-01-01,Engineer
285017,Hideyuki,Tibblin,9999-01-01,Engineer
285025,Otmar,Kuszyk,9999-01-01,Senior Staff
285057,Georgi,Edelhoff,9999-01-01,Senior Engineer
285061,Babette,Baja,9999-01-01,Senior Staff
285065,Adas,Hitomi,9999-01-01,Senior Engineer
285077,Berna,Hofman,9999-01-01,Engineer
285085,Jouni,Rosch,9999-01-01,Senior Engineer
285087,Masako,Badache,9999-01-01,Senior Staff
285097,Serap,Shiratori,9999-01-01,Staff
285106,Cedric,Siepmann,9999-01-01,Senior Engineer
285127,Marla,Lindenbaum,9999-01-01,Senior Staff
285137,Bluma,Ohori,9999-01-01,Engineer
285146,Sachio,Birke,9999-01-01,Staff
285150,Zejun,Chinal,9999-01-01,Staff
285158,Manton,Feldhoffer,9999-01-01,Senior Staff
285161,Lihong,Sommer,9999-01-01,Senior Engineer
285165,Peer,Rajcani,9999-01-01,Engineer
285178,Valdiodio,Stanfel,9999-01-01,Engineer
285189,Yongqiao,Roccetti,9999-01-01,Senior Engineer
285193,Ayakannu,Luga,9999-01-01,Senior Staff
285203,Domenick,Hasenauer,9999-01-01,Senior Staff
285207,Charmane,Seuren,9999-01-01,Senior Engineer
285216,Maria,Motley,9999-01-01,Technique Leader
285223,Alois,Pusterhofer,9999-01-01,Senior Engineer
285226,Adib,Schonegge,9999-01-01,Senior Engineer
285237,Barun,Sgarro,9999-01-01,Technique Leader
285243,Lakshmi,Vieth,9999-01-01,Staff
285244,Suvo,Kaelbling,9999-01-01,Senior Staff
285256,Ayonca,Brendel,9999-01-01,Senior Engineer
285268,Berto,Valtorta,9999-01-01,Engineer
285271,Marjo,Esteva,9999-01-01,Senior Engineer
285272,Herbert,Aseltine,9999-01-01,Senior Staff
285294,Sorina,Kitai,9999-01-01,Senior Engineer
285297,Huai,Czap,9999-01-01,Engineer
285308,Domenico,Miake,9999-01-01,Senior Staff
285326,Adit,Chenney,9999-01-01,Staff
285331,Kagan,Winter,9999-01-01,Senior Engineer
285342,Nevio,Velasco,9999-01-01,Engineer
285345,Gennady,Peak,9999-01-01,Engineer
285348,Jianhui,Bardell,9999-01-01,Senior Engineer
285393,Carrsten,Kaelbling,9999-01-01,Staff
285400,Aluzio,Pollock,9999-01-01,Senior Engineer
285416,Pranav,Nivat,9999-01-01,Staff
285417,Taizo,Talmor,9999-01-01,Staff
285429,Amabile,Kavvadias,9999-01-01,Engineer
285437,Toshiko,Jumpertz,9999-01-01,Senior Staff
285442,Christoph,Benaini,9999-01-01,Staff
285470,Gill,Turnbull,9999-01-01,Senior Staff
285491,Oguz,Conia,9999-01-01,Staff
285494,Goncalo,Reeker,9999-01-01,Engineer
285513,Adin,Kamber,9999-01-01,Technique Leader
285514,Bikash,Azevdeo,9999-01-01,Senior Staff
285523,Woody,Picco,9999-01-01,Engineer
285524,Anoosh,Gimbel,9999-01-01,Senior Staff
285534,Tran,Kulisch,9999-01-01,Senior Staff
285551,Zita,Erie,9999-01-01,Senior Staff
285554,Ziyad,Brandsma,9999-01-01,Senior Staff
285559,Sanjai,Boguraev,9999-01-01,Staff
285560,Shigehito,Barinka,9999-01-01,Senior Engineer
285564,Niteen,Schwartzbauer,9999-01-01,Senior Staff
285565,Shigeaki,Schonegge,9999-01-01,Engineer
285572,Huiqun,Monarch,9999-01-01,Engineer
285592,Kensyu,Beeson,9999-01-01,Senior Staff
285609,Tetsushi,Uludag,9999-01-01,Senior Staff
285622,Venkatesan,Speek,9999-01-01,Staff
285623,Kenroku,Haraldson,9999-01-01,Staff
285627,Dzung,Foong,9999-01-01,Senior Staff
285637,Surveyors,Crelier,9999-01-01,Senior Staff
285641,Naraig,Reghbati,9999-01-01,Senior Staff
285643,Dulce,Rusterholz,9999-01-01,Assistant Engineer
285644,Duri,Schnelling,9999-01-01,Engineer
285649,Gian,Ranai,9999-01-01,Engineer
285652,Tomokazu,Gewali,9999-01-01,Engineer
285654,Ashish,Haldar,9999-01-01,Senior Engineer
285659,Mabhin,Lorys,9999-01-01,Senior Staff
285661,Spyrose,Beilner,9999-01-01,Senior Staff
285663,Chriss,Giveon,9999-01-01,Senior Staff
285664,Satyanarayana,Nannarelli,9999-01-01,Engineer
285673,Arnould,Chaudhury,9999-01-01,Technique Leader
285675,Deborah,Orsini,9999-01-01,Senior Staff
285677,Tsutomu,Luke,9999-01-01,Engineer
285680,Younwoo,Lieberherr,9999-01-01,Senior Engineer
285688,Xinan,Itzfeldt,9999-01-01,Senior Staff
285722,Shrikanth,Dratva,9999-01-01,Engineer
285728,Charlene,Papastamatiou,9999-01-01,Staff
285741,Kitty,Raney,9999-01-01,Staff
285743,Gretta,DasSarma,9999-01-01,Engineer
285747,Berry,Zuberek,9999-01-01,Engineer
285749,Terresa,Jeong,9999-01-01,Engineer
285758,Maha,Ritzmann,9999-01-01,Engineer
285765,Sivanarayana,Showalter,9999-01-01,Senior Staff
285766,Hsiangchu,Auyong,9999-01-01,Senior Engineer
285781,Hein,Picaronny,9999-01-01,Staff
285782,Jaideep,Bultermann,9999-01-01,Engineer
285786,Toshiko,Emden,9999-01-01,Senior Engineer
285789,Uli,Welham,9999-01-01,Staff
285800,Barry,Gargeya,9999-01-01,Engineer
285803,Almudena,Hertweck,9999-01-01,Senior Staff
285819,Arno,Petersohn,9999-01-01,Staff
285829,Jeanne,Henders,9999-01-01,Senior Staff
285867,Barna,Pashtan,9999-01-01,Senior Engineer
285874,Reuven,Clouatre,9999-01-01,Senior Engineer
285928,Martien,Kornyak,9999-01-01,Staff
285934,Zhilian,Antonakopoulos,9999-01-01,Staff
285938,Serenella,Hiraishi,9999-01-01,Senior Staff
285961,Tristan,Aloisi,9999-01-01,Staff
285968,Herbert,Koblitz,9999-01-01,Senior Staff
285986,Maia,Erez,9999-01-01,Senior Staff
285987,Rildo,Hanabata,9999-01-01,Senior Engineer
286000,Tonny,Eugenio,9999-01-01,Staff
286004,Sachem,Schiper,9999-01-01,Engineer
286016,Shigehito,Peha,9999-01-01,Staff
286017,Udo,Benantar,9999-01-01,Staff
286023,Takahito,Tasistro,9999-01-01,Senior Engineer
286032,Abdulla,Hempstead,9999-01-01,Staff
286049,KayLiang,Kading,9999-01-01,Senior Engineer
286057,Bezalel,Stellhorn,9999-01-01,Engineer
286072,Christophe,Luit,9999-01-01,Senior Staff
286076,Mary,Callaway,9999-01-01,Senior Staff
286084,Adil,Swist,9999-01-01,Staff
286085,Hyuncheol,Muniz,9999-01-01,Engineer
286090,Shaw,Sewelson,9999-01-01,Senior Staff
286097,Matk,Kusalik,9999-01-01,Staff
286110,Khedija,Bazelow,9999-01-01,Engineer
286117,Horward,Suri,9999-01-01,Engineer
286120,Etsuo,Farris,9999-01-01,Senior Engineer
286128,Eckart,Mitsuhashi,9999-01-01,Staff
286144,Rutger,Birke,9999-01-01,Technique Leader
286157,Claude,Rosenbaum,9999-01-01,Engineer
286165,Ghassan,Maierhofer,9999-01-01,Senior Staff
286169,Fuqing,Chleq,9999-01-01,Engineer
286171,Zhensheng,Hettesheimer,9999-01-01,Senior Staff
286195,Karlis,Hofting,9999-01-01,Staff
286206,King,Ulupinar,9999-01-01,Engineer
286210,Venkatesan,Marrevee,9999-01-01,Staff
286218,Yoshimitsu,Decleir,9999-01-01,Engineer
286219,Gita,Rehfuss,9999-01-01,Senior Staff
286221,Shahaf,Figueira,9999-01-01,Senior Staff
286247,Vasilis,Sambasivam,9999-01-01,Staff
286249,Jeong,Blokdijk,9999-01-01,Staff
286260,Suvo,Plotkin,9999-01-01,Engineer
286262,Surveyors,Hiroyama,9999-01-01,Engineer
286288,Fayez,Huhdanpaa,9999-01-01,Senior Engineer
286292,Make,Eterovic,9999-01-01,Senior Engineer
286319,Baziley,Quaggetto,9999-01-01,Assistant Engineer
286334,Alenka,Sridhar,9999-01-01,Engineer
286347,Maya,Reistad,9999-01-01,Senior Engineer
286362,Ramalingam,Chaudhury,9999-01-01,Senior Engineer
286363,Brigham,Tsukuda,9999-01-01,Assistant Engineer
286374,Subbu,Buchter,9999-01-01,Engineer
286402,Giordano,Uehara,9999-01-01,Staff
286412,Adas,Bresenham,9999-01-01,Senior Engineer
286413,DAIDA,Manderick,9999-01-01,Engineer
286418,Tomokazu,Daescu,9999-01-01,Senior Staff
286423,Dietrich,Flanders,9999-01-01,Staff
286429,Gina,Acton,9999-01-01,Senior Staff
286435,Zvonko,Cronan,9999-01-01,Senior Staff
286439,Weicheng,Pfau,9999-01-01,Engineer
286440,Aleksandar,Huttel,9999-01-01,Engineer
286447,Alper,Schaft,9999-01-01,Senior Engineer
286449,Randi,Khalid,9999-01-01,Senior Engineer
286450,Basem,Fadgyas,9999-01-01,Staff
286467,Ult,Molberg,9999-01-01,Staff
286473,Saniya,Azadmanesh,9999-01-01,Senior Engineer
286477,Kazuhiro,Speel,9999-01-01,Staff
286485,Heeju,Wiegley,9999-01-01,Senior Staff
286489,Fumiko,Arlazarov,9999-01-01,Engineer
286490,Gill,Ranai,9999-01-01,Engineer
286493,Uma,Ciolek,9999-01-01,Technique Leader
286502,Margo,Barbanera,9999-01-01,Senior Staff
286503,Sigeru,Kaelbling,9999-01-01,Staff
286515,Debaprosad,Soicher,9999-01-01,Assistant Engineer
286526,Ulises,Dengi,9999-01-01,Engineer
286532,Paris,Codenie,9999-01-01,Staff
286534,Yonghoan,Eastman,9999-01-01,Assistant Engineer
286550,Ghassan,Furudate,9999-01-01,Engineer
286555,Muneo,Sichman,9999-01-01,Senior Staff
286558,Waiman,Gubsky,9999-01-01,Staff
286562,Reuven,Azevdeo,9999-01-01,Senior Staff
286583,Khue,Klassen,9999-01-01,Engineer
286589,Gill,Coombs,9999-01-01,Staff
286590,Aral,Androutsos,9999-01-01,Senior Engineer
286598,Yuuichi,Rissland,9999-01-01,Engineer
286607,Gianluca,Reeker,9999-01-01,Technique Leader
286615,Lokesh,Eterovic,9999-01-01,Staff
286632,Bingning,Ghemri,9999-01-01,Staff
286634,Halsur,Underwood,9999-01-01,Staff
286635,Ger,Serna,9999-01-01,Senior Staff
286636,Cordelia,Leivant,9999-01-01,Technique Leader
286638,Srinidhi,Malinowski,9999-01-01,Staff
286646,Martien,Peres,9999-01-01,Senior Engineer
286678,Tadanori,Oxenboll,9999-01-01,Staff
286683,Katsuyuki,Decaestecker,9999-01-01,Staff
286696,Sachio,DuCasse,9999-01-01,Senior Staff
286697,Ult,Melter,9999-01-01,Senior Staff
286702,Chiranjit,Gischer,9999-01-01,Senior Staff
286729,Kellyn,Besancenot,9999-01-01,Senior Staff
286733,Shem,Crouzet,9999-01-01,Staff
286745,Baziley,Rajcani,9999-01-01,Staff
286755,Limsoon,Kusalik,9999-01-01,Engineer
286760,Sadun,Escriba,9999-01-01,Senior Engineer
286771,Make,Alblas,9999-01-01,Senior Engineer
286777,Garnet,Demos,9999-01-01,Staff
286781,Vesna,Roccetti,9999-01-01,Staff
286790,Snehasis,Diderrich,9999-01-01,Engineer
286795,Tayeb,Luca,9999-01-01,Senior Staff
286811,Radhia,Porenta,9999-01-01,Staff
286827,Yunming,Merey,9999-01-01,Senior Staff
286832,Dharmaraja,Sadowsky,9999-01-01,Senior Staff
286836,Yagil,Roisin,9999-01-01,Engineer
286841,Hidekazu,Zobel,9999-01-01,Senior Staff
286873,Dinah,Lubachevsky,9999-01-01,Technique Leader
286875,Freyja,Wielonsky,9999-01-01,Staff
286878,Sakthirel,Otillio,9999-01-01,Staff
286893,Parke,Yurek,9999-01-01,Staff
286898,Susumu,Grabner,9999-01-01,Engineer
286902,Abdelghani,Cannata,9999-01-01,Engineer
286914,Nalini,Bierbaum,9999-01-01,Senior Staff
286921,Abdelghani,Turnbull,9999-01-01,Senior Engineer
286922,Sreenivas,Luff,9999-01-01,Senior Staff
286939,Arvin,Litzler,9999-01-01,Engineer
286982,Aksel,Ranze,9999-01-01,Senior Staff
286991,Perla,Aloisi,9999-01-01,Senior Staff
286992,Dante,Skafidas,9999-01-01,Engineer
287013,Heng,Asmuth,9999-01-01,Staff
287021,Dharmaraja,Schwaller,9999-01-01,Engineer
287022,Wilmer,Merks,9999-01-01,Staff
287033,Pradeep,Pettey,9999-01-01,Senior Staff
287042,Constantino,Schwartzbauer,9999-01-01,Engineer
287064,Kish,Ratnaker,9999-01-01,Engineer
287076,Almudena,Harnett,9999-01-01,Senior Staff
287078,Fayez,Terlouw,9999-01-01,Engineer
287088,Premsyl,Iacovou,9999-01-01,Engineer
287093,Dietrich,Leslie,9999-01-01,Engineer
287097,Sigeru,Kisuki,9999-01-01,Senior Staff
287101,Florian,Krider,9999-01-01,Engineer
287107,Gao,Benzmuller,9999-01-01,Senior Engineer
287113,Joydip,Maliniak,9999-01-01,Staff
287123,Marko,Benaini,9999-01-01,Staff
287131,Vasiliy,Ghazalie,9999-01-01,Senior Staff
287142,Cedric,McConalogue,9999-01-01,Engineer
287152,Raimond,Comte,9999-01-01,Senior Staff
287161,Gilbert,Parveen,9999-01-01,Staff
287163,Vugranam,Verhaegen,9999-01-01,Engineer
287167,Qunsheng,Toyoshima,9999-01-01,Engineer
287181,Mariusz,Schade,9999-01-01,Senior Staff
287190,Lobel,Malabarba,9999-01-01,Engineer
287196,Djelloul,Zhiwei,9999-01-01,Senior Staff
287213,Geraldo,Mellouli,9999-01-01,Staff
287218,Maris,Swen,9999-01-01,Staff
287221,Saeed,Sinitsyn,9999-01-01,Senior Engineer
287231,Yifei,Shiratori,9999-01-01,Senior Staff
287233,Heping,Murthy,9999-01-01,Engineer
287238,Yoshimitsu,Nooteboom,9999-01-01,Engineer
287245,Junsik,Angot,9999-01-01,Senior Staff
287247,Temple,Michaeli,9999-01-01,Senior Engineer
287249,Richara,Gopalakrishnan,9999-01-01,Staff
287250,Wayne,Aumann,9999-01-01,Senior Engineer
287267,Lunjin,Cummings,9999-01-01,Senior Engineer
287284,Luisa,Camarinopoulos,9999-01-01,Senior Engineer
287293,Gao,Rosch,9999-01-01,Senior Staff
287294,Aria,Vecchi,9999-01-01,Staff
287302,Shawna,Tchuente,9999-01-01,Senior Staff
287318,Nikolaos,Kossowski,9999-01-01,Engineer
287328,Ennio,Keustermans,9999-01-01,Engineer
287347,Noritoshi,Melton,9999-01-01,Staff
287356,Uinam,Delgrossi,9999-01-01,Senior Engineer
287358,Shridhar,Stanfel,9999-01-01,Engineer
287373,Mabry,Beznosov,9999-01-01,Engineer
287388,Zongyan,Mahnke,9999-01-01,Staff
287397,Martien,Pokrovskii,9999-01-01,Senior Staff
287406,Arra,Slutz,9999-01-01,Staff
287423,DAIDA,Pashtan,9999-01-01,Senior Engineer
287437,Kristinn,Salinas,9999-01-01,Senior Engineer
287439,Teunis,Radhakrishnan,9999-01-01,Staff
287446,Abdelaziz,Krichel,9999-01-01,Engineer
287462,Piyawadee,Gomatam,9999-01-01,Senior Engineer
287501,Danai,Thebaut,9999-01-01,Staff
287505,Neelam,Orlowska,9999-01-01,Senior Engineer
287507,Muneo,Plump,9999-01-01,Senior Engineer
287512,Guadalupe,Bashian,9999-01-01,Engineer
287514,Nagui,Kamber,9999-01-01,Staff
287518,Chinhyun,McConalogue,9999-01-01,Senior Staff
287519,Shunichi,Marciano,9999-01-01,Staff
287552,Idoia,Hockney,9999-01-01,Staff
287556,Sachar,Furedi,9999-01-01,Senior Staff
287585,Kwangyoen,Heinisuo,9999-01-01,Engineer
287598,Bader,Jiang,9999-01-01,Senior Staff
287604,Mong,Spieker,9999-01-01,Senior Staff
287605,Masanao,Hebden,9999-01-01,Senior Engineer
287608,Eberhardt,Picco,9999-01-01,Assistant Engineer
287613,Navid,Magalhaes,9999-01-01,Senior Staff
287624,Francesca,Ambroszkiewicz,9999-01-01,Staff
287635,Jagoda,Kamber,9999-01-01,Engineer
287640,Aria,Panienski,9999-01-01,Senior Staff
287641,Yuriy,Riexinger,9999-01-01,Engineer
287646,Otilia,Etalle,9999-01-01,Engineer
287665,Shalesh,Snyers,9999-01-01,Technique Leader
287666,Jaber,Aloia,9999-01-01,Senior Staff
287675,Mark,Baak,9999-01-01,Senior Engineer
287679,Krister,Hebert,9999-01-01,Engineer
287680,Youssef,Rande,9999-01-01,Senior Staff
287687,Francoise,Genin,9999-01-01,Engineer
287696,Jouko,Eiter,9999-01-01,Staff
287711,Amabile,Jansch,9999-01-01,Staff
287716,Babette,Molberg,9999-01-01,Staff
287717,Inderjeet,Mullainathan,9999-01-01,Engineer
287721,Nirmal,Emden,9999-01-01,Senior Staff
287723,Subhada,Fontet,9999-01-01,Staff
287761,Patricia,Pargaonkar,9999-01-01,Staff
287769,Tianruo,Dratva,9999-01-01,Staff
287776,Yuping,Tyugu,9999-01-01,Engineer
287778,Krisda,Suomi,9999-01-01,Senior Staff
287812,Anwar,Brizzi,9999-01-01,Engineer
287815,Huiqun,Rodham,9999-01-01,Senior Engineer
287824,Yechezkel,Zaccaria,9999-01-01,Technique Leader
287830,Wuxu,Sullins,9999-01-01,Senior Engineer
287837,Nobuyoshi,Businaro,9999-01-01,Senior Engineer
287838,Sailaja,Lanteri,9999-01-01,Senior Staff
287839,Teunis,Tyugu,9999-01-01,Engineer
287845,Vojin,Farrar,9999-01-01,Senior Staff
287848,Chaosheng,Stroustrup,9999-01-01,Engineer
287876,Yinlin,Hardjono,9999-01-01,Staff
287877,Duro,Trumbly,9999-01-01,Senior Engineer
287878,Masoud,Gihr,9999-01-01,Senior Engineer
287886,Boaz,Khalid,9999-01-01,Senior Staff
287900,Steve,Busillo,9999-01-01,Senior Staff
287901,Selwyn,Huxford,9999-01-01,Senior Engineer
287908,Masaki,Zirintsis,9999-01-01,Senior Engineer
287917,Barry,Rindone,9999-01-01,Senior Engineer
287947,Wanqing,Anily,9999-01-01,Senior Staff
287956,Alenka,Schwaller,9999-01-01,Staff
287966,Danel,Hainaut,9999-01-01,Engineer
287976,Aria,Huttel,9999-01-01,Engineer
287982,Stepehn,Akaboshi,9999-01-01,Assistant Engineer
287985,Uzi,Horswill,9999-01-01,Staff
287986,Conrado,Fortenbacher,9999-01-01,Engineer
287988,Mohua,Pintelas,9999-01-01,Staff
287996,Geraldo,Siprelle,9999-01-01,Engineer
288000,Oscal,Denti,9999-01-01,Staff
288004,Saeed,Templeman,9999-01-01,Assistant Engineer
288011,Naftali,Veccia,9999-01-01,Senior Engineer
288014,Nitsan,Ranft,9999-01-01,Engineer
288027,Michaela,Gide,9999-01-01,Senior Engineer
288032,Gaurav,Fontet,9999-01-01,Senior Engineer
288050,Teiji,Peek,9999-01-01,Engineer
288051,Murthy,Thibadeau,9999-01-01,Staff
288057,Alejandro,Ozeri,9999-01-01,Engineer
288074,Hugo,Rosis,9999-01-01,Senior Engineer
288075,Nectarios,Aloia,9999-01-01,Technique Leader
288099,Xiaoqiu,Huttel,9999-01-01,Senior Staff
288115,Xinyu,Bahl,9999-01-01,Senior Engineer
288136,Chiranjit,Thisen,9999-01-01,Senior Engineer
288138,Iara,Tetzlaff,9999-01-01,Staff
288144,Youngkon,Pehl,9999-01-01,Engineer
288156,Barry,Borstler,9999-01-01,Senior Staff
288161,Kellyn,Luck,9999-01-01,Staff
288168,Akeno,Juneja,9999-01-01,Senior Staff
288172,Perla,Hasham,9999-01-01,Senior Engineer
288195,Shooichi,Morrey,9999-01-01,Senior Engineer
288202,Heekeun,Yavatkar,9999-01-01,Staff
288206,Jouni,Tiemann,9999-01-01,Senior Staff
288209,Elvia,Baez,9999-01-01,Staff
288220,Kish,Kermarrec,9999-01-01,Engineer
288223,Francesca,Nollmann,9999-01-01,Senior Engineer
288234,Zhiwei,Weiland,9999-01-01,Senior Staff
288246,Candida,Klassen,9999-01-01,Senior Engineer
288265,Angus,Budinsky,9999-01-01,Senior Engineer
288274,Selwyn,Alblas,9999-01-01,Senior Staff
288301,Youjian,Marchesini,9999-01-01,Senior Staff
288304,Shan,Majewski,9999-01-01,Senior Staff
288312,Filipe,Baba,9999-01-01,Senior Engineer
288318,Tiina,Naudin,9999-01-01,Senior Engineer
288319,Srinidhi,Kaminger,9999-01-01,Staff
288322,Shahab,Bardell,9999-01-01,Senior Engineer
288332,Sibyl,Douceur,9999-01-01,Staff
288336,Shahaf,Broder,9999-01-01,Senior Engineer
288339,Godehard,Takanami,9999-01-01,Staff
288341,Aris,Koshiba,9999-01-01,Senior Engineer
288345,Tuval,Lamparter,9999-01-01,Senior Staff
288354,Owen,Georgatos,9999-01-01,Staff
288381,George,Schusler,9999-01-01,Engineer
288384,Magy,Maksimenko,9999-01-01,Engineer
288386,Insup,Hettesheimer,9999-01-01,Engineer
288403,Martina,Ossenbruggen,9999-01-01,Engineer
288430,Rafael,Shrader,9999-01-01,Staff
288456,Mariusz,Munck,9999-01-01,Senior Engineer
288485,Nigel,Rosenbaum,9999-01-01,Senior Engineer
288491,Sverrir,Moffat,9999-01-01,Senior Engineer
288511,Bezalel,Decleir,9999-01-01,Staff
288514,Dines,Potthoff,9999-01-01,Senior Engineer
288540,Uli,Camarinopoulos,9999-01-01,Engineer
288552,Xianlong,Swist,9999-01-01,Staff
288557,Ingmar,Vidya,9999-01-01,Senior Staff
288574,Fayez,Paludetto,9999-01-01,Staff
288575,Lunjin,Lindenbaum,9999-01-01,Senior Engineer
288577,Shin,Granlund,9999-01-01,Engineer
288578,Boguslaw,Birrer,9999-01-01,Senior Staff
288581,Chirstian,Granlund,9999-01-01,Senior Staff
288585,Pragnesh,Veccia,9999-01-01,Staff
288588,Aiichiro,Toyoshima,9999-01-01,Engineer
288590,Hailing,Reeken,9999-01-01,Senior Staff
288598,Gregory,Range,9999-01-01,Staff
288610,Ortrud,Zuberek,9999-01-01,Senior Engineer
288615,Florian,Merks,9999-01-01,Senior Engineer
288617,Tsutomu,Beeson,9999-01-01,Engineer
288634,Chenyi,Kobara,9999-01-01,Senior Engineer
288637,Lene,Openshaw,9999-01-01,Senior Engineer
288639,Shooichi,Rehfuss,9999-01-01,Senior Staff
288641,Xiahua,Thisen,9999-01-01,Senior Staff
288658,Giordano,Halloran,9999-01-01,Senior Staff
288681,Thodoros,Showalter,9999-01-01,Engineer
288698,Abdelwaheb,Penz,9999-01-01,Technique Leader
288705,Carrsten,Farrag,9999-01-01,Senior Engineer
288713,Guttorm,Marciano,9999-01-01,Engineer
288716,Ulises,Xiaoshan,9999-01-01,Senior Staff
288720,Lein,Leuchs,9999-01-01,Senior Engineer
288721,Ohad,Panwar,9999-01-01,Assistant Engineer
288730,Junsik,Akiyama,9999-01-01,Senior Staff
288732,Tesuro,Landherr,9999-01-01,Senior Engineer
288746,Leif,Morrin,9999-01-01,Senior Engineer
288753,Guther,Bondorf,9999-01-01,Senior Engineer
288755,Badri,Buescher,9999-01-01,Staff
288768,Khosrow,Lindenbaum,9999-01-01,Technique Leader
288776,Akeno,Baca,9999-01-01,Senior Staff
288784,Inderjeet,Matzen,9999-01-01,Engineer
288789,Alejandra,Lanphier,9999-01-01,Senior Staff
288790,Cristinel,Puppo,9999-01-01,Senior Staff
288801,Otmar,Birge,9999-01-01,Staff
288807,Houman,Yamaashi,9999-01-01,Senior Staff
288813,Licheng,Noriega,9999-01-01,Senior Staff
288847,Guenter,Kalafatis,9999-01-01,Staff
288863,Huai,Sundgren,9999-01-01,Senior Staff
288877,Niclas,Demizu,9999-01-01,Senior Staff
288880,Chuanyi,Gammage,9999-01-01,Engineer
288896,Uinam,Uludag,9999-01-01,Senior Engineer
288897,Venkatesan,Valtorta,9999-01-01,Senior Engineer
288899,Shawna,Quadeer,9999-01-01,Senior Staff
288905,Kazuhito,Biran,9999-01-01,Engineer
288925,Kiam,Giveon,9999-01-01,Staff
288942,Xiadong,Ramalingam,9999-01-01,Senior Staff
288949,Munehiro,Munoz,9999-01-01,Senior Engineer
288967,Mantis,Erbe,9999-01-01,Senior Staff
288973,Xinyu,Kaiser,9999-01-01,Senior Staff
288978,Mitsuyuki,Kuzuoka,9999-01-01,Senior Engineer
288992,Gregory,Granlund,9999-01-01,Senior Staff
289013,Quingbo,Panangaden,9999-01-01,Senior Engineer
289025,Feixiong,Fordan,9999-01-01,Staff
289032,Danny,Asrin,9999-01-01,Staff
289034,Arra,Cappelletti,9999-01-01,Engineer
289054,Youjian,Hutton,9999-01-01,Senior Engineer
289079,Xiaobin,Montemayor,9999-01-01,Engineer
289092,Mantis,Strandh,9999-01-01,Technique Leader
289097,Willard,Pews,9999-01-01,Engineer
289100,Selwyn,Marquardt,9999-01-01,Technique Leader
289103,Francesca,Openshaw,9999-01-01,Senior Engineer
289107,Holgard,Luef,9999-01-01,Senior Staff
289110,Hideo,Sudbeck,9999-01-01,Staff
289111,Jinxi,Suri,9999-01-01,Senior Staff
289114,Vidar,Gunderson,9999-01-01,Engineer
289124,Miquel,Schwartzbauer,9999-01-01,Senior Staff
289134,Uinam,Engberts,9999-01-01,Engineer
289150,Zengping,Sommen,9999-01-01,Engineer
289153,Shigeichiro,Molenaar,9999-01-01,Assistant Engineer
289154,Menkae,Fendler,9999-01-01,Engineer
289159,Yunming,Cyre,9999-01-01,Staff
289170,Taizo,Aloia,9999-01-01,Engineer
289172,Valeska,Angiulli,9999-01-01,Senior Engineer
289173,Doowon,Valtorta,9999-01-01,Senior Staff
289182,Gio,Nicolson,9999-01-01,Senior Staff
289189,Xiaocheng,Gide,9999-01-01,Staff
289220,Mang,Ranon,9999-01-01,Engineer
289232,Miyeon,Simmen,9999-01-01,Senior Staff
289278,Nechama,Luit,9999-01-01,Senior Engineer
289279,Ziva,Pelz,9999-01-01,Staff
289281,Basant,Mondadori,9999-01-01,Engineer
289285,Mohua,Miake,9999-01-01,Technique Leader
289286,Qunsheng,Heuser,9999-01-01,Senior Staff
289295,Shuzo,Barriga,9999-01-01,Senior Staff
289302,Mani,Lampe,9999-01-01,Staff
289328,Arch,Hertweck,9999-01-01,Senior Engineer
289332,Youjian,Esteva,9999-01-01,Engineer
289348,Indrajit,Jervis,9999-01-01,Staff
289350,Xudong,Kabayashi,9999-01-01,Staff
289351,Pragnesh,Plump,9999-01-01,Engineer
289353,Nikolaos,Winter,9999-01-01,Senior Staff
289356,Yuqun,Kobuchi,9999-01-01,Staff
289357,Anoosh,Marletta,9999-01-01,Senior Staff
289366,Owen,Binding,9999-01-01,Senior Engineer
289368,Yaghout,Zuberek,9999-01-01,Engineer
289388,Mrinalini,Pusterhofer,9999-01-01,Technique Leader
289393,Koichi,Schonegge,9999-01-01,Senior Engineer
289419,Kenroku,Ozeri,9999-01-01,Staff
289433,Demos,Maquelin,9999-01-01,Staff
289436,Hidekazu,Anguita,9999-01-01,Senior Engineer
289456,Kazuhisa,Neiman,9999-01-01,Engineer
289461,Sergi,Anandan,9999-01-01,Engineer
289462,Takahira,Hegner,9999-01-01,Technique Leader
289463,IEEE,Herbst,9999-01-01,Senior Staff
289477,Dung,Docker,9999-01-01,Engineer
289489,Maria,Morton,9999-01-01,Senior Engineer
289509,Deborah,Tanemo,9999-01-01,Senior Staff
289531,Vojin,Kitsuregawa,9999-01-01,Senior Staff
289543,Shmuel,Kirkerud,9999-01-01,Senior Engineer
289546,Kensei,Hasham,9999-01-01,Assistant Engineer
289554,Teruyuki,Piazza,9999-01-01,Senior Staff
289562,Chuanyi,Warwick,9999-01-01,Senior Engineer
289583,King,Rijsenbrij,9999-01-01,Technique Leader
289585,Guther,Pappas,9999-01-01,Engineer
289606,Paraskevi,Jumpertz,9999-01-01,Technique Leader
289613,Khalil,Narahara,9999-01-01,Senior Engineer
289616,Mark,Fasbender,9999-01-01,Engineer
289619,Jiafu,Mundy,9999-01-01,Senior Staff
289626,Kyoichi,Pardalos,9999-01-01,Senior Staff
289646,Gad,Bazelow,9999-01-01,Senior Engineer
289650,Teunis,Felder,9999-01-01,Senior Staff
289657,Dines,Kabayashi,9999-01-01,Senior Engineer
289669,Larisa,Litzler,9999-01-01,Staff
289674,Berto,Ranta,9999-01-01,Technique Leader
289686,Ortrun,Rajala,9999-01-01,Staff
289712,Karsten,Brookner,9999-01-01,Staff
289727,Cheong,Seuren,9999-01-01,Engineer
289732,Jayson,Hammerschmidt,9999-01-01,Senior Engineer
289736,Duri,Ghelli,9999-01-01,Senior Engineer
289744,Aruna,Ramsak,9999-01-01,Staff
289750,Guenter,Collette,9999-01-01,Staff
289756,Huei,Hegner,9999-01-01,Engineer
289759,Gladys,Detkin,9999-01-01,Engineer
289765,Kensei,Anandan,9999-01-01,Senior Engineer
289777,Margo,Lorys,9999-01-01,Engineer
289782,Kazuyasu,Redmiles,9999-01-01,Engineer
289796,Arto,Piazza,9999-01-01,Staff
289804,Khalid,Yetim,9999-01-01,Senior Engineer
289817,Karoline,Strandh,9999-01-01,Senior Engineer
289847,Leen,Wissmann,9999-01-01,Staff
289850,Boutros,Stasinski,9999-01-01,Staff
289851,Georgi,Swab,9999-01-01,Senior Staff
289862,Marin,Deverell,9999-01-01,Senior Staff
289878,Adam,Beznosov,9999-01-01,Senior Engineer
289896,Elrique,Lanphier,9999-01-01,Senior Staff
289904,Tetsurou,Bahr,9999-01-01,Staff
289950,Sudharsan,Koshino,9999-01-01,Senior Staff
289961,Kitty,Ponthieu,9999-01-01,Engineer
289970,Hyuckchul,Carrere,9999-01-01,Technique Leader
289981,Luisa,Swick,9999-01-01,Staff
289982,Gil,Erol,9999-01-01,Senior Staff
289989,Xuejia,Strehl,9999-01-01,Senior Staff
289996,Jeanne,Velardi,9999-01-01,Senior Staff
290000,Danae,Kading,9999-01-01,Senior Staff
290001,Tua,Maierhofer,9999-01-01,Senior Staff
290024,Mario,Kropatsch,9999-01-01,Staff
290035,Zine,Lieberherr,9999-01-01,Staff
290053,Xuedong,Cronin,9999-01-01,Senior Engineer
290062,Godehard,Morrow,9999-01-01,Senior Staff
290069,Guenter,Yoshimura,9999-01-01,Engineer
290083,Giap,Veevers,9999-01-01,Engineer
290108,Tomokazu,Jonsson,9999-01-01,Engineer
290121,Ingemar,Lieblein,9999-01-01,Staff
290148,Gunilla,Brendel,9999-01-01,Senior Staff
290158,Irena,Dredge,9999-01-01,Assistant Engineer
290187,Ronghao,Speek,9999-01-01,Senior Staff
290209,Valeri,Sridhar,9999-01-01,Staff
290215,Gererd,Vieri,9999-01-01,Staff
290226,Satosi,Montemayor,9999-01-01,Staff
290232,Nobuyoshi,Malabarba,9999-01-01,Senior Engineer
290251,Aemilian,Hoppenstand,9999-01-01,Engineer
290274,Nahid,Cooley,9999-01-01,Senior Staff
290287,Teiji,DuCasse,9999-01-01,Staff
290298,Ziyad,Kuszyk,9999-01-01,Engineer
290311,Serif,Godskesen,9999-01-01,Senior Staff
290329,Branimir,Luks,9999-01-01,Senior Staff
290337,Jaroslava,Soicher,9999-01-01,Senior Staff
290348,Becky,Jakobus,9999-01-01,Staff
290354,Sumali,Ramsay,9999-01-01,Senior Engineer
290357,Kasturi,Cunliffe,9999-01-01,Staff
290360,Rosita,Auyong,9999-01-01,Senior Staff
290368,Yechezkel,Pashtan,9999-01-01,Engineer
290369,Shahar,Lund,9999-01-01,Staff
290390,Xiaoqiu,Gornas,9999-01-01,Senior Engineer
290392,Chikako,Wilfing,9999-01-01,Staff
290396,Arne,Krichel,9999-01-01,Technique Leader
290418,Djenana,Uludag,9999-01-01,Technique Leader
290423,Arco,Krohn,9999-01-01,Senior Engineer
290424,Foong,Karcich,9999-01-01,Senior Engineer
290428,Supot,Flowers,9999-01-01,Senior Staff
290434,Mohan,Ferriere,9999-01-01,Staff
290436,Chenxi,Karlin,9999-01-01,Senior Staff
290437,Naftali,Oaver,9999-01-01,Engineer
290440,Ulf,Rossi,9999-01-01,Assistant Engineer
290453,Radhakrishnan,Nergos,9999-01-01,Engineer
290454,Gadiel,Malinowski,9999-01-01,Staff
290463,Candido,Fortenbacher,9999-01-01,Senior Staff
290468,Moto,Chinal,9999-01-01,Senior Engineer
290474,Vasilii,Schach,9999-01-01,Engineer
290475,Randi,Zaiane,9999-01-01,Staff
290487,Hitofumi,Carrere,9999-01-01,Senior Engineer
290503,Karsten,Setiz,9999-01-01,Senior Engineer
290505,Kien,Onuegbe,9999-01-01,Engineer
290510,Oksana,Barbanera,9999-01-01,Staff
290511,Satyanarayana,Swab,9999-01-01,Senior Staff
290514,Kien,Zedlitz,9999-01-01,Engineer
290535,Rosalie,Pashtan,9999-01-01,Engineer
290536,Kiam,Janetzko,9999-01-01,Senior Engineer
290537,Mabo,Erbe,9999-01-01,Staff
290540,Gennadi,Lyonns,9999-01-01,Staff
290544,Shahab,Pena,9999-01-01,Staff
290551,Avishai,Feldhoffer,9999-01-01,Senior Staff
290558,Franziska,Linares,9999-01-01,Staff
290561,Genki,Melter,9999-01-01,Staff
290564,Teunis,Ghandeharizadeh,9999-01-01,Senior Staff
290567,Martina,Poujol,9999-01-01,Senior Engineer
290585,Alassane,Huhdanpaa,9999-01-01,Technique Leader
290589,Jouni,Chleq,9999-01-01,Senior Staff
290593,Vojin,Msuda,9999-01-01,Senior Engineer
290602,King,Hiltgen,9999-01-01,Senior Engineer
290615,Niteen,Czaja,9999-01-01,Senior Staff
290631,Yoshinari,Vieri,9999-01-01,Senior Engineer
290636,Elvis,Tokunaga,9999-01-01,Engineer
290638,Erez,Honglei,9999-01-01,Engineer
290644,Rasikan,Daescu,9999-01-01,Senior Engineer
290647,Mandell,Velardi,9999-01-01,Senior Engineer
290654,Kerryn,Zirintsis,9999-01-01,Engineer
290672,Randi,Bultermann,9999-01-01,Senior Engineer
290680,Fei,Perelgut,9999-01-01,Senior Staff
290681,Baoqiu,Hainaut,9999-01-01,Staff
290685,Spyrose,Nations,9999-01-01,Senior Engineer
290716,Mohd,Kakkar,9999-01-01,Engineer
290720,Gunilla,Randt,9999-01-01,Senior Engineer
290732,Shen,Usery,9999-01-01,Senior Staff
290738,Ioana,Beerel,9999-01-01,Staff
290749,Ronghao,Morrey,9999-01-01,Engineer
290759,Sadok,Laventhal,9999-01-01,Senior Staff
290788,Weijing,Lundstrom,9999-01-01,Staff
290794,Fox,Pramanik,9999-01-01,Senior Engineer
290797,Feiyu,Boissier,9999-01-01,Senior Staff
290800,Shmuel,Meriste,9999-01-01,Senior Staff
290805,Noritoshi,Swift,9999-01-01,Senior Engineer
290816,Sachem,Cochrane,9999-01-01,Staff
290820,Volkmar,Poujol,9999-01-01,Technique Leader
290828,Mary,Munro,9999-01-01,Engineer
290836,Manohar,Hiroyama,9999-01-01,Senior Engineer
290850,Subhada,Stenning,9999-01-01,Senior Engineer
290856,Cedric,Cannard,9999-01-01,Staff
290857,Zeljko,Garigliano,9999-01-01,Staff
290865,Pascal,Babb,9999-01-01,Senior Staff
290869,Byong,Bazzichi,9999-01-01,Engineer
290883,Rosalyn,Melski,9999-01-01,Staff
290888,Szabolcs,Sewelson,9999-01-01,Staff
290890,Margareta,Vitiello,9999-01-01,Staff
290891,Xiaoshan,Krupka,9999-01-01,Senior Staff
290895,Serge,Badr,9999-01-01,Engineer
290903,Berto,Hettesheimer,9999-01-01,Senior Staff
290910,Frazer,Pepe,9999-01-01,Senior Staff
290911,Dinah,Zolotykh,9999-01-01,Senior Engineer
290941,Mart,Katalagarianos,9999-01-01,Engineer
290946,Abdelghani,Reutenauer,9999-01-01,Senior Staff
290981,Mona,Nooteboom,9999-01-01,Engineer
290985,Geraldo,Takanami,9999-01-01,Senior Staff
290989,Mori,Lamma,9999-01-01,Engineer
290990,Guiseppe,Bennet,9999-01-01,Senior Engineer
290995,Siddarth,Bugrara,9999-01-01,Technique Leader
291008,Takushi,Shimshoni,9999-01-01,Senior Engineer
291010,Danae,Acton,9999-01-01,Senior Staff
291011,Aron,Huxford,9999-01-01,Engineer
291030,Licheng,Guenter,9999-01-01,Senior Engineer
291050,Changho,Busillo,9999-01-01,Engineer
291052,Mark,Gargeya,9999-01-01,Senior Engineer
291059,Sanjai,Bultermann,9999-01-01,Senior Engineer
291064,Claudi,Bernini,9999-01-01,Assistant Engineer
291067,Margareta,Sanella,9999-01-01,Engineer
291068,Conor,Zaccaria,9999-01-01,Senior Staff
291070,Danil,Verhoeff,9999-01-01,Assistant Engineer
291071,Emran,Vendrig,9999-01-01,Senior Engineer
291084,Mokhtar,Reinhart,9999-01-01,Engineer
291098,Moss,Maksimenko,9999-01-01,Senior Engineer
291106,Masako,Gilg,9999-01-01,Staff
291116,Berni,Pocchiola,9999-01-01,Staff
291119,Bernice,Huxford,9999-01-01,Senior Staff
291123,Hyuckchul,Remmele,9999-01-01,Staff
291156,Aron,Rikino,9999-01-01,Staff
291164,Kasidit,Wegerle,9999-01-01,Engineer
291168,Duangkaew,Kalorkoti,9999-01-01,Senior Staff
291175,Susanne,Billawala,9999-01-01,Senior Staff
291196,Nectarios,Waleschkowski,9999-01-01,Senior Engineer
291216,Satoru,Einsfeld,9999-01-01,Senior Engineer
291217,Zhilian,Fortenbacher,9999-01-01,Staff
291222,Stafford,Mellouli,9999-01-01,Engineer
291243,Keiichiro,Pepe,9999-01-01,Staff
291245,Shahab,Lueh,9999-01-01,Staff
291250,Samphel,Kalafatis,9999-01-01,Staff
291269,Marie,Thibadeau,9999-01-01,Staff
291270,Lorien,Riefers,9999-01-01,Senior Staff
291286,Kyoichi,Speek,9999-01-01,Senior Engineer
291294,Yoshimitsu,Luby,9999-01-01,Staff
291301,Miquel,Sidje,9999-01-01,Technique Leader
291312,Oscar,Rosen,9999-01-01,Senior Engineer
291318,Vitali,Kilgour,9999-01-01,Staff
291323,Ghassan,Maksimenko,9999-01-01,Senior Staff
291324,Steen,Schwartzburd,9999-01-01,Engineer
291325,Arno,Speckmann,9999-01-01,Staff
291330,Mona,Ligten,9999-01-01,Staff
291332,Jixiang,Bugrara,9999-01-01,Senior Engineer
291333,Moie,Zumaque,9999-01-01,Senior Staff
291340,Nahum,Litzler,9999-01-01,Senior Engineer
291353,Alselm,Farrag,9999-01-01,Staff
291359,Sreekrishna,Swiler,9999-01-01,Staff
291361,Radhia,Bashian,9999-01-01,Staff
291376,Fai,Jahnichen,9999-01-01,Engineer
291380,Mohammed,Miara,9999-01-01,Staff
291385,Khun,Anandan,9999-01-01,Staff
291421,Eirik,Carrere,9999-01-01,Senior Staff
291426,Geraldo,Cooman,9999-01-01,Senior Staff
291438,Lihong,Zwicker,9999-01-01,Senior Engineer
291464,Yifei,Openshaw,9999-01-01,Engineer
291480,Kish,Fabrizio,9999-01-01,Staff
291481,Dharmaraja,Cools,9999-01-01,Technique Leader
291517,Limsoon,Zeidenstein,9999-01-01,Staff
291534,Akhilish,Paciorek,9999-01-01,Staff
291536,Chenyi,Binding,9999-01-01,Senior Staff
291537,Kitty,Ramsey,9999-01-01,Senior Staff
291580,Nidapan,Gniady,9999-01-01,Senior Engineer
291597,Kwangjo,Chinin,9999-01-01,Senior Engineer
291607,Boguslaw,Swift,9999-01-01,Staff
291637,Alejandro,Tsukuda,9999-01-01,Senior Engineer
291649,Arnould,Kruskal,9999-01-01,Senior Staff
291653,Rafael,Strehl,9999-01-01,Senior Staff
291655,Krassimir,Gulla,9999-01-01,Technique Leader
291659,Ute,Velasco,9999-01-01,Senior Engineer
291663,Mansur,Lortz,9999-01-01,Senior Engineer
291665,Rosella,Siepmann,9999-01-01,Engineer
291670,Elvia,Hopewell,9999-01-01,Engineer
291675,Dipayan,Stenning,9999-01-01,Technique Leader
291676,Alain,Constantine,9999-01-01,Engineer
291683,Denny,Masand,9999-01-01,Senior Staff
291713,Yishai,Wynblatt,9999-01-01,Staff
291715,Weiyi,Strehl,9999-01-01,Engineer
291719,Volkmar,Schade,9999-01-01,Engineer
291733,Huei,Baby,9999-01-01,Staff
291734,Serge,Heinisuo,9999-01-01,Senior Staff
291740,Tua,Bratten,9999-01-01,Senior Engineer
291756,Randi,Braunmuhl,9999-01-01,Senior Engineer
291762,Adel,Paludetto,9999-01-01,Senior Engineer
291765,Jeane,Beutelspacher,9999-01-01,Senior Staff
291788,Makato,Poupard,9999-01-01,Staff
291790,Lene,Sridhar,9999-01-01,Senior Staff
291793,Kerhong,Eickenmeyer,9999-01-01,Technique Leader
291809,Kayoko,Birge,9999-01-01,Staff
291811,Shaibal,Slaats,9999-01-01,Engineer
291813,Lakshmi,Schieder,9999-01-01,Engineer
291817,Adin,Rosca,9999-01-01,Technique Leader
291823,Masami,Scharstein,9999-01-01,Engineer
291827,Prasadram,Mamelak,9999-01-01,Engineer
291828,Susanne,Kornyak,9999-01-01,Senior Engineer
291831,Mong,Constantine,9999-01-01,Technique Leader
291832,Munenori,Cappelli,9999-01-01,Senior Staff
291840,Xiahua,Riefers,9999-01-01,Engineer
291865,Gritta,Hartvigsen,9999-01-01,Engineer
291896,Mart,Decleir,9999-01-01,Senior Engineer
291898,Ferdinand,Quittner,9999-01-01,Engineer
291908,Marek,Soloway,9999-01-01,Staff
291912,Yakichi,Miyakawa,9999-01-01,Staff
291925,Yannis,Ginneken,9999-01-01,Staff
291942,Arvind,Bresenham,9999-01-01,Staff
291956,Claude,Veldwijk,9999-01-01,Staff
291958,Anneli,Bernardinello,9999-01-01,Senior Engineer
291963,Shay,Viele,9999-01-01,Senior Engineer
291972,Shimshon,Ouhyoung,9999-01-01,Technique Leader
292011,Christoph,Klassen,9999-01-01,Senior Engineer
292020,Khosrow,Haumacher,9999-01-01,Staff
292023,Demos,Rullman,9999-01-01,Staff
292025,Weidon,Osgood,9999-01-01,Senior Engineer
292031,Bouchung,Ulupinar,9999-01-01,Technique Leader
292032,Herb,Siprelle,9999-01-01,Senior Staff
292038,Roddy,Muhling,9999-01-01,Senior Engineer
292053,Shuji,Brandsma,9999-01-01,Senior Engineer
292062,Koldo,Weisert,9999-01-01,Senior Engineer
292071,Martine,Kinley,9999-01-01,Engineer
292093,Yurij,Papsdorf,9999-01-01,Staff
292094,Chaosheng,Verhaegen,9999-01-01,Engineer
292114,Kyoichi,Boreale,9999-01-01,Senior Staff
292117,Houman,Mungall,9999-01-01,Technique Leader
292130,Mariusz,Babu,9999-01-01,Senior Staff
292141,Alassane,Ginneken,9999-01-01,Senior Staff
292148,Reinhard,Melter,9999-01-01,Senior Engineer
292168,Zhonghua,Syrzycki,9999-01-01,Staff
292177,Mohd,Sooriamurthi,9999-01-01,Staff
292183,Shahar,Akiyama,9999-01-01,Senior Staff
292194,Lein,Hanratty,9999-01-01,Senior Engineer
292198,Geoff,Gien,9999-01-01,Senior Staff
292201,Aris,Varman,9999-01-01,Technique Leader
292212,Doowon,Improta,9999-01-01,Staff
292219,Dharmaraja,Deyuan,9999-01-01,Senior Staff
292244,Yinlin,Rettelbach,9999-01-01,Senior Engineer
292254,Hiroyasu,Lindqvist,9999-01-01,Engineer
292281,Lakshmi,Bardell,9999-01-01,Staff
292290,Qunsheng,Heyers,9999-01-01,Senior Staff
292298,Leon,Motley,9999-01-01,Senior Staff
292301,Maris,Barbanera,9999-01-01,Assistant Engineer
292313,Shushma,Baaleh,9999-01-01,Senior Staff
292314,Shay,Roohalamini,9999-01-01,Engineer
292322,Adamantios,Colorni,9999-01-01,Staff
292331,Aamod,Vesna,9999-01-01,Engineer
292340,Leucio,Openshaw,9999-01-01,Senior Staff
292353,Jingling,Dehkordi,9999-01-01,Engineer
292371,Danil,Stanfel,9999-01-01,Engineer
292378,Mang,Harllee,9999-01-01,Staff
292382,Remmert,Zallocco,9999-01-01,Senior Staff
292383,Gererd,Salverda,9999-01-01,Senior Staff
292394,Debaprosad,Rosis,9999-01-01,Senior Engineer
292400,Florian,Lamba,9999-01-01,Technique Leader
292413,Kristian,Belinskaya,9999-01-01,Engineer
292419,Werner,Antonisse,9999-01-01,Senior Staff
292432,Fumino,Muhlberg,9999-01-01,Senior Staff
292457,Josyula,Erev,9999-01-01,Engineer
292458,Akeno,Armand,9999-01-01,Senior Staff
292464,Gennady,Choobineh,9999-01-01,Senior Engineer
292466,Panayotis,Pashtan,9999-01-01,Staff
292476,Martien,Schwartzburd,9999-01-01,Senior Staff
292488,Candida,Bale,9999-01-01,Assistant Engineer
292494,Adhemar,Kinley,9999-01-01,Assistant Engineer
292499,Takahira,Mayerwieser,9999-01-01,Senior Staff
292506,Nahum,Tchuente,9999-01-01,Senior Engineer
292507,Feiyu,Jakobus,9999-01-01,Technique Leader
292519,Josyula,Angel,9999-01-01,Senior Engineer
292524,Gladys,Dayang,9999-01-01,Engineer
292532,Mokhtar,Honglei,9999-01-01,Engineer
292533,Zine,Muchinsky,9999-01-01,Senior Staff
292546,Nectarios,Zastre,9999-01-01,Technique Leader
292554,Steen,Heuser,9999-01-01,Staff
292576,Kiam,Ulupinar,9999-01-01,Staff
292578,Berhard,Fujisawa,9999-01-01,Senior Staff
292582,Nirmal,Bugrara,9999-01-01,Senior Engineer
292598,Hiroyasu,Litecky,9999-01-01,Senior Engineer
292600,Margo,Schlumberger,9999-01-01,Staff
292605,Hatem,Picaronny,9999-01-01,Senior Engineer
292612,Lihong,Katalagarianos,9999-01-01,Assistant Engineer
292618,Abdelkader,Salverda,9999-01-01,Senior Engineer
292627,Anneli,Reinhart,9999-01-01,Senior Staff
292643,Chriss,Eiter,9999-01-01,Staff
292658,Hiroyasu,Massonet,9999-01-01,Engineer
292675,Munehiko,Ranze,9999-01-01,Staff
292698,Jinpo,Rabehasaina,9999-01-01,Senior Engineer
292707,Aluzio,Pollacia,9999-01-01,Senior Engineer
292712,Gro,Leuchs,9999-01-01,Senior Engineer
292718,Yuuichi,Sundgren,9999-01-01,Senior Staff
292743,Fan,Itzfeldt,9999-01-01,Staff
292744,Abdulla,Ibel,9999-01-01,Senior Engineer
292752,Jianhao,Frolund,9999-01-01,Engineer
292753,Kwangyoen,Andreotta,9999-01-01,Senior Engineer
292756,Piyush,Pews,9999-01-01,Engineer
292765,Basant,Ginesta,9999-01-01,Senior Staff
292770,Zhilian,Alpay,9999-01-01,Technique Leader
292774,Saddek,Schwartzburd,9999-01-01,Senior Engineer
292776,Marie,Zeidenstein,9999-01-01,Staff
292777,Augustine,Schwaller,9999-01-01,Senior Staff
292800,Shigenori,Guerreiro,9999-01-01,Engineer
292809,Dulce,Majewski,9999-01-01,Senior Staff
292825,Tru,Facello,9999-01-01,Engineer
292831,Subhankar,Ananiadou,9999-01-01,Engineer
292840,Jianhua,Rehfuss,9999-01-01,Senior Staff
292841,Yannis,Pargaonkar,9999-01-01,Senior Engineer
292872,Mabo,Wilfing,9999-01-01,Engineer
292902,Shigenori,Woycyznski,9999-01-01,Staff
292904,Gopalakrishnan,Uhrik,9999-01-01,Senior Staff
292921,Weiru,Huhdanpaa,9999-01-01,Engineer
292933,Chaoyi,Heping,9999-01-01,Senior Staff
292943,Kwan,Nannarelli,9999-01-01,Engineer
292945,Anwar,Stellhorn,9999-01-01,Engineer
292947,Vasilii,Krychniak,9999-01-01,Engineer
292966,Larisa,Lanphier,9999-01-01,Senior Engineer
292968,Sashi,Chaudhury,9999-01-01,Senior Engineer
292970,Xinyu,Strandh,9999-01-01,Staff
292974,Jinpo,Sgarro,9999-01-01,Senior Staff
292978,Masali,Luiz,9999-01-01,Engineer
292989,Dipayan,Fraisse,9999-01-01,Senior Engineer
292995,Junsik,Picel,9999-01-01,Engineer
293002,Basim,Antonisse,9999-01-01,Engineer
293010,Nathan,Verhoeff,9999-01-01,Technique Leader
293016,Magdalena,Kemmerer,9999-01-01,Engineer
293024,Zissis,Ramaiah,9999-01-01,Senior Staff
293026,Odinaldo,Emiris,9999-01-01,Engineer
293048,Berhard,Simmen,9999-01-01,Staff
293050,Sanjai,Alblas,9999-01-01,Senior Engineer
293070,Saddek,Isaak,9999-01-01,Staff
293103,Danco,Butner,9999-01-01,Engineer
293120,Shaz,Plump,9999-01-01,Technique Leader
293129,Jeane,Aseltine,9999-01-01,Senior Staff
293144,Junichi,Huhdanpaa,9999-01-01,Senior Staff
293177,Marlo,Fairtlough,9999-01-01,Senior Staff
293189,Patricio,Chenney,9999-01-01,Senior Staff
293197,Gonzalo,Kemmerer,9999-01-01,Staff
293223,Yuqun,Poulakidas,9999-01-01,Engineer
293235,Heeju,Hatcliff,9999-01-01,Senior Staff
293259,Breannda,Petersohn,9999-01-01,Senior Engineer
293265,Golgen,Czaja,9999-01-01,Senior Staff
293272,Jacopo,Fiutem,9999-01-01,Engineer
293277,Mircea,Chachaty,9999-01-01,Senior Staff
293281,Denny,Whittlesey,9999-01-01,Engineer
293287,Neelam,Isard,9999-01-01,Senior Staff
293293,Duro,Ramamoorthy,9999-01-01,Senior Staff
293295,Kamakshi,Makrucki,9999-01-01,Staff
293312,Zito,Pehl,9999-01-01,Senior Staff
293317,Tru,Fargier,9999-01-01,Senior Staff
293323,Maria,Schwartzburd,9999-01-01,Senior Engineer
293325,Candido,Ullian,9999-01-01,Senior Engineer
293328,Takahiro,Madeira,9999-01-01,Engineer
293332,Guadalupe,Veccia,9999-01-01,Assistant Engineer
293342,Dekang,Moehrke,9999-01-01,Senior Staff
293347,Mary,Sidje,9999-01-01,Senior Staff
293351,Marjo,Desikan,9999-01-01,Senior Staff
293353,Zhanqiu,Barreiro,9999-01-01,Staff
293354,Sukumar,Perfilyeva,9999-01-01,Engineer
293355,Huan,Kolvik,9999-01-01,Staff
293405,Xuejia,Kusalik,9999-01-01,Engineer
293415,Bilhanan,Einsfeld,9999-01-01,Senior Staff
293424,Arumugam,Ohori,9999-01-01,Senior Engineer
293441,Toshimitsu,Cunliffe,9999-01-01,Senior Engineer
293446,Gad,Leppanen,9999-01-01,Engineer
293462,Soenke,Falck,9999-01-01,Engineer
293468,Harjit,Azevdeo,9999-01-01,Senior Engineer
293479,Shigeo,Kriebel,9999-01-01,Staff
293487,Nathan,Haldar,9999-01-01,Senior Staff
293490,Marlo,Soloway,9999-01-01,Staff
293501,Achilleas,Litecky,9999-01-01,Engineer
293505,Premsyl,Eugenio,9999-01-01,Senior Engineer
293508,Sachin,Ranta,9999-01-01,Senior Engineer
293536,Amalendu,Thibadeau,9999-01-01,Senior Engineer
293537,Quingbo,Chiodo,9999-01-01,Senior Staff
293539,Bernd,Jayawardene,9999-01-01,Staff
293567,Masami,Kragelund,9999-01-01,Technique Leader
293575,Mahmut,Radhakrishnan,9999-01-01,Senior Staff
293580,Masadi,Christ,9999-01-01,Assistant Engineer
293583,Alejandro,Kaminger,9999-01-01,Engineer
293587,King,Vickson,9999-01-01,Engineer
293598,Yechiam,Bernick,9999-01-01,Senior Engineer
293614,Hidefumi,Denti,9999-01-01,Engineer
293627,Keiichiro,Szilard,9999-01-01,Senior Engineer
293628,Zhanqiu,Danecki,9999-01-01,Senior Engineer
293630,Gou,Kalefeld,9999-01-01,Senior Engineer
293632,Arnould,Kenevan,9999-01-01,Staff
293652,Kersti,Schaar,9999-01-01,Engineer
293663,Yunming,Borstler,9999-01-01,Senior Staff
293666,Bokyung,Birjandi,9999-01-01,Senior Staff
293669,Yakichi,Bugrara,9999-01-01,Engineer
293700,Berry,Zeidenstein,9999-01-01,Engineer
293710,Atreye,Chleq,9999-01-01,Engineer
293718,Neelam,Hainaut,9999-01-01,Engineer
293743,Arnd,Gurbaxani,9999-01-01,Senior Engineer
293744,Kolar,Carrere,9999-01-01,Staff
293766,Tomoyuki,Schurmann,9999-01-01,Staff
293768,Aruna,Hoppenstand,9999-01-01,Senior Engineer
293769,Paris,Valtorta,9999-01-01,Staff
293784,Radhika,Feldhoffer,9999-01-01,Technique Leader
293790,Premsyl,Perez,9999-01-01,Engineer
293849,Brigham,Bondorf,9999-01-01,Engineer
293851,Golgen,Callaway,9999-01-01,Assistant Engineer
293863,Xudong,Moehrke,9999-01-01,Engineer
293874,Flemming,Engberts,9999-01-01,Senior Engineer
293884,Zhenhua,Ebeling,9999-01-01,Senior Engineer
293890,Kazuhiro,Klerer,9999-01-01,Senior Staff
293893,Bernt,Kropf,9999-01-01,Senior Engineer
293895,Satyanarayana,Chenney,9999-01-01,Senior Staff
293905,Berni,Mateescu,9999-01-01,Senior Engineer
293907,Pintsang,Doering,9999-01-01,Senior Engineer
293913,Maren,Schwartzbauer,9999-01-01,Engineer
293914,Jungsoon,Garrabrants,9999-01-01,Staff
293934,Kerryn,Heusch,9999-01-01,Senior Staff
293935,Gila,Conry,9999-01-01,Technique Leader
293939,Parke,Lanzelotte,9999-01-01,Staff
293942,Vitaly,Erni,9999-01-01,Engineer
293946,Nadjib,Merro,9999-01-01,Senior Staff
293965,Jamaludin,Majewski,9999-01-01,Senior Staff
293967,Selwyn,Garrabrants,9999-01-01,Engineer
293979,Alselm,Uhrig,9999-01-01,Technique Leader
293986,Alselm,Melter,9999-01-01,Senior Engineer
293988,Yunming,Sifakis,9999-01-01,Senior Engineer
294001,Changho,Waleschkowski,9999-01-01,Technique Leader
294011,Guiseppe,Solares,9999-01-01,Staff
294018,Shietung,Pluym,9999-01-01,Senior Engineer
294022,Xiahua,Vidal,9999-01-01,Senior Engineer
294023,Katsuyuki,Hebert,9999-01-01,Senior Staff
294045,Sashi,Shumilov,9999-01-01,Senior Staff
294047,Arno,Ramsey,9999-01-01,Senior Engineer
294056,Basant,Hedayat,9999-01-01,Senior Engineer
294068,Kazunori,Cmelik,9999-01-01,Staff
294069,Fei,Stellhorn,9999-01-01,Senior Engineer
294080,Chenxi,Iwayama,9999-01-01,Senior Staff
294091,Roded,Siegrist,9999-01-01,Engineer
294097,Kazunori,Cummings,9999-01-01,Senior Staff
294099,Denis,Cullers,9999-01-01,Senior Engineer
294109,Cullen,Karnin,9999-01-01,Staff
294112,Guenter,Chachaty,9999-01-01,Senior Engineer
294125,Lene,Anick,9999-01-01,Senior Staff
294141,Goo,Pulkowski,9999-01-01,Senior Staff
294161,Nigel,Wegerle,9999-01-01,Senior Staff
294164,Subhada,Hennings,9999-01-01,Senior Staff
294177,Morris,Mundy,9999-01-01,Senior Engineer
294178,Nectarios,Luga,9999-01-01,Senior Engineer
294184,Utz,Tomescu,9999-01-01,Engineer
294195,Arvind,Simkin,9999-01-01,Engineer
294219,Frazer,Remmele,9999-01-01,Technique Leader
294223,Pantung,Albarhamtoshy,9999-01-01,Senior Staff
294240,Poornachandra,Ressouche,9999-01-01,Staff
294243,Marie,Llado,9999-01-01,Staff
294244,Emran,Heusch,9999-01-01,Staff
294251,Jordanka,Schnabel,9999-01-01,Senior Engineer
294282,Hatem,Trelles,9999-01-01,Engineer
294283,Gita,Yurov,9999-01-01,Senior Staff
294288,Adel,Lyonns,9999-01-01,Technique Leader
294295,Jolita,Kilgore,9999-01-01,Staff
294306,Weijing,Sluis,9999-01-01,Senior Staff
294319,Geoffry,Bach,9999-01-01,Senior Staff
294326,Dmitri,Kermarrec,9999-01-01,Senior Staff
294332,Adit,Ranft,9999-01-01,Senior Staff
294334,Kokou,Granlund,9999-01-01,Senior Engineer
294339,Sreekrishna,Krohn,9999-01-01,Staff
294340,Radhika,Veldwijk,9999-01-01,Assistant Engineer
294362,Pranjal,Rassart,9999-01-01,Senior Engineer
294387,Hatem,Asser,9999-01-01,Engineer
294398,Kazuhiko,Ruemmler,9999-01-01,Senior Staff
294411,Alper,Erni,9999-01-01,Staff
294414,Petter,Vakili,9999-01-01,Engineer
294439,Ulises,Serot,9999-01-01,Staff
294448,Toshimo,Kropatsch,9999-01-01,Staff
294450,Marko,Murtafg,9999-01-01,Engineer
294463,Hidekazu,Openshaw,9999-01-01,Technique Leader
294483,Zhilian,Showalter,9999-01-01,Engineer
294501,Claude,Roohalamini,9999-01-01,Senior Staff
294502,Reinhard,Suppi,9999-01-01,Senior Staff
294509,Emran,Beznosov,9999-01-01,Engineer
294514,Kwangyoen,Scharstein,9999-01-01,Staff
294518,Berna,Rathonyi,9999-01-01,Engineer
294546,Billur,Magliocco,9999-01-01,Engineer
294548,Rosita,Eiron,9999-01-01,Staff
294563,Jeane,Fioravanti,9999-01-01,Staff
294583,Tianruo,Strandh,9999-01-01,Senior Staff
294590,Haldon,Validov,9999-01-01,Assistant Engineer
294597,DAIDA,Tomescu,9999-01-01,Senior Engineer
294606,Zhilian,Perko,9999-01-01,Staff
294611,Sanjai,Milicia,9999-01-01,Technique Leader
294612,Pintsang,Gruenwald,9999-01-01,Senior Staff
294613,Palash,Carrere,9999-01-01,Staff
294618,Kazunori,Emmart,9999-01-01,Staff
294655,Ravishankar,Kakkar,9999-01-01,Engineer
294681,Maria,Fujisaki,9999-01-01,Assistant Engineer
294692,Marie,Lakshmanan,9999-01-01,Staff
294697,Sarita,Eppinger,9999-01-01,Senior Engineer
294717,Kwan,Luon,9999-01-01,Senior Engineer
294719,Kwok,Aloisi,9999-01-01,Senior Engineer
294728,Sivanarayana,Erdmenger,9999-01-01,Senior Engineer
294733,Satyanarayana,Fabrizio,9999-01-01,Senior Engineer
294739,Oguz,Lipner,9999-01-01,Staff
294742,Neelam,Brender,9999-01-01,Staff
294749,Youpyo,Oehlmann,9999-01-01,Senior Staff
294757,Weiru,Millington,9999-01-01,Senior Engineer
294773,Constantino,Sanella,9999-01-01,Senior Engineer
294779,Mountaz,Valiente,9999-01-01,Staff
294782,Edwin,Reeker,9999-01-01,Senior Engineer
294784,Pranjal,Wegerle,9999-01-01,Engineer
294789,Subhada,Yoshizawa,9999-01-01,Engineer
294790,Kish,Panangaden,9999-01-01,Staff
294805,Vishu,Flexer,9999-01-01,Staff
294808,Luigi,Perelgut,9999-01-01,Staff
294812,Temple,Legleitner,9999-01-01,Senior Engineer
294813,Giap,Khalid,9999-01-01,Engineer
294824,Pragnesh,Radivojevic,9999-01-01,Assistant Engineer
294834,Urs,Snedden,9999-01-01,Senior Staff
294837,Jinya,Mayerwieser,9999-01-01,Staff
294845,Anneli,Gustavson,9999-01-01,Staff
294846,Trygve,Fontet,9999-01-01,Senior Engineer
294850,Toshimo,Peot,9999-01-01,Staff
294865,Adhemar,Dalphin,9999-01-01,Staff
294869,Byong,Schiper,9999-01-01,Senior Engineer
294870,Domenico,Nergos,9999-01-01,Senior Engineer
294878,Harjit,Dulin,9999-01-01,Engineer
294881,Richard,Bugrara,9999-01-01,Technique Leader
294883,Paraskevi,Fabrizio,9999-01-01,Engineer
294884,Bowen,Baaz,9999-01-01,Assistant Engineer
294895,Vasilii,Scallan,9999-01-01,Senior Staff
294921,Conal,Riefers,9999-01-01,Staff
294923,Zhigen,Salvesen,9999-01-01,Staff
294926,Zhiwei,Laventhal,9999-01-01,Staff
294930,Remmert,Baik,9999-01-01,Senior Staff
294932,Aram,Perly,9999-01-01,Senior Staff
294937,Gennadi,Raczkowsky,9999-01-01,Senior Staff
294939,Djelloul,Holburn,9999-01-01,Senior Staff
294940,Adit,Baar,9999-01-01,Senior Engineer
294947,Bernd,Back,9999-01-01,Engineer
294949,Szabolcs,Danecki,9999-01-01,Staff
294962,Sushant,Avouris,9999-01-01,Senior Engineer
294966,Mrinalini,Esposito,9999-01-01,Senior Staff
294970,Peer,Rosay,9999-01-01,Senior Staff
294974,Gennadi,Pettis,9999-01-01,Senior Staff
294975,Lucian,Rosis,9999-01-01,Engineer
294978,Adas,Pagter,9999-01-01,Engineer
294995,Sumali,Iacovou,9999-01-01,Senior Engineer
295003,Arif,Picci,9999-01-01,Engineer
295027,Zeljko,Karner,9999-01-01,Staff
295052,Florina,Decleir,9999-01-01,Engineer
295059,Josyula,Roisin,9999-01-01,Technique Leader
295062,Naraig,Asser,9999-01-01,Senior Staff
295063,Fumino,Dulay,9999-01-01,Senior Engineer
295065,Otilia,Luon,9999-01-01,Senior Staff
295068,Shem,Olivero,9999-01-01,Staff
295079,Tamiya,Wroclawski,9999-01-01,Staff
295085,Mana,Picht,9999-01-01,Senior Engineer
295089,Gina,Shimshoni,9999-01-01,Senior Staff
295118,Navin,Redmiles,9999-01-01,Staff
295126,Sergi,Lalonde,9999-01-01,Engineer
295149,Badri,Swan,9999-01-01,Engineer
295151,Harngdar,Chelton,9999-01-01,Senior Engineer
295173,Troy,Kavanagh,9999-01-01,Technique Leader
295180,Mahmut,Benveniste,9999-01-01,Senior Staff
295181,Niclas,Skogmar,9999-01-01,Senior Staff
295217,Ashish,Bierman,9999-01-01,Assistant Engineer
295221,Tomokazu,Hofting,9999-01-01,Senior Staff
295222,Gian,Szilard,9999-01-01,Staff
295232,Ung,Vidal,9999-01-01,Senior Engineer
295235,Ortrun,Tsunoo,9999-01-01,Senior Engineer
295241,Makato,Bellone,9999-01-01,Technique Leader
295242,Sarita,Swick,9999-01-01,Engineer
295249,Aemilian,Stentiford,9999-01-01,Staff
295263,Utz,McFarlan,9999-01-01,Staff
295295,Nagui,Litvinov,9999-01-01,Senior Engineer
295343,Dipayan,Iisaka,9999-01-01,Senior Engineer
295351,Niranjan,Barinka,9999-01-01,Senior Staff
295354,Nikolaos,Brodie,9999-01-01,Senior Engineer
295364,Shaowei,Parascandalo,9999-01-01,Senior Staff
295365,Jianhui,Bridgland,9999-01-01,Engineer
295369,Amabile,Giaccio,9999-01-01,Staff
295376,Minghong,Arlazarov,9999-01-01,Senior Engineer
295377,Thodoros,Reinhart,9999-01-01,Technique Leader
295397,Toshimitsu,Bernick,9999-01-01,Senior Engineer
295402,Branimir,Engberts,9999-01-01,Staff
295419,Nahum,Petersohn,9999-01-01,Senior Engineer
295426,Kerryn,Imataki,9999-01-01,Engineer
295427,Toshimori,Hainaut,9999-01-01,Staff
295428,Alselm,Bonifati,9999-01-01,Senior Staff
295439,Makato,Fadgyas,9999-01-01,Staff
295449,Becky,Pettis,9999-01-01,Senior Staff
295460,Ebbe,Conia,9999-01-01,Senior Engineer
295462,Susanna,Penttonen,9999-01-01,Assistant Engineer
295464,Marc,Falck,9999-01-01,Staff
295475,Shaunak,Sudkamp,9999-01-01,Senior Staff
295481,Subbu,Tanemo,9999-01-01,Staff
295503,Tayeb,Lund,9999-01-01,Staff
295506,Aloys,Blokdijk,9999-01-01,Staff
295515,Geoffrey,Antonakopoulos,9999-01-01,Senior Staff
295543,Navin,Nannarelli,9999-01-01,Engineer
295547,Leif,Manders,9999-01-01,Senior Engineer
295561,Guiseppe,Wrigley,9999-01-01,Senior Engineer
295562,Shih,Heping,9999-01-01,Senior Engineer
295573,Macha,Ramsay,9999-01-01,Technique Leader
295582,Youngkon,Kusalik,9999-01-01,Senior Engineer
295597,Akeel,Matzov,9999-01-01,Senior Engineer
295606,Ferdinand,Basawa,9999-01-01,Senior Staff
295615,Mang,Khamsi,9999-01-01,Senior Engineer
295626,Gou,Krohm,9999-01-01,Senior Engineer
295627,Richard,Borovoy,9999-01-01,Senior Engineer
295647,Gal,Schiettecatte,9999-01-01,Senior Engineer
295651,Adil,Coombs,9999-01-01,Senior Staff
295653,Fei,Encarnacion,9999-01-01,Senior Engineer
295658,Akeno,Decleir,9999-01-01,Engineer
295665,Fabrizio,Socorro,9999-01-01,Staff
295670,Kagan,Heuser,9999-01-01,Staff
295671,Val,Dalton,9999-01-01,Technique Leader
295692,Fumitaka,Birnbaum,9999-01-01,Staff
295698,Soenke,Keustermans,9999-01-01,Senior Engineer
295703,Jaewoo,Birch,9999-01-01,Engineer
295706,Honesty,Vigier,9999-01-01,Engineer
295718,Paris,Siprelle,9999-01-01,Assistant Engineer
295747,Subhash,Zirintsis,9999-01-01,Engineer
295751,Jacqueline,Pavlopoulou,9999-01-01,Senior Engineer
295774,Kshitij,Apsitis,9999-01-01,Senior Engineer
295787,Leucio,Zaumen,9999-01-01,Senior Engineer
295795,Tomofumi,Budinsky,9999-01-01,Senior Staff
295796,Ewing,Trachtenberg,9999-01-01,Senior Staff
295799,Fai,Waeselynck,9999-01-01,Senior Staff
295802,Xiahua,Engelmann,9999-01-01,Engineer
295811,Mokhtar,Ghandeharizadeh,9999-01-01,Senior Staff
295816,Ennio,Michaels,9999-01-01,Staff
295821,Bernice,Brobst,9999-01-01,Senior Staff
295836,Haldun,Adachi,9999-01-01,Staff
295838,Bartek,Ritcey,9999-01-01,Senior Staff
295842,Billie,Bratsberg,9999-01-01,Engineer
295853,Doohun,Rahimi,9999-01-01,Senior Staff
295874,Gina,Pocchiola,9999-01-01,Senior Staff
295881,Jaihie,Standera,9999-01-01,Staff
295883,Doohun,Schiper,9999-01-01,Senior Engineer
295906,Feiyu,Denny,9999-01-01,Engineer
295919,Florina,Saoudi,9999-01-01,Senior Staff
295940,Chinhyun,Shackell,9999-01-01,Assistant Engineer
295943,Jackson,Merkl,9999-01-01,Senior Staff
295958,Ronghao,Mitsuhashi,9999-01-01,Senior Engineer
295976,Miomir,Desikan,9999-01-01,Senior Engineer
295997,Kensei,Msuda,9999-01-01,Senior Engineer
296003,Gay,Khamsi,9999-01-01,Technique Leader
296016,Ayakannu,Munoz,9999-01-01,Senior Staff
296033,Youngkon,Peak,9999-01-01,Senior Engineer
296047,Mariusz,Schlenzig,9999-01-01,Assistant Engineer
296048,Ymte,Rodham,9999-01-01,Engineer
296053,Karoline,Broomell,9999-01-01,Engineer
296061,Berto,Tibblin,9999-01-01,Staff
296063,Mandell,Claffy,9999-01-01,Senior Engineer
296078,DeForest,Birta,9999-01-01,Engineer
296081,Marie,Morrey,9999-01-01,Senior Staff
296087,Eran,Kemmerer,9999-01-01,Technique Leader
296102,Howell,Christ,9999-01-01,Engineer
296116,Gererd,Bernini,9999-01-01,Senior Staff
296120,Richara,Slaats,9999-01-01,Senior Staff
296142,Tokuyasu,Parveen,9999-01-01,Senior Engineer
296159,Shaunak,Passafiume,9999-01-01,Engineer
296167,Weijing,Denis,9999-01-01,Senior Staff
296171,Pradeep,Munke,9999-01-01,Staff
296182,Snehasis,Anandan,9999-01-01,Engineer
296186,Arunas,Fandrianto,9999-01-01,Assistant Engineer
296193,Rildo,DeMori,9999-01-01,Engineer
296195,Sahrah,Luby,9999-01-01,Staff
296223,Theirry,Pettis,9999-01-01,Senior Engineer
296235,Debaprosad,Vidal,9999-01-01,Staff
296236,Susumu,Veevers,9999-01-01,Senior Engineer
296252,Gaurav,Huhdanpaa,9999-01-01,Senior Staff
296253,Kasturi,Sidje,9999-01-01,Staff
296267,Shawna,Seghrouchni,9999-01-01,Engineer
296275,Shem,DuCasse,9999-01-01,Staff
296279,Valeri,Kossowski,9999-01-01,Engineer
296288,Muzhong,Vecchi,9999-01-01,Senior Staff
296330,Mari,Giaccio,9999-01-01,Senior Staff
296336,Moty,Heuser,9999-01-01,Senior Staff
296354,Lorien,Cappelletti,9999-01-01,Assistant Engineer
296361,Yonghoan,Broomell,9999-01-01,Assistant Engineer
296371,Randy,Strehl,9999-01-01,Senior Staff
296373,Jungsoon,Leslie,9999-01-01,Senior Staff
296375,Maren,Tzvieli,9999-01-01,Senior Staff
296381,Henk,Matteis,9999-01-01,Senior Engineer
296387,Yuguang,Riexinger,9999-01-01,Senior Staff
296388,Gregory,Slaats,9999-01-01,Engineer
296389,Deborah,Kornyak,9999-01-01,Senior Staff
296393,Kyoichi,Remmele,9999-01-01,Senior Engineer
296401,Sverrir,Hashii,9999-01-01,Senior Engineer
296408,Ottavia,Erni,9999-01-01,Engineer
296410,Sanjeeva,Solares,9999-01-01,Staff
296432,Atreyi,Brendel,9999-01-01,Staff
296436,Shigeo,Butner,9999-01-01,Senior Staff
296438,Along,Kushnir,9999-01-01,Senior Staff
296447,Roselyn,Boreale,9999-01-01,Engineer
296470,Kannan,Nitta,9999-01-01,Engineer
296471,Marlo,Scallan,9999-01-01,Engineer
296475,Terresa,Kleiser,9999-01-01,Assistant Engineer
296480,Duro,Klassen,9999-01-01,Engineer
296481,Conal,Lunt,9999-01-01,Engineer
296514,Zito,Underwood,9999-01-01,Senior Staff
296524,Nimmagadda,Msuda,9999-01-01,Senior Engineer
296539,Oscal,Hettesheimer,9999-01-01,Senior Staff
296543,Alagu,Peek,9999-01-01,Staff
296549,Pascal,Caine,9999-01-01,Technique Leader
296554,Genta,Atrawala,9999-01-01,Senior Staff
296555,Tuval,Chiodo,9999-01-01,Staff
296569,Gila,Lindenbaum,9999-01-01,Senior Staff
296571,Shaleah,Ramras,9999-01-01,Senior Staff
296581,Karoline,Kakkad,9999-01-01,Senior Engineer
296589,Tran,Gammage,9999-01-01,Engineer
296599,Lalit,Beilner,9999-01-01,Senior Engineer
296605,Karlis,Tischendorf,9999-01-01,Senior Staff
296619,Frederique,Brickell,9999-01-01,Senior Engineer
296625,Goa,Erdi,9999-01-01,Staff
296637,Francoise,Daescu,9999-01-01,Senior Engineer
296643,Almudena,Cannard,9999-01-01,Staff
296648,JiYoung,Papsdorf,9999-01-01,Senior Engineer
296653,Emran,McClure,9999-01-01,Senior Engineer
296662,Kagan,Kavraki,9999-01-01,Senior Engineer
296671,Piyawadee,Jiafu,9999-01-01,Engineer
296676,Zeydy,Hockney,9999-01-01,Senior Staff
296686,Odoardo,Felder,9999-01-01,Engineer
296693,Khedija,Lunn,9999-01-01,Senior Engineer
296701,Hirochika,Osgood,9999-01-01,Senior Staff
296708,Odinaldo,Siepmann,9999-01-01,Engineer
296724,Sajjad,Osgood,9999-01-01,Engineer
296733,Kwan,Hofstetter,9999-01-01,Engineer
296735,Satyanarayana,Iacovou,9999-01-01,Staff
296757,Mandell,Rabehasaina,9999-01-01,Senior Engineer
296761,Toshimi,Chartres,9999-01-01,Senior Staff
296763,Aran,Brookman,9999-01-01,Staff
296766,Tristan,Oxman,9999-01-01,Engineer
296775,Uinam,Itschner,9999-01-01,Staff
296786,Kauko,Ranai,9999-01-01,Senior Engineer
296790,Shaleah,Oppitz,9999-01-01,Senior Engineer
296797,Pranav,Heijenga,9999-01-01,Senior Staff
296799,Jianwen,Pollacia,9999-01-01,Senior Staff
296800,Remmert,Haraldson,9999-01-01,Staff
296816,Aris,Macedo,9999-01-01,Engineer
296819,Arvin,Massonet,9999-01-01,Senior Staff
296821,Charlene,Cooman,9999-01-01,Staff
296825,Hongzue,Iivonen,9999-01-01,Engineer
296829,Jaroslava,Rothenberg,9999-01-01,Senior Staff
296833,Naftaly,Lubachevsky,9999-01-01,Senior Engineer
296836,Xumin,Michaeli,9999-01-01,Staff
296845,Christfried,Melter,9999-01-01,Engineer
296848,Jianhua,Kermarrec,9999-01-01,Senior Staff
296857,Toshimo,Reghbati,9999-01-01,Staff
296870,Sanjeeva,Bahl,9999-01-01,Senior Engineer
296877,Sangeeta,Ventosa,9999-01-01,Staff
296882,Vugranam,Armand,9999-01-01,Engineer
296884,Nevin,Krichel,9999-01-01,Senior Engineer
296904,Martijn,Stenning,9999-01-01,Staff
296906,Fumiyo,Gips,9999-01-01,Senior Staff
296907,Valery,Wolniewicz,9999-01-01,Staff
296910,Sampalli,Conia,9999-01-01,Staff
296911,Yefim,Heinisuo,9999-01-01,Engineer
296924,Masanao,Ciolek,9999-01-01,Engineer
296931,Baruch,Angelopoulos,9999-01-01,Senior Engineer
296939,Hugo,Chimia,9999-01-01,Senior Engineer
296953,Sibyl,Dahlbom,9999-01-01,Engineer
296963,Kellie,Gopalakrishnan,9999-01-01,Senior Engineer
296965,Munenori,Krohm,9999-01-01,Senior Engineer
296967,Amabile,Gronowski,9999-01-01,Senior Engineer
296980,Marlo,Kulisch,9999-01-01,Engineer
296984,Billie,Harbusch,9999-01-01,Senior Engineer
297006,Weiru,Etalle,9999-01-01,Staff
297024,Lakshmi,Pews,9999-01-01,Senior Staff
297026,Niranjan,Schaar,9999-01-01,Staff
297032,Satyanarayana,Panwar,9999-01-01,Staff
297061,Gita,Kumaresan,9999-01-01,Engineer
297072,Mariangiola,Staudhammer,9999-01-01,Technique Leader
297081,Heeju,Glowinski,9999-01-01,Engineer
297100,Bangqing,Schaap,9999-01-01,Staff
297117,Horward,Gist,9999-01-01,Senior Staff
297118,Candida,Collette,9999-01-01,Senior Engineer
297120,Oscal,Usdin,9999-01-01,Senior Engineer
297122,Jiann,Murthy,9999-01-01,Engineer
297125,Morrie,Rullman,9999-01-01,Staff
297131,Kokou,Bade,9999-01-01,Engineer
297135,Bezalel,Acton,9999-01-01,Senior Engineer
297138,Wanqing,Morrin,9999-01-01,Senior Staff
297140,Akeel,Zizka,9999-01-01,Engineer
297150,Sreenivas,Puppe,9999-01-01,Engineer
297166,Mayumi,Doering,9999-01-01,Senior Engineer
297167,Dipayan,Ligten,9999-01-01,Senior Engineer
297169,Vincent,Rousseau,9999-01-01,Staff
297178,Chenyi,Vural,9999-01-01,Engineer
297181,Claude,Zhiwei,9999-01-01,Engineer
297182,Zdislav,Lodder,9999-01-01,Senior Engineer
297188,Chaoyi,Impagliazzo,9999-01-01,Engineer
297201,Adamantios,Rahier,9999-01-01,Engineer
297207,Yunming,Prochazka,9999-01-01,Staff
297218,Teruyuki,Alameldin,9999-01-01,Senior Staff
297219,Rajmohan,Itzfeldt,9999-01-01,Senior Staff
297229,Yahiko,Emmart,9999-01-01,Engineer
297254,Kazuhito,Ressouche,9999-01-01,Senior Engineer
297265,Chenxi,Leijenhorst,9999-01-01,Senior Engineer
297270,Masoud,Zucker,9999-01-01,Staff
297273,Tokuyasu,Frolund,9999-01-01,Staff
297281,Hidekazu,Terekhov,9999-01-01,Senior Staff
297300,Gill,Lubachevsky,9999-01-01,Engineer
297304,Sukumar,Foote,9999-01-01,Staff
297307,Michaela,Trelles,9999-01-01,Staff
297314,Tetsushi,Junet,9999-01-01,Engineer
297326,Anestis,Fasbender,9999-01-01,Staff
297328,Irene,Serov,9999-01-01,Engineer
297343,Xianlong,Kinley,9999-01-01,Senior Engineer
297351,Magy,Barreiro,9999-01-01,Senior Staff
297353,Vesna,Ramalingam,9999-01-01,Senior Staff
297381,Gio,Muhling,9999-01-01,Senior Staff
297390,Eishiro,Takanami,9999-01-01,Senior Engineer
297402,Hailing,Ghemri,9999-01-01,Staff
297405,Susanna,Eterovic,9999-01-01,Senior Engineer
297406,Shaowei,Pleszkun,9999-01-01,Engineer
297410,Danel,Setlzner,9999-01-01,Senior Staff
297423,Nirmal,Luca,9999-01-01,Engineer
297435,Anyuan,Rouquie,9999-01-01,Technique Leader
297438,Kiyotoshi,Besselaar,9999-01-01,Staff
297444,Alain,Kading,9999-01-01,Senior Engineer
297451,Randy,Hofmeyr,9999-01-01,Senior Engineer
297455,Candido,Boudaillier,9999-01-01,Assistant Engineer
297469,Zito,Weedon,9999-01-01,Engineer
297486,Qingxiang,Ducloy,9999-01-01,Staff
297497,Dulce,Frijda,9999-01-01,Senior Engineer
297510,Gift,Restivo,9999-01-01,Staff
297515,Florina,Erni,9999-01-01,Engineer
297536,Gao,Debuse,9999-01-01,Senior Staff
297542,Vatsa,Rodite,9999-01-01,Senior Staff
297548,Owen,Chiodo,9999-01-01,Staff
297558,Sushant,Candan,9999-01-01,Engineer
297563,Mechthild,Hedayat,9999-01-01,Staff
297566,Demin,Marquardt,9999-01-01,Senior Engineer
297580,Zhonghui,Seiwald,9999-01-01,Staff
297592,Goncalo,Baezner,9999-01-01,Senior Staff
297594,Atreye,Picht,9999-01-01,Senior Staff
297616,Eldridge,Stafford,9999-01-01,Staff
297621,Mohammed,Bugaenko,9999-01-01,Senior Engineer
297639,Serenella,Auyong,9999-01-01,Engineer
297649,Rance,Egerstedt,9999-01-01,Senior Engineer
297656,Boaz,Tchuente,9999-01-01,Staff
297667,Shirish,Mondadori,9999-01-01,Senior Engineer
297671,Yoshimitsu,Highland,9999-01-01,Staff
297693,Collette,Fujisaki,9999-01-01,Senior Engineer
297694,Armond,Simmel,9999-01-01,Engineer
297717,Nahid,Karnin,9999-01-01,Senior Staff
297728,Toshimitsu,Woycyznski,9999-01-01,Assistant Engineer
297729,Shawna,Luce,9999-01-01,Staff
297730,Alassane,Zallocco,9999-01-01,Engineer
297740,Dhritiman,Masamoto,9999-01-01,Staff
297741,Claudi,Tetzlaff,9999-01-01,Engineer
297746,Moon,Ghalwash,9999-01-01,Staff
297755,Kazuhide,Barvinok,9999-01-01,Engineer
297776,Utpal,Ananiadou,9999-01-01,Staff
297778,Gaurav,Riefers,9999-01-01,Senior Staff
297795,Aksel,Baez,9999-01-01,Senior Staff
297798,Hideo,Collavizza,9999-01-01,Senior Engineer
297809,Theirry,Hatcliff,9999-01-01,Senior Staff
297838,Babette,Axelband,9999-01-01,Staff
297860,Herb,Kakkad,9999-01-01,Staff
297872,Subhada,Murtha,9999-01-01,Senior Staff
297879,Percy,Claffy,9999-01-01,Engineer
297882,Candida,Straney,9999-01-01,Staff
297887,Taegyun,Itzigehl,9999-01-01,Staff
297888,Chaosheng,Bennis,9999-01-01,Engineer
297895,Fen,Hebden,9999-01-01,Senior Staff
297900,Fuqing,Bala,9999-01-01,Staff
297907,Weiyi,Srimani,9999-01-01,Senior Engineer
297908,Hinrich,Peha,9999-01-01,Staff
297914,Mark,Brandsma,9999-01-01,Senior Engineer
297916,Jacopo,Atchley,9999-01-01,Staff
297948,Kristinn,Adachi,9999-01-01,Senior Engineer
297956,Ewing,Sichman,9999-01-01,Senior Staff
297966,Matt,Stranks,9999-01-01,Staff
297968,Bedrich,Schauser,9999-01-01,Senior Engineer
297971,Tran,Peac,9999-01-01,Senior Staff
297980,Danai,Angiulli,9999-01-01,Engineer
297987,Abdulla,Taubenfeld,9999-01-01,Senior Engineer
298009,Niranjan,Schauser,9999-01-01,Senior Staff
298020,Yuguang,Oxman,9999-01-01,Senior Staff
298021,Rosella,Raoux,9999-01-01,Engineer
298032,Kankanahalli,Dayana,9999-01-01,Engineer
298034,Lobel,Heusch,9999-01-01,Senior Staff
298036,Ung,Trachtenberg,9999-01-01,Technique Leader
298077,Marek,Berztiss,9999-01-01,Staff
298087,Huican,Pluym,9999-01-01,Engineer
298090,Otilia,Pelc,9999-01-01,Staff
298093,Masanao,Birke,9999-01-01,Staff
298094,Shawna,Bahr,9999-01-01,Staff
298109,Yahiko,Halloran,9999-01-01,Senior Staff
298116,Gaetan,Zhang,9999-01-01,Senior Staff
298137,Cathie,Bashian,9999-01-01,Staff
298145,Lubomir,Fadgyas,9999-01-01,Senior Staff
298147,Kerryn,Constantine,9999-01-01,Senior Staff
298150,Sachio,Alblas,9999-01-01,Senior Staff
298164,Satyanarayana,Iivonen,9999-01-01,Engineer
298176,Yongmin,Siepmann,9999-01-01,Engineer
298177,Quingbo,Akaboshi,9999-01-01,Staff
298205,Chrisa,Shackell,9999-01-01,Staff
298208,Roddy,Lipner,9999-01-01,Senior Staff
298214,Qiwen,Munch,9999-01-01,Staff
298222,Lijia,Cunliffe,9999-01-01,Staff
298232,Huai,Keohane,9999-01-01,Engineer
298247,Shan,Comyn,9999-01-01,Senior Staff
298253,Sven,Shinomoto,9999-01-01,Technique Leader
298254,Sajjad,Paludetto,9999-01-01,Senior Staff
298261,Tommaso,Mateescu,9999-01-01,Engineer
298265,Gad,Yetto,9999-01-01,Engineer
298269,Junsik,Slobodova,9999-01-01,Staff
298276,Zito,Sgarro,9999-01-01,Engineer
298277,Mary,Uludag,9999-01-01,Staff
298293,Weijing,Avouris,9999-01-01,Senior Engineer
298304,Khalid,Bahk,9999-01-01,Staff
298308,Martijn,Lamparter,9999-01-01,Senior Engineer
298311,Aleksander,Baar,9999-01-01,Engineer
298313,Hitofumi,Peris,9999-01-01,Engineer
298325,Felicidad,Iisaku,9999-01-01,Engineer
298333,Huican,Basart,9999-01-01,Senior Staff
298335,Guozhong,Ramsay,9999-01-01,Engineer
298358,Mingzeng,Chartres,9999-01-01,Engineer
298365,Mabhin,Ananiadou,9999-01-01,Engineer
298372,Gad,Laurillard,9999-01-01,Engineer
298373,Tomokazu,Matzov,9999-01-01,Technique Leader
298384,Fatemeh,Jiang,9999-01-01,Senior Staff
298394,Maya,Hofstetter,9999-01-01,Staff
298402,Herb,Ghemri,9999-01-01,Senior Engineer
298408,Fusako,Pardalos,9999-01-01,Engineer
298426,Shirish,Dahlbom,9999-01-01,Senior Staff
298453,Takahiro,Encarnacion,9999-01-01,Senior Staff
298464,Leon,Oskamp,9999-01-01,Senior Staff
298468,Tsutomu,Jonsson,9999-01-01,Senior Engineer
298480,Kristinn,Perez,9999-01-01,Engineer
298482,Claude,Radivojevic,9999-01-01,Engineer
298486,Volkmar,Katalagarianos,9999-01-01,Senior Engineer
298491,Huiqun,Giaccio,9999-01-01,Senior Engineer
298494,Kristen,Gist,9999-01-01,Senior Engineer
298500,Tremaine,Hennebert,9999-01-01,Senior Staff
298547,Toshimitsu,Underwood,9999-01-01,Engineer
298556,Zhenbing,Marletta,9999-01-01,Staff
298575,Douadi,Driscoll,9999-01-01,Staff
298588,Conal,Nicolson,9999-01-01,Senior Engineer
298592,Jiann,Bakhtari,9999-01-01,Engineer
298601,Gro,Demir,9999-01-01,Staff
298609,Shirish,Garrabrants,9999-01-01,Technique Leader
298616,Kenton,Pettit,9999-01-01,Senior Staff
298617,Ziyad,Prochazka,9999-01-01,Staff
298628,Manu,Ariola,9999-01-01,Senior Staff
298642,Conor,Jording,9999-01-01,Staff
298653,Tru,Dulay,9999-01-01,Senior Engineer
298660,Idoia,Capobianchi,9999-01-01,Senior Engineer
298665,Hongzhu,Vickson,9999-01-01,Staff
298666,Dinah,Gargeya,9999-01-01,Senior Engineer
298668,Lorien,Bahr,9999-01-01,Engineer
298669,Shigenori,Chappelet,9999-01-01,Engineer
298671,Sukumar,Codenie,9999-01-01,Engineer
298674,Tesuro,Heiserman,9999-01-01,Senior Engineer
298678,Shai,Steinauer,9999-01-01,Staff
298683,Divine,Skrikant,9999-01-01,Engineer
298693,Taiji,Basawa,9999-01-01,Engineer
298700,Teunis,Monkewich,9999-01-01,Staff
298701,Jayson,Quittner,9999-01-01,Assistant Engineer
298704,Cedric,Bach,9999-01-01,Staff
298714,Fatemeh,Potthoff,9999-01-01,Staff
298770,Panayotis,Heping,9999-01-01,Senior Engineer
298792,Toney,Szilard,9999-01-01,Senior Engineer
298794,Mohit,Rothe,9999-01-01,Senior Staff
298796,Rimli,Perri,9999-01-01,Engineer
298802,Shan,Muchinsky,9999-01-01,Senior Staff
298819,Kinh,Showalter,9999-01-01,Assistant Engineer
298835,TRUE,Scallan,9999-01-01,Engineer
298844,Vojin,Morrin,9999-01-01,Engineer
298850,Yuqun,Sudkamp,9999-01-01,Engineer
298859,Shuji,Dehkordi,9999-01-01,Staff
298872,Weijing,Narwekar,9999-01-01,Senior Engineer
298891,Greger,Binkley,9999-01-01,Senior Staff
298910,Toshimo,Schneeberger,9999-01-01,Engineer
298916,Dante,Waschkowski,9999-01-01,Engineer
298923,Shigehiro,Randt,9999-01-01,Engineer
298924,Noritoshi,Thombley,9999-01-01,Technique Leader
298927,Maha,Gomatam,9999-01-01,Senior Engineer
298930,Dinah,Mellouli,9999-01-01,Engineer
298939,Alenka,Thorensen,9999-01-01,Staff
298950,Mabry,Armand,9999-01-01,Engineer
298964,Selwyn,Gronowski,9999-01-01,Senior Engineer
298966,Renee,Honiden,9999-01-01,Technique Leader
298968,Muneo,Farris,9999-01-01,Senior Engineer
298975,Saddek,Covnot,9999-01-01,Staff
298980,Patricio,Lundstrom,9999-01-01,Senior Staff
298992,Kauko,Guenter,9999-01-01,Engineer
299004,Kokou,Monkewich,9999-01-01,Senior Engineer
299012,Fun,Hofstetter,9999-01-01,Staff
299033,Fei,Gente,9999-01-01,Senior Staff
299034,Chenxi,Aingworth,9999-01-01,Staff
299053,Martine,Willoner,9999-01-01,Staff
299059,Kauko,Auyong,9999-01-01,Engineer
299061,Margareta,Krogh,9999-01-01,Assistant Engineer
299069,Lijia,Jahnichen,9999-01-01,Engineer
299091,Kinh,Angel,9999-01-01,Assistant Engineer
299095,Zhenbing,Merlo,9999-01-01,Staff
299111,Anoosh,Highland,9999-01-01,Engineer
299130,Vitaly,Chenney,9999-01-01,Senior Engineer
299136,Weijing,Papsdorf,9999-01-01,Engineer
299151,Utz,Stafford,9999-01-01,Senior Engineer
299155,Yonghoan,Zaumen,9999-01-01,Senior Engineer
299162,Rutger,Georgakopoulos,9999-01-01,Senior Staff
299168,Frederique,Osgood,9999-01-01,Staff
299217,Zhonghui,Sinicrope,9999-01-01,Senior Staff
299219,Fan,Gunderson,9999-01-01,Engineer
299225,Hilari,Lorho,9999-01-01,Staff
299228,Filipp,Thisen,9999-01-01,Engineer
299230,Mohamadou,Rothenberg,9999-01-01,Senior Engineer
299255,Lokesh,Mungall,9999-01-01,Technique Leader
299256,Lucien,Maraist,9999-01-01,Engineer
299258,Seongbae,Mitina,9999-01-01,Senior Staff
299285,Conal,Baby,9999-01-01,Engineer
299290,Rosalyn,Ligten,9999-01-01,Senior Engineer
299292,Tze,Beausoleil,9999-01-01,Senior Staff
299297,Sibyl,Beerel,9999-01-01,Senior Engineer
299304,Geoffry,Khalid,9999-01-01,Senior Staff
299307,Mara,Stavenow,9999-01-01,Senior Staff
299313,Shuzo,Sadowski,9999-01-01,Senior Staff
299317,Barun,Fasbender,9999-01-01,Technique Leader
299327,Alain,Griswold,9999-01-01,Senior Engineer
299329,Maja,Brattka,9999-01-01,Staff
299347,Chikako,Zhang,9999-01-01,Senior Staff
299358,Karlis,Ertl,9999-01-01,Engineer
299367,Halsur,Kinley,9999-01-01,Senior Engineer
299378,Lakshmi,Gerlach,9999-01-01,Engineer
299384,Dipankar,Schiettecatte,9999-01-01,Engineer
299397,Maris,Brickell,9999-01-01,Senior Engineer
299401,Gian,Bolsens,9999-01-01,Staff
299405,Werner,Acton,9999-01-01,Staff
299406,Margareta,Llado,9999-01-01,Senior Staff
299416,Sadegh,Luit,9999-01-01,Engineer
299417,Jaideep,Reghbati,9999-01-01,Staff
299421,Heeju,Naudin,9999-01-01,Senior Engineer
299435,Shao,Shinomoto,9999-01-01,Technique Leader
299438,Bedrich,Vanwelkenhuysen,9999-01-01,Senior Staff
299448,Toshiki,DasSarma,9999-01-01,Engineer
299462,Chenye,Barinka,9999-01-01,Senior Engineer
299463,Taizo,Argence,9999-01-01,Staff
299470,Giap,Rousseau,9999-01-01,Engineer
299477,Hidde,Dengi,9999-01-01,Senior Engineer
299489,Izaskun,Bottner,9999-01-01,Technique Leader
299490,Rosita,Conry,9999-01-01,Staff
299493,King,Gurbaxani,9999-01-01,Engineer
299498,Leszek,Puppo,9999-01-01,Technique Leader
299512,Xudong,Rusmann,9999-01-01,Staff
299515,Reinhold,Hutter,9999-01-01,Senior Staff
299521,Yuqun,Khalid,9999-01-01,Engineer
299525,Yagil,Gornas,9999-01-01,Senior Engineer
299540,Shigehito,Holburn,9999-01-01,Senior Staff
299541,Subbu,Compeau,9999-01-01,Engineer
299553,Eben,Denti,9999-01-01,Engineer
299555,Mahendra,Lanzelotte,9999-01-01,Senior Engineer
299565,Shunichi,Hinsberger,9999-01-01,Senior Engineer
299569,Siamak,Casperson,9999-01-01,Engineer
299572,Amstein,Sidou,9999-01-01,Engineer
299575,Aimee,Spinelli,9999-01-01,Engineer
299587,Visit,Schaad,9999-01-01,Senior Engineer
299588,Kwun,Bazzichi,9999-01-01,Engineer
299593,Aron,Panwar,9999-01-01,Senior Engineer
299601,Keung,Hanabata,9999-01-01,Staff
299608,Sudharsan,Schapiro,9999-01-01,Staff
299616,Emdad,Perri,9999-01-01,Engineer
299620,Herb,Vesna,9999-01-01,Senior Staff
299634,Freyja,Frezza,9999-01-01,Senior Staff
299642,Chaosheng,Bratsberg,9999-01-01,Senior Staff
299658,Jaber,Schiper,9999-01-01,Staff
299688,Herbert,Plumb,9999-01-01,Technique Leader
299704,Zhilian,Schmittgen,9999-01-01,Engineer
299709,Jinxi,Marrevee,9999-01-01,Staff
299725,Aamer,Holburn,9999-01-01,Senior Engineer
299732,Mang,Sidhu,9999-01-01,Staff
299753,Nikolaus,Chenoweth,9999-01-01,Technique Leader
299755,Bernd,Stemann,9999-01-01,Senior Engineer
299756,Isaac,Heuser,9999-01-01,Senior Engineer
299775,Khaled,Journel,9999-01-01,Senior Staff
299785,Inderjeet,Conte,9999-01-01,Senior Staff
299786,Dietrich,Vanwelkenhuysen,9999-01-01,Staff
299794,Feipei,Birta,9999-01-01,Staff
299796,Duro,Reinhart,9999-01-01,Staff
299813,Sachio,Kadhim,9999-01-01,Senior Engineer
299814,Kiam,Ritzmann,9999-01-01,Staff
299827,Shalesh,Perelgut,9999-01-01,Senior Staff
299831,Greger,Swiss,9999-01-01,Senior Engineer
299833,Ingemar,Slobodova,9999-01-01,Senior Engineer
299844,Nalini,Scallan,9999-01-01,Assistant Engineer
299849,Mats,Kropf,9999-01-01,Senior Engineer
299850,Ranan,Spieker,9999-01-01,Senior Engineer
299854,IEEE,Lanteri,9999-01-01,Technique Leader
299864,Nobuyoshi,Rassart,9999-01-01,Senior Staff
299866,Maris,Mikschl,9999-01-01,Senior Staff
299874,Wilmer,Miyakawa,9999-01-01,Staff
299882,Macha,Cangellaris,9999-01-01,Engineer
299895,Perla,Cherinka,9999-01-01,Senior Staff
299901,Gianluca,Decaestecker,9999-01-01,Senior Engineer
299909,Narain,Gunderson,9999-01-01,Staff
299913,Taegyun,Schade,9999-01-01,Senior Staff
299921,Hatem,Bondorf,9999-01-01,Staff
299924,Xiaoshan,Stemann,9999-01-01,Staff
299937,Guther,Jansch,9999-01-01,Senior Engineer
299950,Tran,Frolund,9999-01-01,Technique Leader
299959,Shichao,Trystram,9999-01-01,Staff
299960,Maja,Gecsel,9999-01-01,Senior Staff
299970,Yuping,Pargaonkar,9999-01-01,Staff
299973,Utpal,Alpin,9999-01-01,Senior Staff
299974,Garnet,Ranum,9999-01-01,Technique Leader
299980,Marsal,Lovengreen,9999-01-01,Staff
400006,Munenori,Nivat,9999-01-01,Senior Staff
400033,Munir,Chenney,9999-01-01,Senior Engineer
400042,Leah,Lueh,9999-01-01,Senior Staff
400059,Theirry,Chleq,9999-01-01,Senior Staff
400079,Fusako,Ferriere,9999-01-01,Assistant Engineer
400084,Zorica,Schmittgen,9999-01-01,Assistant Engineer
400104,Nigel,Gewali,9999-01-01,Senior Staff
400115,Tesuro,Stentiford,9999-01-01,Engineer
400121,Alassane,Lichtner,9999-01-01,Engineer
400141,Suebskul,Rassart,9999-01-01,Senior Engineer
400157,Lenore,Cochrane,9999-01-01,Senior Staff
400162,Arvind,Berendt,9999-01-01,Engineer
400172,Xiahua,Bridgland,9999-01-01,Technique Leader
400173,Udi,Mandell,9999-01-01,Senior Engineer
400187,Nigel,Pews,9999-01-01,Senior Staff
400196,Susanta,Schoegge,9999-01-01,Staff
400202,Gao,Peot,9999-01-01,Staff
400203,Marl,Neimat,9999-01-01,Senior Engineer
400208,Mrinalini,Schwartzburd,9999-01-01,Engineer
400223,Angel,Mukaidono,9999-01-01,Senior Engineer
400224,Bartek,Ramsay,9999-01-01,Senior Staff
400228,Hilari,Seiwald,9999-01-01,Engineer
400232,Mori,Merle,9999-01-01,Senior Engineer
400241,Ortrud,Garrabrants,9999-01-01,Staff
400242,Hairong,Prochazka,9999-01-01,Senior Staff
400267,Shaleah,Sadowski,9999-01-01,Engineer
400288,Paddy,Macedo,9999-01-01,Engineer
400299,Anneke,Haraldson,9999-01-01,Staff
400302,Bezalel,Redmiles,9999-01-01,Senior Staff
400325,Zhenbing,Bain,9999-01-01,Senior Engineer
400339,Shaibal,Varley,9999-01-01,Staff
400340,Gio,Famili,9999-01-01,Staff
400341,Shen,Unni,9999-01-01,Senior Engineer
400355,Nathalie,Peek,9999-01-01,Staff
400372,Henk,Albarhamtoshy,9999-01-01,Senior Staff
400387,Boaz,Spinelli,9999-01-01,Staff
400394,Khalid,Hardjono,9999-01-01,Senior Staff
400395,Kamran,Schoegge,9999-01-01,Senior Engineer
400396,Garnet,Servieres,9999-01-01,Senior Engineer
400400,Weiru,Stassinopoulos,9999-01-01,Engineer
400408,Marla,Kamble,9999-01-01,Engineer
400416,Mototsugu,Mondadori,9999-01-01,Senior Staff
400425,Stamatina,Pileggi,9999-01-01,Senior Staff
400431,Aria,Perez,9999-01-01,Engineer
400439,Kazuhito,Undy,9999-01-01,Senior Engineer
400460,Mircea,Wiegley,9999-01-01,Staff
400466,Aran,Syrotiuk,9999-01-01,Engineer
400472,Leen,Sinitsyn,9999-01-01,Staff
400474,Siddarth,Asser,9999-01-01,Senior Staff
400478,Rafols,Lund,9999-01-01,Staff
400484,JoAnne,Beausoleil,9999-01-01,Senior Staff
400487,Takahito,Shobatake,9999-01-01,Senior Staff
400495,Jixiang,Pero,9999-01-01,Engineer
400497,Shigeaki,Schaar,9999-01-01,Senior Staff
400500,Mara,Mondadori,9999-01-01,Engineer
400514,Baruch,Curless,9999-01-01,Senior Engineer
400522,Tsutomu,Lenart,9999-01-01,Senior Staff
400549,Prasadram,Cincotta,9999-01-01,Senior Staff
400555,Percy,Baer,9999-01-01,Engineer
400559,Poornachandra,Schnelling,9999-01-01,Senior Staff
400561,Doowon,Thambidurai,9999-01-01,Senior Engineer
400565,Mark,Rusterholz,9999-01-01,Staff
400569,Temple,Lores,9999-01-01,Senior Engineer
400570,Neelam,Ghandeharizadeh,9999-01-01,Senior Engineer
400571,Stafford,Iacovou,9999-01-01,Senior Staff
400576,Hein,Kalorkoti,9999-01-01,Senior Engineer
400577,Yinghua,Maraist,9999-01-01,Senior Staff
400592,Monique,Swist,9999-01-01,Senior Staff
400608,Tsz,Butner,9999-01-01,Engineer
400614,Shietung,Potthoff,9999-01-01,Engineer
400619,Sverrir,Reutenauer,9999-01-01,Senior Engineer
400639,Gilbert,Birge,9999-01-01,Senior Engineer
400646,Youssef,Cooke,9999-01-01,Senior Engineer
400649,Shakhar,Luff,9999-01-01,Senior Staff
400650,Alselm,Attimonelli,9999-01-01,Senior Engineer
400667,Remmert,Uludag,9999-01-01,Engineer
400680,Ewing,Gerteisen,9999-01-01,Senior Staff
400696,Lillian,Orlowska,9999-01-01,Technique Leader
400702,Edwin,Yamaashi,9999-01-01,Engineer
400715,Shaw,Mellouli,9999-01-01,Technique Leader
400759,Navid,Merel,9999-01-01,Senior Engineer
400764,Shay,Melton,9999-01-01,Staff
400776,Hauke,Sullins,9999-01-01,Senior Staff
400779,Danae,Biran,9999-01-01,Staff
400789,Henk,Griswold,9999-01-01,Senior Staff
400809,Hisao,Fujisawa,9999-01-01,Staff
400824,Zsolt,Koshiba,9999-01-01,Senior Staff
400848,Dung,Flowers,9999-01-01,Staff
400855,Szabolcs,Wilharm,9999-01-01,Senior Engineer
400864,Kiyotoshi,Olano,9999-01-01,Staff
400872,Oguz,Lueh,9999-01-01,Senior Staff
400877,Dmitry,Azuma,9999-01-01,Senior Staff
400878,Tru,Demir,9999-01-01,Engineer
400885,Gaurav,Peck,9999-01-01,Senior Staff
400908,Eckart,Koprowski,9999-01-01,Engineer
400933,Nikolaos,Vesna,9999-01-01,Engineer
400950,Otmar,Erie,9999-01-01,Staff
400953,Sham,Maksimenko,9999-01-01,Senior Engineer
400957,Yakkov,Worfolk,9999-01-01,Senior Engineer
400962,Menkae,Schlenzig,9999-01-01,Senior Engineer
400966,Izaskun,Percebois,9999-01-01,Staff
400975,Toshiko,Gniady,9999-01-01,Staff
400982,Jessie,Rindone,9999-01-01,Assistant Engineer
400983,Itzchak,Rabehasaina,9999-01-01,Senior Engineer
400984,Valdiodio,Swift,9999-01-01,Senior Staff
401000,Barry,Reeker,9999-01-01,Engineer
401002,Rosella,Munch,9999-01-01,Staff
401006,Naftali,Conde,9999-01-01,Senior Staff
401008,Adit,Penz,9999-01-01,Senior Engineer
401010,Richara,Terkki,9999-01-01,Staff
401017,Shigeu,Provine,9999-01-01,Senior Staff
401019,Rosalyn,Codenie,9999-01-01,Senior Engineer
401031,Xumin,Butner,9999-01-01,Senior Engineer
401057,Mohammad,Takkinen,9999-01-01,Senior Engineer
401085,Weiye,Brobst,9999-01-01,Senior Engineer
401086,Lorien,Linares,9999-01-01,Senior Staff
401091,Kwangho,Gecsei,9999-01-01,Engineer
401108,Takahito,Kropp,9999-01-01,Staff
401124,Ravishankar,Norsworthy,9999-01-01,Senior Engineer
401125,Josyula,Rothe,9999-01-01,Senior Staff
401129,Poorav,Speckmann,9999-01-01,Staff
401133,Cedric,Qiwen,9999-01-01,Senior Engineer
401139,Udo,Masada,9999-01-01,Senior Staff
401157,Zhanqiu,Sewelson,9999-01-01,Senior Staff
401160,Yinghua,Halevi,9999-01-01,Senior Engineer
401162,Pohua,Falster,9999-01-01,Staff
401173,Shai,Nittel,9999-01-01,Engineer
401179,Conrado,Kalloufi,9999-01-01,Staff
401201,Felicidad,Narahari,9999-01-01,Senior Engineer
401206,Tua,Undy,9999-01-01,Engineer
401214,Xinyu,Stenning,9999-01-01,Staff
401227,Basant,Irland,9999-01-01,Senior Engineer
401236,Thodoros,Reeken,9999-01-01,Senior Engineer
401245,Christoper,Burnard,9999-01-01,Engineer
401255,Boaz,Docker,9999-01-01,Senior Engineer
401261,Phule,Szilard,9999-01-01,Staff
401264,Jahangir,Ballarin,9999-01-01,Senior Engineer
401279,Badri,Farris,9999-01-01,Engineer
401281,Guozhong,Journel,9999-01-01,Engineer
401298,Narain,Plotkin,9999-01-01,Senior Staff
401326,Zorica,Cullers,9999-01-01,Senior Staff
401337,Cathie,Guerreiro,9999-01-01,Assistant Engineer
401339,Xuejun,Demeyer,9999-01-01,Engineer
401340,Tomofumi,Thisen,9999-01-01,Senior Engineer
401370,Byong,Socorro,9999-01-01,Assistant Engineer
401391,Moriyoshi,Versino,9999-01-01,Staff
401405,Shaowen,Demian,9999-01-01,Engineer
401410,Hitomi,Domenig,9999-01-01,Senior Staff
401411,Werner,Boreale,9999-01-01,Technique Leader
401425,Leah,Narahara,9999-01-01,Staff
401448,Shunichi,Ranta,9999-01-01,Senior Staff
401472,LiMin,Rijckaert,9999-01-01,Staff
401474,Keung,Monkewich,9999-01-01,Senior Engineer
401517,Perla,Schahn,9999-01-01,Engineer
401522,Richard,Stifter,9999-01-01,Senior Staff
401527,Phuoc,Conti,9999-01-01,Engineer
401528,Djenana,Piazza,9999-01-01,Engineer
401529,Edwin,Sambasivam,9999-01-01,Senior Engineer
401540,Jaewoo,Mandelberg,9999-01-01,Engineer
401564,Frederique,Peha,9999-01-01,Engineer
401583,Lucian,Gips,9999-01-01,Staff
401588,Pranav,Itschner,9999-01-01,Senior Engineer
401593,Susanna,Seiwald,9999-01-01,Staff
401599,Erzsebet,Varker,9999-01-01,Engineer
401621,Karsten,Litzkow,9999-01-01,Staff
401634,Basant,Jeansoulin,9999-01-01,Engineer
401646,Sergi,Schauser,9999-01-01,Engineer
401655,Honglan,Deyuan,9999-01-01,Engineer
401657,Huican,Cooley,9999-01-01,Senior Engineer
401661,Sanjit,Stafford,9999-01-01,Senior Engineer
401670,Pohua,Badr,9999-01-01,Engineer
401678,Tomofumi,Frijda,9999-01-01,Senior Staff
401694,Tze,Veccia,9999-01-01,Senior Engineer
401701,Lucien,Baba,9999-01-01,Technique Leader
401705,Nechama,Furudate,9999-01-01,Senior Staff
401718,Qunsheng,Shanbhogue,9999-01-01,Staff
401749,Kiyotoshi,Biron,9999-01-01,Staff
401759,Kinh,Ramsay,9999-01-01,Staff
401768,Zhanqiu,Asmuth,9999-01-01,Senior Engineer
401775,Mong,Parfitt,9999-01-01,Engineer
401785,Takanari,Genin,9999-01-01,Assistant Engineer
401787,Kish,Tramer,9999-01-01,Senior Staff
401797,Yoshinari,Hasenauer,9999-01-01,Senior Staff
401799,Neven,Redmiles,9999-01-01,Engineer
401815,Barry,Stanger,9999-01-01,Senior Engineer
401817,Ayakannu,Samarati,9999-01-01,Senior Staff
401820,Bedrich,DeMori,9999-01-01,Senior Engineer
401839,JoAnne,Makrucki,9999-01-01,Senior Engineer
401843,Masami,Miyakawa,9999-01-01,Engineer
401846,Lunjin,Jakobus,9999-01-01,Engineer
401849,Susanna,Choobineh,9999-01-01,Senior Engineer
401863,Ghassan,Wolniewicz,9999-01-01,Senior Engineer
401865,Eberhardt,Emmart,9999-01-01,Staff
401891,Utpal,Garnier,9999-01-01,Engineer
401897,Hauke,Collette,9999-01-01,Staff
401900,Moon,Waymire,9999-01-01,Senior Staff
401903,Jingling,Kisuki,9999-01-01,Engineer
401908,Mohua,Bolotov,9999-01-01,Engineer
401916,Chinhyun,Itzigehl,9999-01-01,Staff
401929,Yolla,Ramras,9999-01-01,Staff
401933,Vivian,Kropf,9999-01-01,Technique Leader
401935,Vincent,Dahlbom,9999-01-01,Senior Engineer
401955,Marie,Peak,9999-01-01,Senior Staff
401961,Pradeep,Jumpertz,9999-01-01,Senior Staff
401964,Djelloul,Lorys,9999-01-01,Engineer
401983,Pranay,Mamelak,9999-01-01,Senior Staff
402010,Huican,Conta,9999-01-01,Engineer
402011,Bodo,Hatcliff,9999-01-01,Staff
402017,Phuoc,Saoudi,9999-01-01,Engineer
402019,Gian,Ibel,9999-01-01,Senior Engineer
402032,Radhia,Casley,9999-01-01,Assistant Engineer
402035,Shalesh,Back,9999-01-01,Senior Engineer
402036,Piyawadee,Heyers,9999-01-01,Senior Staff
402040,Morrie,Azadmanesh,9999-01-01,Senior Engineer
402051,Teruyuki,Comyn,9999-01-01,Engineer
402056,Bezalel,Larfeldt,9999-01-01,Staff
402057,Perry,Strooper,9999-01-01,Technique Leader
402064,Remmert,Erie,9999-01-01,Engineer
402067,Franziska,Serna,9999-01-01,Senior Staff
402073,Moss,Camurati,9999-01-01,Staff
402095,Shigeichiro,Godskesen,9999-01-01,Senior Engineer
402115,Izaskun,Rijckaert,9999-01-01,Staff
402119,Luise,Haldar,9999-01-01,Engineer
402126,Odysseas,Auria,9999-01-01,Engineer
402127,Nitsan,Georgakopoulos,9999-01-01,Staff
402132,Oscar,Wendorf,9999-01-01,Engineer
402136,Hugh,Straney,9999-01-01,Senior Staff
402162,Yoshinari,Jenevein,9999-01-01,Engineer
402163,Alejandro,Sankaranarayanan,9999-01-01,Senior Engineer
402197,Tommaso,Chappelet,9999-01-01,Senior Staff
402201,Youssef,Grabner,9999-01-01,Senior Staff
402221,Willard,Zastre,9999-01-01,Senior Engineer
402225,Tsutomu,Jiang,9999-01-01,Assistant Engineer
402230,Przemyslawa,Sanella,9999-01-01,Technique Leader
402231,Shim,Klerer,9999-01-01,Senior Staff
402238,Sergi,Ramsay,9999-01-01,Staff
402240,Paloma,Olivero,9999-01-01,Engineer
402241,Akhilish,Mukaidono,9999-01-01,Staff
402246,Leif,Aumann,9999-01-01,Assistant Engineer
402256,Nalini,Gini,9999-01-01,Senior Engineer
402277,Seshu,Besancenot,9999-01-01,Senior Staff
402290,Kagan,Riefers,9999-01-01,Staff
402315,Yannis,Birge,9999-01-01,Staff
402331,Hidefumi,Bhattacharjee,9999-01-01,Staff
402342,Giordano,Collavizza,9999-01-01,Engineer
402349,Harngdar,Lipner,9999-01-01,Staff
402365,Flemming,Menhoudj,9999-01-01,Senior Engineer
402367,Doowon,Mikschl,9999-01-01,Senior Staff
402375,Rasikan,Beeson,9999-01-01,Senior Staff
402379,Piyush,Setiz,9999-01-01,Assistant Engineer
402386,Saniya,Soicher,9999-01-01,Senior Staff
402394,Jeanne,Kossowski,9999-01-01,Senior Staff
402401,Tze,Wroclawski,9999-01-01,Technique Leader
402406,Mats,Larfeldt,9999-01-01,Staff
402424,Shushma,Khalil,9999-01-01,Senior Engineer
402425,Jeanna,Kemmerer,9999-01-01,Senior Engineer
402430,Atreye,Ernst,9999-01-01,Senior Staff
402447,Sakthirel,Rajaraman,9999-01-01,Senior Engineer
402452,Toshimitsu,Pauthner,9999-01-01,Staff
402484,George,Riexinger,9999-01-01,Engineer
402486,Krassimir,Scharstein,9999-01-01,Engineer
402514,Badri,Kermarrec,9999-01-01,Engineer
402518,Hilari,Kavvadias,9999-01-01,Senior Engineer
402533,Martins,Rijckaert,9999-01-01,Engineer
402557,Bernardo,Ozeki,9999-01-01,Senior Engineer
402574,Chikako,Birge,9999-01-01,Staff
402576,Dharmaraja,Petereit,9999-01-01,Engineer
402580,Constantino,Koyama,9999-01-01,Senior Staff
402585,Adamantios,Swick,9999-01-01,Staff
402591,Larisa,Rosaz,9999-01-01,Engineer
402594,Rosalyn,Siprelle,9999-01-01,Senior Staff
402606,Goh,Ozeri,9999-01-01,Engineer
402650,Bernice,Horswill,9999-01-01,Staff
402652,Zhigen,Toyoshima,9999-01-01,Staff
402661,Suvo,Bashian,9999-01-01,Staff
402667,Dante,Kamble,9999-01-01,Senior Engineer
402670,Demos,Lorys,9999-01-01,Engineer
402673,Arunachalam,Schaaf,9999-01-01,Senior Engineer
402675,Charlene,Merks,9999-01-01,Engineer
402683,Shaowei,Bennis,9999-01-01,Technique Leader
402697,Elliott,Stafford,9999-01-01,Senior Engineer
402704,Doohun,Demos,9999-01-01,Engineer
402709,Elzbieta,Vieth,9999-01-01,Senior Staff
402730,Armond,Puoti,9999-01-01,Senior Engineer
402736,Pohua,Thibadeau,9999-01-01,Senior Engineer
402745,Hongzue,Michaeli,9999-01-01,Senior Engineer
402747,Anneke,Highland,9999-01-01,Senior Staff
402752,Seshu,Streit,9999-01-01,Senior Engineer
402759,Ghassan,Capobianchi,9999-01-01,Senior Staff
402766,Tonia,Bauknecht,9999-01-01,Staff
402769,Gurbir,Krychniak,9999-01-01,Senior Staff
402772,Berthier,Cronau,9999-01-01,Engineer
402776,Tamiya,Uhrik,9999-01-01,Senior Engineer
402780,Isamu,Perko,9999-01-01,Senior Staff
402801,Atreye,Straney,9999-01-01,Staff
402804,Kish,Alencar,9999-01-01,Staff
402857,Fei,Kaiserswerth,9999-01-01,Engineer
402888,Szabolcs,Kawashimo,9999-01-01,Senior Engineer
402893,Vishu,Masamoto,9999-01-01,Staff
402900,LiMin,Choobineh,9999-01-01,Senior Staff
402920,Peternela,Bernardinello,9999-01-01,Staff
402936,Rance,Schaap,9999-01-01,Senior Engineer
402941,Yuqun,Himler,9999-01-01,Senior Engineer
402942,Adamantios,Ligten,9999-01-01,Senior Staff
402954,Shigeichiro,Pagter,9999-01-01,Senior Engineer
402956,Perla,Maliniak,9999-01-01,Senior Staff
403025,Atilio,Janetzko,9999-01-01,Senior Engineer
403027,Dulce,Mahnke,9999-01-01,Senior Engineer
403038,Mitsuyuki,Facello,9999-01-01,Senior Staff
403051,Owen,Erni,9999-01-01,Senior Staff
403052,Tsz,Boyle,9999-01-01,Senior Staff
403055,Paloma,Crelier,9999-01-01,Staff
403057,Toney,Falster,9999-01-01,Senior Engineer
403064,Berto,Kornyak,9999-01-01,Engineer
403085,Halsur,Irland,9999-01-01,Assistant Engineer
403102,Jianwen,Barinka,9999-01-01,Engineer
403116,Perla,Shinomoto,9999-01-01,Engineer
403134,Djelloul,Kuszyk,9999-01-01,Staff
403147,Hideyuki,Legleitner,9999-01-01,Staff
403161,Jagoda,Zultner,9999-01-01,Senior Engineer
403186,Kokou,Neimat,9999-01-01,Senior Staff
403192,Isamu,Ranze,9999-01-01,Staff
403193,Surveyors,Wiegley,9999-01-01,Technique Leader
403204,Troy,Renear,9999-01-01,Staff
403220,Subhankar,Flexer,9999-01-01,Senior Engineer
403222,Martial,Henseler,9999-01-01,Senior Engineer
403226,Berni,Pena,9999-01-01,Senior Engineer
403243,Shigeo,Erez,9999-01-01,Senior Engineer
403247,Alejandra,McFarlin,9999-01-01,Staff
403255,Annemarie,Ranft,9999-01-01,Technique Leader
403270,Waiman,Cooman,9999-01-01,Staff
403285,Geoff,Alameldin,9999-01-01,Senior Staff
403296,Seongbae,Backhouse,9999-01-01,Senior Staff
403303,Mansur,Feldhoffer,9999-01-01,Senior Engineer
403314,Zhensheng,Delaune,9999-01-01,Staff
403320,Parke,Sidou,9999-01-01,Engineer
403332,Gaetan,Peck,9999-01-01,Staff
403339,Yahiko,Reinhart,9999-01-01,Engineer
403340,Dharmaraja,Luks,9999-01-01,Engineer
403362,Arfst,Staylopatis,9999-01-01,Engineer
403364,Chikara,Picco,9999-01-01,Senior Staff
403379,Guozhong,Setia,9999-01-01,Senior Engineer
403384,DAIDA,Holburn,9999-01-01,Engineer
403395,Tayeb,Marsiglia,9999-01-01,Engineer
403404,Alair,McClure,9999-01-01,Engineer
403405,Manibrata,Clouatre,9999-01-01,Technique Leader
403406,Monique,Hammerschmidt,9999-01-01,Engineer
403409,Fumino,Iivonen,9999-01-01,Senior Engineer
403411,Bingning,Kadhim,9999-01-01,Engineer
403416,Subhada,Salverda,9999-01-01,Staff
403424,Genta,Demeyer,9999-01-01,Staff
403427,Sajjan,Gubsky,9999-01-01,Senior Engineer
403457,Aloke,Percebois,9999-01-01,Engineer
403459,Georgi,Claffy,9999-01-01,Assistant Engineer
403464,Shigenori,Bage,9999-01-01,Senior Staff
403469,Moon,Poehlman,9999-01-01,Senior Staff
403471,Foong,Sudbeck,9999-01-01,Staff
403472,Mart,Christ,9999-01-01,Technique Leader
403477,Herbert,Rajaraman,9999-01-01,Staff
403481,Filipe,Eldridge,9999-01-01,Engineer
403485,Jeane,Larfeldt,9999-01-01,Senior Staff
403488,Chinya,Crelier,9999-01-01,Senior Staff
403501,Hatsukazu,Fujisaki,9999-01-01,Staff
403505,Kazuhide,Jervis,9999-01-01,Senior Engineer
403508,Hinrich,Reutenauer,9999-01-01,Senior Staff
403536,Takahira,Simmen,9999-01-01,Staff
403552,Gaetan,Selvestrel,9999-01-01,Senior Staff
403556,Mokhtar,Nitsch,9999-01-01,Senior Engineer
403565,Zhigen,Kalafatis,9999-01-01,Senior Engineer
403588,Hironobu,Kakkad,9999-01-01,Technique Leader
403592,Phillip,Schapiro,9999-01-01,Senior Engineer
403593,Lucian,Anandan,9999-01-01,Technique Leader
403612,Gift,Haumacher,9999-01-01,Staff
403626,Jaques,Milicia,9999-01-01,Senior Staff
403647,Weiwu,Chelton,9999-01-01,Engineer
403667,Shimshon,Georgakopoulos,9999-01-01,Engineer
403690,Phillip,Doering,9999-01-01,Engineer
403697,Shigehito,Roohalamini,9999-01-01,Senior Staff
403700,Cedric,Picco,9999-01-01,Senior Staff
403719,Geoffry,Hammerschmidt,9999-01-01,Staff
403721,Arup,Siksek,9999-01-01,Senior Engineer
403724,Gita,Buchter,9999-01-01,Senior Staff
403727,Waiman,Delgrande,9999-01-01,Senior Engineer
403734,Oscal,Famili,9999-01-01,Senior Staff
403740,Yakkov,Garnick,9999-01-01,Technique Leader
403755,Zhiguo,Bellone,9999-01-01,Staff
403756,Parke,Schonegge,9999-01-01,Senior Engineer
403798,Achilleas,Wissmann,9999-01-01,Senior Engineer
403806,Phillip,Piveteau,9999-01-01,Senior Engineer
403815,Sariel,Kornatzky,9999-01-01,Senior Staff
403820,Toshimori,Ratzlaff,9999-01-01,Engineer
403824,Bangqing,Gerlach,9999-01-01,Senior Engineer
403831,Arunas,Thimonier,9999-01-01,Senior Staff
403836,Heng,Syrotiuk,9999-01-01,Senior Staff
403859,Arunachalam,Roison,9999-01-01,Senior Engineer
403860,Pragnesh,Senzako,9999-01-01,Senior Staff
403866,Vasilii,Slutz,9999-01-01,Engineer
403867,Valeri,Chartres,9999-01-01,Senior Staff
403868,Filipe,Randi,9999-01-01,Staff
403880,Masaki,Bonifati,9999-01-01,Senior Engineer
403887,Gilbert,Fontan,9999-01-01,Staff
403888,Qunsheng,Karner,9999-01-01,Senior Staff
403897,Yoshinari,Foong,9999-01-01,Engineer
403909,Macha,Lichtman,9999-01-01,Staff
403918,Fox,Molenkamp,9999-01-01,Staff
403936,Jianwen,Kuzuoka,9999-01-01,Senior Engineer
403940,Christoper,Gustavson,9999-01-01,Senior Engineer
403959,Aleksander,Androutsos,9999-01-01,Senior Staff
403970,Prasadram,Dusink,9999-01-01,Engineer
403979,Xinglin,Morrin,9999-01-01,Senior Staff
403984,Shay,Sambasivam,9999-01-01,Technique Leader
403989,Seongbin,Keustermans,9999-01-01,Senior Staff
403997,Tran,Jansch,9999-01-01,Staff
403998,Yucel,Peroz,9999-01-01,Senior Engineer
403999,Boguslaw,Pouyioutas,9999-01-01,Senior Staff
404009,Irena,Codenie,9999-01-01,Senior Staff
404014,Djelloul,Improta,9999-01-01,Staff
404029,Yinlin,Zizka,9999-01-01,Senior Staff
404046,Tayeb,Lorch,9999-01-01,Staff
404055,Weiru,Belinskaya,9999-01-01,Staff
404057,Boaz,Decaestecker,9999-01-01,Technique Leader
404058,Laurentiu,Comte,9999-01-01,Senior Staff
404061,Moty,Denny,9999-01-01,Senior Engineer
404064,Tadanori,Alpay,9999-01-01,Senior Staff
404074,Horward,Moehrke,9999-01-01,Assistant Engineer
404085,Moie,Aingworth,9999-01-01,Senior Staff
404089,Yunming,Kaiserswerth,9999-01-01,Senior Engineer
404094,Radhia,Ghandeharizadeh,9999-01-01,Engineer
404097,Shigeu,Validov,9999-01-01,Engineer
404100,Kasidit,Conte,9999-01-01,Senior Engineer
404105,Minghong,Cyre,9999-01-01,Staff
404106,Amstein,Brobst,9999-01-01,Senior Staff
404123,Arfst,Encarnacion,9999-01-01,Senior Staff
404140,Gou,Kroft,9999-01-01,Engineer
404171,Richara,Berstel,9999-01-01,Senior Staff
404172,Bodh,Lamparter,9999-01-01,Senior Staff
404179,Susuma,Bodoff,9999-01-01,Senior Engineer
404182,Heng,Keohane,9999-01-01,Staff
404188,Wojceich,Schaar,9999-01-01,Senior Engineer
404208,Mototsugu,Georgakopoulos,9999-01-01,Senior Engineer
404209,Shakhar,Buescher,9999-01-01,Staff
404212,Clyde,Doering,9999-01-01,Engineer
404218,Keung,Berstel,9999-01-01,Senior Engineer
404219,Ramya,Passafiume,9999-01-01,Senior Engineer
404221,Aleksander,Bernini,9999-01-01,Engineer
404223,Erzsebet,Demian,9999-01-01,Senior Engineer
404233,Baziley,Nivat,9999-01-01,Staff
404234,Khoa,Nastansky,9999-01-01,Senior Staff
404260,Shao,Luon,9999-01-01,Staff
404276,Eldridge,Pettit,9999-01-01,Senior Staff
404287,Paraskevi,Gelosh,9999-01-01,Senior Staff
404297,Goetz,Weedman,9999-01-01,Senior Engineer
404299,Rimli,Peot,9999-01-01,Senior Staff
404302,Miomir,Baar,9999-01-01,Staff
404307,King,Lakshmanan,9999-01-01,Senior Engineer
404316,Kwun,Bahr,9999-01-01,Senior Engineer
404327,Nitsan,Ritcey,9999-01-01,Senior Staff
404332,Lubomir,Ouhyoung,9999-01-01,Senior Staff
404338,Gio,Parhami,9999-01-01,Senior Engineer
404351,Rosalyn,Erni,9999-01-01,Senior Engineer
404358,Zita,Greibach,9999-01-01,Senior Staff
404359,Gretta,Krohn,9999-01-01,Senior Engineer
404418,Kamakshi,Speckmann,9999-01-01,Engineer
404420,Mary,Ranka,9999-01-01,Engineer
404428,Sadok,Beerel,9999-01-01,Staff
404430,Turgut,Stassinopoulos,9999-01-01,Staff
404433,Arve,Hemaspaandra,9999-01-01,Assistant Engineer
404443,Udaiprakash,Georgakopoulos,9999-01-01,Senior Engineer
404449,Xiaoqiu,Schnelling,9999-01-01,Senior Engineer
404464,Danil,Stentiford,9999-01-01,Staff
404469,Bartek,Maginnis,9999-01-01,Staff
404470,Chikara,Schrift,9999-01-01,Engineer
404474,Mats,Sethi,9999-01-01,Engineer
404484,Chikara,Usdin,9999-01-01,Engineer
404486,Masami,Masada,9999-01-01,Engineer
404493,Tadahiko,Ranta,9999-01-01,Engineer
404501,Maya,Nitta,9999-01-01,Staff
404503,Xiong,Facello,9999-01-01,Staff
404506,Tesuro,Gips,9999-01-01,Senior Staff
404508,Troy,Besancenot,9999-01-01,Senior Staff
404520,Honglan,Mahnke,9999-01-01,Senior Engineer
404533,Kankanahalli,Heping,9999-01-01,Staff
404538,Kenroku,Poujol,9999-01-01,Senior Engineer
404542,Kellyn,Pellegrinelli,9999-01-01,Engineer
404572,Sachar,Kitsuregawa,9999-01-01,Engineer
404583,Khun,Sambasivam,9999-01-01,Engineer
404597,Aris,Fiebach,9999-01-01,Senior Staff
404611,Marc,Griswold,9999-01-01,Senior Engineer
404648,Vincent,Ozery,9999-01-01,Engineer
404674,Rajmohan,Furedi,9999-01-01,Senior Engineer
404691,Alselm,Tomescu,9999-01-01,Senior Engineer
404704,Padma,Borstler,9999-01-01,Staff
404722,Atreyi,Papsdorf,9999-01-01,Engineer
404727,Isamu,Swick,9999-01-01,Senior Engineer
404732,Arunas,Gonthier,9999-01-01,Assistant Engineer
404741,Shounak,Reghbati,9999-01-01,Senior Staff
404749,Jaewoo,Reeken,9999-01-01,Senior Engineer
404750,Shahaf,Heiserman,9999-01-01,Technique Leader
404767,Laurentiu,Lieblein,9999-01-01,Staff
404771,Sverrir,Argence,9999-01-01,Senior Staff
404781,Arunachalam,Laurillard,9999-01-01,Senior Staff
404789,Shuichi,Mandell,9999-01-01,Senior Engineer
404813,Takushi,Yurek,9999-01-01,Engineer
404816,Limsoon,Stifter,9999-01-01,Engineer
404839,Mary,Masand,9999-01-01,Engineer
404850,Adib,Sevcikova,9999-01-01,Engineer
404855,Georgy,Hiraishi,9999-01-01,Engineer
404858,Moty,Srimani,9999-01-01,Technique Leader
404859,Koldo,Gelosh,9999-01-01,Senior Staff
404870,Tua,Dayang,9999-01-01,Staff
404875,Khatoun,Meszaros,9999-01-01,Senior Staff
404878,Syozo,Schaaf,9999-01-01,Senior Staff
404884,Adib,Yetim,9999-01-01,Engineer
404890,Snehasis,Schreiter,9999-01-01,Staff
404894,Weicheng,Herath,9999-01-01,Technique Leader
404902,Bader,Mapelli,9999-01-01,Senior Engineer
404914,Bodh,Matzel,9999-01-01,Senior Engineer
404918,Harjit,Radwan,9999-01-01,Engineer
404935,Hailing,Schauser,9999-01-01,Engineer
404950,Shin,Murtha,9999-01-01,Senior Staff
404952,Suzette,Goldhammer,9999-01-01,Staff
404962,Sven,Pena,9999-01-01,Senior Engineer
404965,Yahiko,Maraist,9999-01-01,Senior Staff
404970,Mohammad,Hiltgen,9999-01-01,Staff
404980,Nitsan,Muchinsky,9999-01-01,Senior Staff
404985,Atilio,Negoita,9999-01-01,Senior Staff
404996,Gay,Baig,9999-01-01,Senior Staff
405010,Genevieve,Bierman,9999-01-01,Senior Staff
405023,Radhia,Leivant,9999-01-01,Senior Staff
405024,Oddvar,Preusig,9999-01-01,Engineer
405056,Vidar,Birrer,9999-01-01,Senior Engineer
405060,Amabile,Ozery,9999-01-01,Senior Engineer
405064,Shim,Bojadziev,9999-01-01,Engineer
405067,Shih,Restivo,9999-01-01,Senior Staff
405068,Shounak,Siksek,9999-01-01,Staff
405072,Remmert,Schlenzig,9999-01-01,Engineer
405092,Yonghong,Hutton,9999-01-01,Senior Staff
405096,Lubomir,Suermann,9999-01-01,Senior Engineer
405104,IEEE,Georgakopoulos,9999-01-01,Senior Engineer
405107,Claudi,Deville,9999-01-01,Senior Staff
405108,Kazuhisa,Rijsenbrij,9999-01-01,Senior Staff
405114,Sedat,Trumbly,9999-01-01,Staff
405123,Zeljko,Walstra,9999-01-01,Senior Staff
405126,Bokyung,Taneja,9999-01-01,Staff
405129,Basant,Farrow,9999-01-01,Technique Leader
405139,Takahiro,Besselaar,9999-01-01,Senior Engineer
405140,Stella,Adachi,9999-01-01,Senior Engineer
405141,Mahendra,Tokunaga,9999-01-01,Staff
405170,Mrinalini,Rahier,9999-01-01,Senior Engineer
405175,Ulises,Smeets,9999-01-01,Staff
405184,Brewster,Miara,9999-01-01,Senior Staff
405193,Soenke,Zeleznik,9999-01-01,Senior Engineer
405198,Sahrah,Bahr,9999-01-01,Staff
405199,Gou,Antonisse,9999-01-01,Senior Staff
405200,Charmane,Furedi,9999-01-01,Engineer
405203,Muneo,Panienski,9999-01-01,Senior Engineer
405204,Kwan,Bade,9999-01-01,Engineer
405212,Mikhail,Lorin,9999-01-01,Staff
405232,Saniya,Nannarelli,9999-01-01,Senior Staff
405237,Arie,Uchoa,9999-01-01,Senior Staff
405238,Masali,Ossenbruggen,9999-01-01,Senior Engineer
405246,Geoffrey,Polajnar,9999-01-01,Staff
405248,Susanne,Eugenio,9999-01-01,Engineer
405256,Billur,Domenig,9999-01-01,Senior Staff
405258,Hatsukazu,Minakawa,9999-01-01,Senior Staff
405264,Moto,Schahn,9999-01-01,Senior Staff
405265,Marlo,Gewali,9999-01-01,Technique Leader
405282,Mang,Birge,9999-01-01,Staff
405283,Munehiko,Schueller,9999-01-01,Engineer
405288,Atreyi,Eldridge,9999-01-01,Staff
405294,Shigenori,Basawa,9999-01-01,Staff
405299,Kerhong,Erdi,9999-01-01,Senior Staff
405301,Mayuri,Kulisch,9999-01-01,Staff
405337,Hideyuki,Sessa,9999-01-01,Senior Engineer
405378,Kellyn,Straney,9999-01-01,Senior Staff
405382,Kamakshi,Mansanne,9999-01-01,Senior Staff
405383,Kamran,Masand,9999-01-01,Senior Engineer
405386,Sakthirel,Vigier,9999-01-01,Engineer
405397,Arne,Poujol,9999-01-01,Senior Engineer
405403,Vojin,Pusterhofer,9999-01-01,Staff
405404,Zhenbing,Pehl,9999-01-01,Senior Engineer
405410,Aram,Picco,9999-01-01,Senior Staff
405419,Chuanyi,Chimia,9999-01-01,Senior Engineer
405426,Khoa,Anily,9999-01-01,Senior Staff
405431,Gina,Pepe,9999-01-01,Engineer
405443,Younwoo,Fraisse,9999-01-01,Senior Engineer
405451,Ipke,Daescu,9999-01-01,Staff
405453,Surveyors,Peres,9999-01-01,Senior Staff
405472,Takushi,Miake,9999-01-01,Engineer
405489,Weidon,Merks,9999-01-01,Senior Engineer
405496,Uriel,Pramanik,9999-01-01,Engineer
405512,Mabhin,Jeansoulin,9999-01-01,Senior Engineer
405523,Steen,Conti,9999-01-01,Engineer
405535,Yagil,Schieder,9999-01-01,Senior Staff
405536,Gor,Baaz,9999-01-01,Senior Engineer
405577,Mads,Middleton,9999-01-01,Engineer
405583,Gretta,Reeker,9999-01-01,Senior Staff
405585,Keung,Pappas,9999-01-01,Senior Engineer
405591,Kellyn,Gulik,9999-01-01,Senior Engineer
405599,Margo,Godskesen,9999-01-01,Senior Staff
405608,Wilmer,Zallocco,9999-01-01,Engineer
405623,Claude,Rosar,9999-01-01,Engineer
405630,Takahiro,Vidya,9999-01-01,Staff
405639,Godehard,Lienhardt,9999-01-01,Engineer
405660,Phuoc,Erva,9999-01-01,Senior Staff
405663,Utz,Akiyama,9999-01-01,Senior Staff
405667,Makato,McDermid,9999-01-01,Staff
405687,Katsuyuki,Gaughan,9999-01-01,Engineer
405693,Cathie,Calkin,9999-01-01,Senior Engineer
405705,Mitchel,Gruenwald,9999-01-01,Staff
405707,Kaijung,Vural,9999-01-01,Senior Engineer
405709,Zvonko,Eugenio,9999-01-01,Senior Staff
405712,Iara,Munke,9999-01-01,Staff
405713,Krassimir,Nourani,9999-01-01,Staff
405714,Geoffry,Hofting,9999-01-01,Senior Staff
405721,Pascal,Tempesti,9999-01-01,Engineer
405725,Gennady,Templeman,9999-01-01,Senior Staff
405732,Hidekazu,Schurmann,9999-01-01,Senior Staff
405736,Zhigen,Birdsall,9999-01-01,Senior Staff
405746,Heon,Mondadori,9999-01-01,Senior Staff
405753,Kotesh,Nations,9999-01-01,Senior Engineer
405754,Fei,Borovoy,9999-01-01,Engineer
405758,Shichao,Manders,9999-01-01,Senior Staff
405765,Ult,Schach,9999-01-01,Staff
405767,Subhrajyoti,Maliniak,9999-01-01,Engineer
405774,Weiyi,Cmelik,9999-01-01,Senior Engineer
405778,Gal,Uludag,9999-01-01,Staff
405785,Hugo,Erva,9999-01-01,Staff
405786,Unal,Cangellaris,9999-01-01,Senior Engineer
405808,Chinhyun,Heering,9999-01-01,Engineer
405811,Heeju,Anido,9999-01-01,Senior Staff
405832,Dante,Bellone,9999-01-01,Senior Engineer
405833,Sudhanshu,Kampfer,9999-01-01,Senior Staff
405834,Miomir,Ginneken,9999-01-01,Engineer
405848,Constantino,Zschoche,9999-01-01,Senior Engineer
405850,Wayne,Ghazalie,9999-01-01,Senior Engineer
405861,Ramzi,Gerteisen,9999-01-01,Senior Staff
405870,Goetz,Honiden,9999-01-01,Engineer
405888,Leucio,Alpay,9999-01-01,Senior Staff
405892,Tamiya,Cullers,9999-01-01,Staff
405897,Jiafu,Moehrke,9999-01-01,Senior Staff
405903,Sanjeeva,Heiserman,9999-01-01,Senior Engineer
405924,Udi,Nooteboom,9999-01-01,Engineer
405931,Werner,Hebert,9999-01-01,Staff
405934,Xiaoqiu,Soloway,9999-01-01,Engineer
405940,Kaijung,Crouzet,9999-01-01,Senior Engineer
405957,Zhiguo,Cochrane,9999-01-01,Senior Engineer
405963,Hidekazu,Selenyi,9999-01-01,Senior Staff
405968,Szabolcs,Reinhard,9999-01-01,Senior Staff
405973,Mohit,Baezner,9999-01-01,Senior Engineer
406002,Maris,Molenaar,9999-01-01,Engineer
406005,Moss,Desikan,9999-01-01,Engineer
406009,Nigel,Portugali,9999-01-01,Senior Engineer
406015,Suvo,Erman,9999-01-01,Senior Staff
406038,Shuichi,Wissmann,9999-01-01,Senior Staff
406051,Guangming,Heystek,9999-01-01,Senior Staff
406063,Vatsa,Kolinko,9999-01-01,Engineer
406071,Susanta,Schapire,9999-01-01,Engineer
406075,Jianhao,Vandervoorde,9999-01-01,Engineer
406088,Uzi,Henders,9999-01-01,Senior Staff
406094,Rasiah,Sudbeck,9999-01-01,Engineer
406095,Sushant,Marchesini,9999-01-01,Staff
406099,Dhritiman,Baca,9999-01-01,Engineer
406119,Vidar,Gist,9999-01-01,Senior Engineer
406120,Leah,Merro,9999-01-01,Technique Leader
406131,Ibibia,Kuhnemann,9999-01-01,Engineer
406175,Masako,Tsunoo,9999-01-01,Senior Engineer
406180,Nagui,Stamatiou,9999-01-01,Senior Staff
406183,Qunsheng,Schnelling,9999-01-01,Senior Engineer
406192,Deniz,Tanemo,9999-01-01,Senior Staff
406206,Garnet,Heemskerk,9999-01-01,Senior Staff
406210,Nadjib,Mitina,9999-01-01,Senior Engineer
406216,Qiwen,Ciolek,9999-01-01,Senior Staff
406228,Hongzue,Decleir,9999-01-01,Senior Engineer
406233,Marie,Pettit,9999-01-01,Staff
406238,Navin,Range,9999-01-01,Engineer
406242,Chanjung,Beidas,9999-01-01,Engineer
406243,Feiyu,Hiltgen,9999-01-01,Staff
406269,Bangqing,Zastre,9999-01-01,Staff
406289,Aral,Kuzuoka,9999-01-01,Senior Staff
406293,Rosita,Gurbaxani,9999-01-01,Senior Staff
406304,Kauko,Francisci,9999-01-01,Senior Staff
406305,Anneke,Birge,9999-01-01,Engineer
406310,Fuqing,Glowinski,9999-01-01,Engineer
406312,Yuping,Maginnis,9999-01-01,Engineer
406315,Aruna,Gluchowski,9999-01-01,Senior Staff
406318,Hitomi,Gunderson,9999-01-01,Senior Engineer
406325,Jeong,Kawashimo,9999-01-01,Assistant Engineer
406326,Godehard,Vieth,9999-01-01,Senior Engineer
406336,Nishit,Heiserman,9999-01-01,Assistant Engineer
406343,Abdelkader,Ecklund,9999-01-01,Senior Engineer
406344,Seshu,Grabner,9999-01-01,Senior Engineer
406348,Zengping,Bugaenko,9999-01-01,Senior Engineer
406350,Susumu,Luon,9999-01-01,Senior Staff
406356,Otmar,Fujisaki,9999-01-01,Engineer
406376,Weiru,Schaaf,9999-01-01,Staff
406380,Xiaobin,Cyne,9999-01-01,Senior Engineer
406385,Insup,Gelosh,9999-01-01,Senior Staff
406410,Sukumar,Rodiger,9999-01-01,Staff
406414,Yonghoan,Cannard,9999-01-01,Engineer
406416,Erez,Birsak,9999-01-01,Engineer
406420,Gaetan,Thummel,9999-01-01,Senior Engineer
406422,Udo,Rikino,9999-01-01,Senior Staff
406428,Subir,Otillio,9999-01-01,Technique Leader
406436,Ugo,Leonhardt,9999-01-01,Assistant Engineer
406440,Moty,Parveen,9999-01-01,Staff
406445,Suzette,Ermel,9999-01-01,Engineer
406452,Jiang,Shumilov,9999-01-01,Engineer
406454,Dhritiman,Melter,9999-01-01,Staff
406457,Kwun,Farrag,9999-01-01,Senior Engineer
406491,Soenke,Ohori,9999-01-01,Technique Leader
406495,Pintsang,Bernardeschi,9999-01-01,Engineer
406508,Morrie,Brendel,9999-01-01,Senior Engineer
406511,Volkmar,Cappelli,9999-01-01,Staff
406516,Juyoung,Lamba,9999-01-01,Staff
406521,Lunjin,Zongker,9999-01-01,Senior Engineer
406556,Remmert,Peot,9999-01-01,Staff
406569,Shmuel,Underwood,9999-01-01,Engineer
406574,Elvis,Billawala,9999-01-01,Engineer
406587,Xuejia,Anick,9999-01-01,Staff
406588,Arto,Ozeki,9999-01-01,Senior Engineer
406611,Rafols,Vrecion,9999-01-01,Engineer
406622,Duri,Pollock,9999-01-01,Engineer
406625,Aron,Vesna,9999-01-01,Senior Staff
406628,Toshimi,Lores,9999-01-01,Senior Engineer
406631,Yuguang,Gulik,9999-01-01,Technique Leader
406644,Jordanka,Giveon,9999-01-01,Senior Engineer
406665,Tua,Kusakari,9999-01-01,Senior Engineer
406672,Rosella,Demos,9999-01-01,Senior Engineer
406703,Foong,Cherinka,9999-01-01,Senior Engineer
406713,Zhonghua,Peha,9999-01-01,Engineer
406733,Stepehn,Mawatari,9999-01-01,Senior Staff
406736,Sadun,Erman,9999-01-01,Staff
406739,Demin,Baby,9999-01-01,Engineer
406752,Masaru,Antonakopoulos,9999-01-01,Senior Staff
406766,Zengping,Gulik,9999-01-01,Engineer
406767,Ulises,Grabner,9999-01-01,Engineer
406768,Fumiko,Montresor,9999-01-01,Senior Engineer
406779,Yagil,Mandelberg,9999-01-01,Senior Staff
406803,Takanari,Baba,9999-01-01,Technique Leader
406806,Shichao,Plavsic,9999-01-01,Engineer
406819,Anestis,Itzigehl,9999-01-01,Engineer
406843,Troy,Pargaonkar,9999-01-01,Technique Leader
406853,Sachio,Couchot,9999-01-01,Assistant Engineer
406854,Reinhold,Besancenot,9999-01-01,Senior Engineer
406857,Mahmut,Kemmerer,9999-01-01,Senior Engineer
406858,Sungwon,Couchot,9999-01-01,Senior Engineer
406863,Claude,Comte,9999-01-01,Staff
406871,Chuanyi,Karlin,9999-01-01,Senior Engineer
406884,Xiping,Peltason,9999-01-01,Staff
406888,Oddvar,Warwick,9999-01-01,Senior Engineer
406894,Giri,Curless,9999-01-01,Engineer
406922,Denis,Piazza,9999-01-01,Engineer
406935,Arunachalam,Jansen,9999-01-01,Senior Engineer
406949,Rafael,Yoshizawa,9999-01-01,Technique Leader
406950,Adas,Heering,9999-01-01,Senior Staff
406957,Sangeeta,Rosin,9999-01-01,Technique Leader
406960,Janalee,Wrigley,9999-01-01,Engineer
406973,Adly,Weedon,9999-01-01,Senior Staff
406999,Jasminko,Srimani,9999-01-01,Senior Engineer
407007,Bluma,Shobatake,9999-01-01,Assistant Engineer
407008,Remzi,Piveteau,9999-01-01,Senior Staff
407013,Oldrich,Jiafu,9999-01-01,Engineer
407026,Ishfaq,Bauknecht,9999-01-01,Senior Engineer
407027,Bernardo,Karner,9999-01-01,Senior Engineer
407039,Juichirou,Chachaty,9999-01-01,Senior Staff
407043,Hercules,Kushnir,9999-01-01,Senior Engineer
407051,Mads,Azuma,9999-01-01,Senior Engineer
407052,Babette,Perry,9999-01-01,Engineer
407071,Cordelia,Matheson,9999-01-01,Senior Staff
407073,Rasikan,Pelc,9999-01-01,Staff
407092,Maren,Clemencon,9999-01-01,Staff
407106,Yonghoan,Koblick,9999-01-01,Engineer
407116,Bokyung,Lorho,9999-01-01,Staff
407125,Gila,Taneja,9999-01-01,Senior Staff
407133,Terresa,Benzmuller,9999-01-01,Engineer
407136,Pasqua,Cardazo,9999-01-01,Senior Staff
407137,Elliott,Morrey,9999-01-01,Senior Staff
407153,Sakthirel,Rosaz,9999-01-01,Senior Engineer
407162,Lech,Sridhar,9999-01-01,Senior Staff
407163,Suebskul,Ranka,9999-01-01,Engineer
407185,Xinyu,Christianini,9999-01-01,Engineer
407191,Itzchak,Bolotov,9999-01-01,Senior Staff
407198,Juichirou,Speek,9999-01-01,Engineer
407200,Nevin,Ligten,9999-01-01,Staff
407219,Ramachenga,Eldridge,9999-01-01,Engineer
407229,Narain,Ballarin,9999-01-01,Senior Engineer
407233,Chenye,Basagni,9999-01-01,Senior Staff
407252,Jasminko,Chimia,9999-01-01,Senior Engineer
407258,Jasminko,Shackel,9999-01-01,Engineer
407260,Kiam,Baak,9999-01-01,Senior Staff
407271,Siddarth,Socorro,9999-01-01,Senior Engineer
407273,Ottavia,Imataki,9999-01-01,Staff
407274,Alejandra,Merel,9999-01-01,Senior Staff
407279,Tran,Ibel,9999-01-01,Staff
407304,Jeong,Valette,9999-01-01,Staff
407326,Jiafu,Spataro,9999-01-01,Staff
407327,Zdislav,Kaelbling,9999-01-01,Engineer
407338,Erzsebet,Zaiane,9999-01-01,Staff
407359,Suvo,Baezner,9999-01-01,Senior Engineer
407368,Morris,Garnick,9999-01-01,Senior Staff
407376,Goncalo,Boudaillier,9999-01-01,Staff
407382,Moon,Sadowsky,9999-01-01,Staff
407384,Bernardo,Dredge,9999-01-01,Senior Staff
407389,Garnet,Fordan,9999-01-01,Senior Engineer
407390,Jacqueline,Greibach,9999-01-01,Senior Staff
407398,Uwe,Azuma,9999-01-01,Staff
407411,Shaowei,Baby,9999-01-01,Senior Engineer
407413,Filipe,Driscoll,9999-01-01,Senior Engineer
407421,Shigehito,Penn,9999-01-01,Senior Engineer
407424,Sastry,Hoppenstand,9999-01-01,Technique Leader
407425,Harngdar,Setiz,9999-01-01,Engineer
407435,Fumiya,Ellozy,9999-01-01,Engineer
407437,Mabo,Farrag,9999-01-01,Senior Staff
407438,Sadok,Kusalik,9999-01-01,Engineer
407451,Sorina,Ponthieu,9999-01-01,Assistant Engineer
407454,Masato,Braccini,9999-01-01,Engineer
407460,Guiseppe,Morris,9999-01-01,Staff
407472,Souichi,Lorin,9999-01-01,Engineer
407487,Aloys,Frezza,9999-01-01,Engineer
407499,Suebskul,Schapire,9999-01-01,Senior Engineer
407504,Shigehiro,Levasseur,9999-01-01,Staff
407517,Shuichi,Luby,9999-01-01,Staff
407518,Shirish,McAlpine,9999-01-01,Senior Staff
407528,Seshu,Perin,9999-01-01,Senior Staff
407537,Fumiya,Walston,9999-01-01,Engineer
407545,Elliott,Danlos,9999-01-01,Engineer
407553,Berthier,Hmelo,9999-01-01,Engineer
407558,Ayakannu,Hammerschmidt,9999-01-01,Engineer
407559,Hironoby,Adachi,9999-01-01,Senior Staff
407562,Bodh,Budinsky,9999-01-01,Senior Staff
407583,Chenye,Reinhard,9999-01-01,Senior Staff
407594,Carrsten,Cannard,9999-01-01,Staff
407595,Hideo,Lowrie,9999-01-01,Staff
407613,Vitali,Rosenbaum,9999-01-01,Staff
407640,Uta,DuCasse,9999-01-01,Senior Engineer
407642,Jiakeng,Oberman,9999-01-01,Senior Engineer
407648,Neelam,Reinhard,9999-01-01,Staff
407649,Uriel,Waeselynck,9999-01-01,Staff
407653,Hitomi,Baezner,9999-01-01,Senior Staff
407671,Achilleas,Lanteri,9999-01-01,Technique Leader
407710,Yuqun,Luiz,9999-01-01,Senior Staff
407724,Bogdan,Kambil,9999-01-01,Senior Staff
407730,Marlo,Vilarrasa,9999-01-01,Senior Staff
407733,Susumu,Valtorta,9999-01-01,Senior Engineer
407737,Mingzeng,Mundy,9999-01-01,Senior Engineer
407749,Limsoon,Jahnichen,9999-01-01,Senior Engineer
407766,Yoshinari,Schmittgen,9999-01-01,Staff
407768,Chinya,Lortz,9999-01-01,Senior Staff
407770,Jackson,Szilard,9999-01-01,Engineer
407775,Khedija,Waeselynck,9999-01-01,Engineer
407799,Hausi,Xiaoshan,9999-01-01,Engineer
407802,Sadun,Zedlitz,9999-01-01,Engineer
407803,Khatoun,Chaudhury,9999-01-01,Staff
407809,JoAnne,Suri,9999-01-01,Senior Engineer
407810,Guozhong,Nastansky,9999-01-01,Staff
407817,Fai,Zobel,9999-01-01,Senior Staff
407823,Shietung,Kornatzky,9999-01-01,Senior Staff
407824,Sreekrishna,Kalsbeek,9999-01-01,Engineer
407827,Kannan,Steinauer,9999-01-01,Staff
407846,Laurentiu,Muniz,9999-01-01,Engineer
407861,Bodh,Birta,9999-01-01,Senior Staff
407867,Sanjay,Pappas,9999-01-01,Engineer
407879,Jingling,Spell,9999-01-01,Technique Leader
407882,Duke,Kilgore,9999-01-01,Engineer
407886,Shmuel,Riexinger,9999-01-01,Senior Staff
407896,Shai,Staudhammer,9999-01-01,Engineer
407906,Fatemeh,Androutsos,9999-01-01,Staff
407914,Jayson,Swift,9999-01-01,Senior Staff
407915,Mototsugu,Scharstein,9999-01-01,Senior Staff
407919,Val,Schlumberger,9999-01-01,Engineer
407930,Alair,Kirkerud,9999-01-01,Senior Engineer
407951,Youngkon,Olano,9999-01-01,Senior Staff
407956,Yonghong,Kawashima,9999-01-01,Senior Staff
407964,Zdislav,Pelz,9999-01-01,Technique Leader
407967,Tamiya,Simkin,9999-01-01,Senior Engineer
407970,Sangeeta,Barbanera,9999-01-01,Senior Engineer
407972,Sachar,Huxford,9999-01-01,Senior Engineer
407983,Khun,Plotkin,9999-01-01,Senior Engineer
407984,Chrisa,Gien,9999-01-01,Senior Engineer
407991,Marco,Redmiles,9999-01-01,Staff
407999,Kazuhiko,Pappas,9999-01-01,Senior Staff
408006,Hinrich,Gniady,9999-01-01,Assistant Engineer
408014,Tuval,Janetzko,9999-01-01,Engineer
408023,Jovan,Henders,9999-01-01,Assistant Engineer
408034,Brendon,Brendel,9999-01-01,Senior Engineer
408064,Kerryn,Kinley,9999-01-01,Senior Staff
408085,Cheong,Veevers,9999-01-01,Senior Engineer
408086,Tonia,Velardi,9999-01-01,Engineer
408101,Arno,Takanami,9999-01-01,Technique Leader
408113,Lidong,Gips,9999-01-01,Senior Engineer
408124,Dannz,Lipner,9999-01-01,Engineer
408125,Laurentiu,Famili,9999-01-01,Senior Staff
408128,Berna,Puppe,9999-01-01,Senior Staff
408131,Arne,Schach,9999-01-01,Staff
408137,Sakthirel,Rousseau,9999-01-01,Senior Engineer
408167,Greger,Demizu,9999-01-01,Senior Staff
408172,Rosli,Staudhammer,9999-01-01,Engineer
408176,Heping,Perri,9999-01-01,Senior Staff
408181,Zhigen,Emden,9999-01-01,Staff
408183,Ziya,Liesche,9999-01-01,Senior Staff
408194,Patricio,Kawashima,9999-01-01,Senior Engineer
408197,Dietrich,Zultner,9999-01-01,Senior Staff
408204,Pranay,Garrabrants,9999-01-01,Senior Staff
408205,Hongzhu,Goldhammer,9999-01-01,Senior Staff
408208,Xuejia,Senzako,9999-01-01,Staff
408212,Tomofumi,Potthoff,9999-01-01,Engineer
408214,Eberhardt,Tchuente,9999-01-01,Senior Staff
408216,Shridhar,Acton,9999-01-01,Staff
408217,Eben,Schneeberger,9999-01-01,Engineer
408228,Valeska,Rosen,9999-01-01,Senior Engineer
408241,Moti,Preusig,9999-01-01,Technique Leader
408247,Tamiya,Stenning,9999-01-01,Senior Staff
408251,Christ,Erdmenger,9999-01-01,Technique Leader
408257,Moriyoshi,Rusterholz,9999-01-01,Engineer
408267,Uri,Lieblein,9999-01-01,Senior Engineer
408269,Jessie,Hebert,9999-01-01,Staff
408272,Stabislas,Lanzelotte,9999-01-01,Senior Staff
408277,Bokyung,Baez,9999-01-01,Staff
408294,Khalil,Baek,9999-01-01,Staff
408296,Pasqua,Preusig,9999-01-01,Engineer
408299,Hatsukazu,Litecky,9999-01-01,Technique Leader
408317,Roselyn,Unno,9999-01-01,Engineer
408324,Shigehito,Argence,9999-01-01,Senior Staff
408328,Karlis,Melton,9999-01-01,Staff
408339,Yolla,Seiwald,9999-01-01,Senior Staff
408347,Masamitsu,Emmart,9999-01-01,Senior Staff
408348,Syozo,Zeilberger,9999-01-01,Senior Staff
408363,Tsutomu,Gente,9999-01-01,Senior Staff
408371,Felicidad,Nishimukai,9999-01-01,Senior Staff
408397,Pranay,Ranon,9999-01-01,Senior Engineer
408422,Mayuri,Whittlesey,9999-01-01,Engineer
408425,Marke,Vieri,9999-01-01,Senior Engineer
408429,Weicheng,Heinisuo,9999-01-01,Engineer
408434,Xuejun,Snedden,9999-01-01,Engineer
408464,Leandro,Dalphin,9999-01-01,Engineer
408470,Brendon,Schueller,9999-01-01,Senior Engineer
408474,Rosli,Krohn,9999-01-01,Senior Staff
408477,Navin,Lovengreen,9999-01-01,Senior Engineer
408488,Navin,Edelhoff,9999-01-01,Senior Staff
408498,Ottavia,Carrere,9999-01-01,Engineer
408517,Shen,Plump,9999-01-01,Staff
408523,Shan,Barreiro,9999-01-01,Senior Engineer
408536,Kotesh,Saoudi,9999-01-01,Senior Staff
408551,Abdulah,Schiper,9999-01-01,Staff
408552,Holgard,Trumbly,9999-01-01,Engineer
408556,Kankanahalli,Farrar,9999-01-01,Senior Engineer
408557,Anwar,Reinhart,9999-01-01,Engineer
408571,Suebskul,Sinitsyn,9999-01-01,Senior Staff
408577,Ibibia,Schwabacher,9999-01-01,Senior Staff
408589,Chikako,Pietrzykowski,9999-01-01,Engineer
408591,Lorien,Pouyioutas,9999-01-01,Senior Engineer
408592,Neelam,Itzigehl,9999-01-01,Engineer
408608,Hyuncheol,Skafidas,9999-01-01,Senior Staff
408613,Mart,Angelov,9999-01-01,Senior Engineer
408621,Masaru,Jiang,9999-01-01,Senior Staff
408626,Jianhua,Swan,9999-01-01,Engineer
408629,Conor,Jayawardene,9999-01-01,Senior Staff
408644,Jaideep,Otillio,9999-01-01,Senior Staff
408657,Suvo,Argence,9999-01-01,Engineer
408662,Rildo,Erva,9999-01-01,Senior Engineer
408690,Vidya,Terekhov,9999-01-01,Technique Leader
408704,Zissis,Randi,9999-01-01,Senior Staff
408712,Paddy,Perko,9999-01-01,Staff
408721,Moss,Bottner,9999-01-01,Senior Staff
408731,Jeanne,Quadeer,9999-01-01,Senior Engineer
408736,Junsik,Poehlman,9999-01-01,Staff
408742,Janalee,Aumann,9999-01-01,Engineer
408752,Kristinn,Teitelbaum,9999-01-01,Senior Engineer
408763,Kerryn,Tzvieli,9999-01-01,Engineer
408771,Chanjung,Munro,9999-01-01,Staff
408807,Hsiangchu,Tanemo,9999-01-01,Staff
408808,Nikolaos,Birrer,9999-01-01,Technique Leader
408814,Utz,Kropp,9999-01-01,Staff
408818,Bingning,Coorg,9999-01-01,Staff
408822,Baziley,Farrag,9999-01-01,Senior Staff
408825,Alair,Nitta,9999-01-01,Engineer
408834,Amstein,Ermel,9999-01-01,Staff
408842,Masami,Hartvigsen,9999-01-01,Senior Engineer
408861,Akeel,Moffat,9999-01-01,Engineer
408867,Renee,Gente,9999-01-01,Senior Staff
408868,Tuval,Milicic,9999-01-01,Senior Staff
408870,Duke,Molenkamp,9999-01-01,Engineer
408881,Christophe,Aloia,9999-01-01,Senior Engineer
408886,Boguslaw,Erni,9999-01-01,Senior Staff
408904,Fabrizio,Karner,9999-01-01,Engineer
408914,Ennio,Delgrande,9999-01-01,Senior Staff
408922,Bernardo,Gulak,9999-01-01,Engineer
408938,Along,Klerer,9999-01-01,Engineer
408942,Martine,Brizzi,9999-01-01,Staff
408948,Arve,Munoz,9999-01-01,Senior Engineer
408956,Claudi,Zlotek,9999-01-01,Staff
408959,Richard,Linnainmaa,9999-01-01,Senior Staff
408965,Thanasis,Penn,9999-01-01,Senior Engineer
408967,Prasadram,Gomatam,9999-01-01,Engineer
408968,Mabhin,Isard,9999-01-01,Staff
408971,Premal,Kilgore,9999-01-01,Engineer
408974,Jouko,Fasbender,9999-01-01,Staff
408986,Yannik,Kilgour,9999-01-01,Senior Engineer
408989,Huei,Heyers,9999-01-01,Senior Engineer
408990,Weijing,Mikschl,9999-01-01,Senior Staff
409001,Randi,Orlowski,9999-01-01,Senior Staff
409011,Ramya,Morton,9999-01-01,Senior Staff
409017,Hinrich,Bultermann,9999-01-01,Engineer
409028,Steve,Hebden,9999-01-01,Staff
409035,Gad,Vadhan,9999-01-01,Engineer
409039,Sergi,Smeets,9999-01-01,Staff
409048,Keung,Carrere,9999-01-01,Senior Engineer
409072,Vatsa,Kroha,9999-01-01,Senior Engineer
409073,Rosella,Underwood,9999-01-01,Staff
409087,Mahendra,Spataro,9999-01-01,Engineer
409100,Khatoun,Eastman,9999-01-01,Senior Staff
409105,Munenori,Kinley,9999-01-01,Senior Staff
409118,Elvia,Wilharm,9999-01-01,Staff
409120,Panayotis,Sifakis,9999-01-01,Senior Staff
409121,Jaewon,Unno,9999-01-01,Technique Leader
409123,Abdelwaheb,Schaft,9999-01-01,Engineer
409139,Xuejia,Nourani,9999-01-01,Engineer
409145,Steve,Merey,9999-01-01,Senior Engineer
409148,Wuxu,Auria,9999-01-01,Staff
409153,Arie,Backhouse,9999-01-01,Senior Staff
409162,Nevio,Narwekar,9999-01-01,Senior Staff
409188,Xianlong,Bonifati,9999-01-01,Senior Engineer
409196,Sudharsan,Kroll,9999-01-01,Staff
409199,Shushma,Ballarin,9999-01-01,Senior Engineer
409210,Satoru,Pouyioutas,9999-01-01,Senior Staff
409236,Wilmer,Cannane,9999-01-01,Senior Engineer
409256,Zine,Herbst,9999-01-01,Senior Engineer
409267,Zijian,Roisin,9999-01-01,Engineer
409274,Jacqueline,Carrera,9999-01-01,Staff
409303,DeForest,Gulik,9999-01-01,Senior Staff
409305,Make,Curless,9999-01-01,Technique Leader
409321,Kiyotoshi,Isaac,9999-01-01,Senior Engineer
409342,Kristian,Unni,9999-01-01,Senior Staff
409365,Anestis,Deverell,9999-01-01,Senior Staff
409374,Vesna,Gischer,9999-01-01,Engineer
409385,Jolita,Speel,9999-01-01,Staff
409399,Make,Auria,9999-01-01,Staff
409406,Mario,Thambidurai,9999-01-01,Staff
409415,Chriss,Sommen,9999-01-01,Engineer
409431,Lijia,Kobuchi,9999-01-01,Senior Staff
409443,Perry,Hutter,9999-01-01,Senior Staff
409447,Zita,Vieth,9999-01-01,Senior Engineer
409451,Sudhanshu,Eterovic,9999-01-01,Senior Engineer
409454,Limsoon,Showalter,9999-01-01,Staff
409460,Aruna,Bojadziev,9999-01-01,Senior Staff
409481,Sakthirel,Brickell,9999-01-01,Engineer
409490,Noritoshi,Selenyi,9999-01-01,Staff
409517,Atilio,Nilsson,9999-01-01,Staff
409518,Duangkaew,Nitto,9999-01-01,Engineer
409522,Gadiel,Cheshire,9999-01-01,Engineer
409527,Renny,Mukaidono,9999-01-01,Senior Staff
409544,Divine,Hegner,9999-01-01,Engineer
409551,Iara,Stentiford,9999-01-01,Staff
409553,Minghong,Portugali,9999-01-01,Technique Leader
409557,Gila,Brendel,9999-01-01,Engineer
409559,Ibibia,Rosca,9999-01-01,Senior Staff
409561,Shigehito,Ullian,9999-01-01,Senior Staff
409562,Sachar,Luce,9999-01-01,Engineer
409563,Yongmin,Sidhu,9999-01-01,Engineer
409574,Mani,Reghbati,9999-01-01,Senior Engineer
409584,Duke,Cooman,9999-01-01,Technique Leader
409603,Oksana,Hiroyama,9999-01-01,Senior Staff
409607,Qiwen,Woycyznski,9999-01-01,Staff
409616,Augustine,Rosenbaum,9999-01-01,Senior Engineer
409620,Pascal,Auyong,9999-01-01,Staff
409624,Erzsebet,Porotnikoff,9999-01-01,Engineer
409625,Serif,Lindenbaum,9999-01-01,Engineer
409626,Danny,Picci,9999-01-01,Senior Staff
409648,Kenton,Mukaidono,9999-01-01,Senior Engineer
409649,Heon,Kugler,9999-01-01,Staff
409656,Oksana,Krychniak,9999-01-01,Engineer
409673,Otilia,Reistad,9999-01-01,Engineer
409685,Hausi,Brandsma,9999-01-01,Senior Engineer
409694,Chenye,Aloisi,9999-01-01,Engineer
409717,Xiaoqiu,Zyda,9999-01-01,Engineer
409726,Kyoichi,Makrucki,9999-01-01,Engineer
409731,Djenana,Ranft,9999-01-01,Engineer
409738,Torsten,Hainaut,9999-01-01,Assistant Engineer
409742,Constantijn,Aseltine,9999-01-01,Senior Staff
409751,Felicidad,Gluchowski,9999-01-01,Senior Staff
409761,Nahid,Brattka,9999-01-01,Senior Staff
409767,Maja,Ruther,9999-01-01,Staff
409768,Goncalo,Glinert,9999-01-01,Senior Engineer
409777,Jenwei,Beerel,9999-01-01,Staff
409781,Luisa,Ariola,9999-01-01,Staff
409795,Gift,Callaway,9999-01-01,Engineer
409819,Gaetan,Pellegrinelli,9999-01-01,Engineer
409822,Bedrich,Baik,9999-01-01,Senior Engineer
409841,Dharmaraja,Brodal,9999-01-01,Staff
409846,Kamran,Cherinka,9999-01-01,Technique Leader
409861,Yagil,Prochazka,9999-01-01,Engineer
409865,Woody,Ishibashi,9999-01-01,Senior Engineer
409873,Taiji,Dayana,9999-01-01,Technique Leader
409875,Suebskul,Raney,9999-01-01,Staff
409880,Tesuya,Kavraki,9999-01-01,Senior Staff
409914,Achilleas,Ramsay,9999-01-01,Senior Engineer
409918,Yinghua,Raney,9999-01-01,Technique Leader
409920,Maya,Hofman,9999-01-01,Engineer
409935,Howell,Gronowski,9999-01-01,Engineer
409942,Izaskun,Navazio,9999-01-01,Staff
409948,Gad,Daescu,9999-01-01,Technique Leader
409954,Leif,Azulay,9999-01-01,Staff
409959,Maha,Gecsei,9999-01-01,Engineer
409967,Duri,Miculan,9999-01-01,Engineer
409983,Yinghua,Bach,9999-01-01,Senior Staff
409989,Xiaobin,Beerel,9999-01-01,Staff
409995,Tomoyuki,Grospietsch,9999-01-01,Senior Engineer
410007,Gererd,Mikschl,9999-01-01,Engineer
410009,Hausi,DuBourdieux,9999-01-01,Senior Engineer
410011,Lunjin,Selvestrel,9999-01-01,Staff
410029,Martins,Lung,9999-01-01,Senior Engineer
410036,Augustine,Asrin,9999-01-01,Engineer
410043,Patricio,Mattern,9999-01-01,Senior Engineer
410061,Bouchung,Chinin,9999-01-01,Senior Engineer
410063,Bilhanan,Willoner,9999-01-01,Engineer
410065,Shooichi,Comyn,9999-01-01,Engineer
410087,Zhigen,Maraist,9999-01-01,Senior Engineer
410091,Juichirou,Manderick,9999-01-01,Senior Engineer
410098,Duke,Baek,9999-01-01,Staff
410106,Ger,Mungall,9999-01-01,Staff
410108,Unal,Ratzlaff,9999-01-01,Senior Engineer
410117,Fumiyo,Beausoleil,9999-01-01,Staff
410124,Froduald,Veccia,9999-01-01,Senior Engineer
410126,Mari,Shobatake,9999-01-01,Senior Staff
410137,Seongbin,Murthy,9999-01-01,Senior Staff
410148,Alagu,Stanger,9999-01-01,Senior Engineer
410156,Takushi,Chappelet,9999-01-01,Engineer
410184,Sandeepan,Mondadori,9999-01-01,Engineer
410201,Hein,Prenel,9999-01-01,Senior Engineer
410205,Mrinalini,Ghazalie,9999-01-01,Staff
410216,Berthier,Thorensen,9999-01-01,Staff
410248,Maria,Keustermans,9999-01-01,Staff
410255,Somnath,Anguita,9999-01-01,Senior Staff
410262,Tristan,Nergos,9999-01-01,Engineer
410265,Alper,Beausoleil,9999-01-01,Staff
410304,Gaurav,Encarnacion,9999-01-01,Engineer
410307,Aleksander,Simmen,9999-01-01,Staff
410313,Maia,Chepyzhov,9999-01-01,Assistant Engineer
410320,Emdad,Luon,9999-01-01,Senior Engineer
410327,Volkmar,Puppe,9999-01-01,Senior Engineer
410347,Marsja,Zschoche,9999-01-01,Engineer
410356,Yongqiao,Belinskaya,9999-01-01,Staff
410359,Elgin,Lowrie,9999-01-01,Senior Engineer
410360,Aral,Veeraraghavan,9999-01-01,Senior Staff
410365,Mayuko,Eldridge,9999-01-01,Senior Staff
410382,Masadi,Staelin,9999-01-01,Staff
410392,Troy,Karner,9999-01-01,Senior Staff
410418,Adas,Dahlbom,9999-01-01,Senior Engineer
410436,Uriel,Perfilyeva,9999-01-01,Senior Engineer
410444,Khoa,Hasham,9999-01-01,Senior Engineer
410456,Uno,Dalton,9999-01-01,Senior Staff
410479,Aron,Kadhim,9999-01-01,Senior Staff
410496,Jagoda,Denti,9999-01-01,Senior Staff
410503,Randi,Cappelletti,9999-01-01,Staff
410505,Hongzhu,Yetto,9999-01-01,Senior Engineer
410514,Bernice,Compeau,9999-01-01,Senior Engineer
410520,Ashish,Nittel,9999-01-01,Senior Staff
410525,Inderjeet,Shiratori,9999-01-01,Senior Staff
410527,Dayanand,Bharadwaj,9999-01-01,Staff
410553,Sanjay,Varman,9999-01-01,Senior Engineer
410561,Vitaly,Kusalik,9999-01-01,Engineer
410563,Magy,Akazan,9999-01-01,Staff
410578,Oscar,Leivant,9999-01-01,Assistant Engineer
410581,Yannik,Oxenboll,9999-01-01,Engineer
410594,Yannik,Stille,9999-01-01,Staff
410599,Rajmohan,Janetzko,9999-01-01,Senior Staff
410609,Kannan,Scallan,9999-01-01,Engineer
410618,Boutros,McConalogue,9999-01-01,Senior Engineer
410638,Baoqiu,Lieberherr,9999-01-01,Senior Engineer
410657,Shaunak,Versino,9999-01-01,Staff
410660,Chinhyun,Rusmann,9999-01-01,Senior Staff
410668,Yishay,McDermid,9999-01-01,Senior Engineer
410685,Sreekrishna,Beetstra,9999-01-01,Staff
410698,Nishit,Piazza,9999-01-01,Engineer
410706,Dhritiman,Dymetman,9999-01-01,Engineer
410708,Volkmar,Hartvigsen,9999-01-01,Senior Staff
410720,Akeno,Pargas,9999-01-01,Staff
410721,Weiye,Schoegge,9999-01-01,Engineer
410733,Gill,Passafiume,9999-01-01,Senior Staff
410744,Murthy,Papsdorf,9999-01-01,Staff
410758,Yoshimitsu,Snyers,9999-01-01,Senior Staff
410763,Zhigen,Krohn,9999-01-01,Staff
410767,Charlene,Halevi,9999-01-01,Senior Engineer
410775,Luerbio,Thebaut,9999-01-01,Staff
410794,Sangeeta,Cyne,9999-01-01,Technique Leader
410795,Kaijung,Plessier,9999-01-01,Engineer
410798,Fumiyo,Plumb,9999-01-01,Senior Engineer
410799,Paddy,Bernick,9999-01-01,Staff
410813,Eckart,Monarch,9999-01-01,Engineer
410817,Shay,Tasistro,9999-01-01,Senior Staff
410824,Satosi,Warwick,9999-01-01,Senior Staff
410856,Nishit,Glowinski,9999-01-01,Senior Engineer
410857,Anestis,Lamba,9999-01-01,Senior Staff
410862,Shigenori,Shobatake,9999-01-01,Senior Engineer
410883,Supot,Peak,9999-01-01,Staff
410887,Nagui,Stassinopoulos,9999-01-01,Staff
410890,Mads,Gelosh,9999-01-01,Staff
410893,Fusako,Schlumberger,9999-01-01,Staff
410902,Masaki,Perng,9999-01-01,Assistant Engineer
410934,Lihong,Asrin,9999-01-01,Engineer
410936,Shaunak,Christ,9999-01-01,Assistant Engineer
410938,Kensyu,Borstler,9999-01-01,Senior Staff
410948,Barun,Engelmann,9999-01-01,Senior Engineer
410957,Bernd,Malabarba,9999-01-01,Senior Staff
410966,Juichirou,Cooman,9999-01-01,Senior Staff
410990,Jayesh,Mahnke,9999-01-01,Engineer
411024,Bowen,Syrzycki,9999-01-01,Staff
411030,Slavian,Kulisch,9999-01-01,Senior Engineer
411036,Florina,Hofstetter,9999-01-01,Senior Engineer
411041,Aiichiro,Joslin,9999-01-01,Engineer
411055,Pragnesh,Yurek,9999-01-01,Senior Engineer
411078,Georg,Morton,9999-01-01,Senior Staff
411081,Zeydy,Selvestrel,9999-01-01,Technique Leader
411091,Aloys,Domenig,9999-01-01,Senior Engineer
411103,Muzhong,Uchoa,9999-01-01,Senior Engineer
411128,Srinidhi,Swist,9999-01-01,Staff
411137,Nadjib,Levasseur,9999-01-01,Engineer
411139,Muneo,Sevcikova,9999-01-01,Senior Staff
411149,Mads,Matzke,9999-01-01,Assistant Engineer
411152,Teruyuki,Schahn,9999-01-01,Senior Staff
411155,Ult,Kavanagh,9999-01-01,Senior Engineer
411160,Rafols,Barinka,9999-01-01,Senior Staff
411177,Goa,Gien,9999-01-01,Engineer
411195,Xinan,Hertweck,9999-01-01,Senior Staff
411222,Yechezkel,Kakkad,9999-01-01,Senior Staff
411234,JoAnne,Sessa,9999-01-01,Engineer
411238,Yolla,Grandbois,9999-01-01,Senior Staff
411252,Gaetan,Stafford,9999-01-01,Senior Staff
411255,George,Lores,9999-01-01,Engineer
411267,Nalini,Naudin,9999-01-01,Senior Engineer
411284,Perry,Lubachevsky,9999-01-01,Engineer
411290,Turgut,Fabrizio,9999-01-01,Senior Engineer
411302,George,Negoita,9999-01-01,Technique Leader
411317,Kauko,Werthner,9999-01-01,Engineer
411319,Munenori,Desikan,9999-01-01,Engineer
411328,Alejandra,Szilard,9999-01-01,Engineer
411330,Gennady,Akaboshi,9999-01-01,Senior Engineer
411348,Georgi,Falster,9999-01-01,Senior Staff
411377,Arto,Junet,9999-01-01,Staff
411378,Remco,Berztiss,9999-01-01,Staff
411384,Christoper,Sidou,9999-01-01,Senior Engineer
411390,Masako,Jullig,9999-01-01,Staff
411412,Hairong,Schaar,9999-01-01,Engineer
411423,Mohua,Passafiume,9999-01-01,Senior Staff
411424,Uta,Janocha,9999-01-01,Assistant Engineer
411437,Zhilian,Kriebel,9999-01-01,Senior Engineer
411439,Petter,Petereit,9999-01-01,Staff
411447,Brewster,Bernick,9999-01-01,Engineer
411463,Subhankar,Zallocco,9999-01-01,Engineer
411482,Shaunak,Petersohn,9999-01-01,Senior Engineer
411484,Arvin,Bain,9999-01-01,Senior Engineer
411492,Seongbae,Wroclawski,9999-01-01,Senior Staff
411504,Karsten,Rassart,9999-01-01,Technique Leader
411505,Martijn,Ranft,9999-01-01,Senior Engineer
411512,Mats,Cappelli,9999-01-01,Senior Staff
411544,Byong,Legleitner,9999-01-01,Senior Staff
411545,Pranav,Sadowsky,9999-01-01,Engineer
411555,Giri,Dayang,9999-01-01,Engineer
411573,Ymte,Casley,9999-01-01,Senior Engineer
411587,Spyrose,Kambil,9999-01-01,Staff
411615,Guther,Karlin,9999-01-01,Senior Engineer
411623,Heon,Peron,9999-01-01,Technique Leader
411626,Georg,Angiulli,9999-01-01,Engineer
411643,Kankanahalli,Billawala,9999-01-01,Senior Staff
411653,Mani,Parhami,9999-01-01,Engineer
411654,Shahid,Swick,9999-01-01,Senior Engineer
411655,Nahum,Valette,9999-01-01,Engineer
411665,Martine,Pepe,9999-01-01,Senior Engineer
411676,Arie,Kroft,9999-01-01,Senior Staff
411684,Mara,Ravishankar,9999-01-01,Senior Engineer
411696,Arfst,Mateescu,9999-01-01,Senior Staff
411715,Ranga,Pileggi,9999-01-01,Engineer
411719,Fumino,Sambasivam,9999-01-01,Senior Engineer
411734,Tse,Krychniak,9999-01-01,Senior Staff
411752,Remko,Nitsche,9999-01-01,Engineer
411759,Prasadram,Biros,9999-01-01,Engineer
411766,Kinh,Peac,9999-01-01,Senior Engineer
411767,Patricia,Beeson,9999-01-01,Engineer
411774,Tremaine,Vitiello,9999-01-01,Staff
411784,Leandro,Katalagarianos,9999-01-01,Staff
411794,Amabile,Kakkar,9999-01-01,Senior Staff
411797,Josyula,Bondorf,9999-01-01,Senior Staff
411813,Premal,Hammerschmidt,9999-01-01,Staff
411820,Nathan,Benantar,9999-01-01,Staff
411834,Fusako,Beetstra,9999-01-01,Senior Staff
411838,Laurentiu,Jeansoulin,9999-01-01,Senior Staff
411848,Kenroku,Cunliffe,9999-01-01,Senior Staff
411851,Parke,Deville,9999-01-01,Assistant Engineer
411858,Weiye,Baaz,9999-01-01,Staff
411863,Eberhardt,Dratva,9999-01-01,Senior Staff
411869,Serenella,Sherertz,9999-01-01,Staff
411879,Amstein,Kulisch,9999-01-01,Senior Staff
411882,Youjian,Akazan,9999-01-01,Senior Staff
411891,Karsten,Beeson,9999-01-01,Technique Leader
411896,Uma,Muhlberg,9999-01-01,Senior Engineer
411897,Suebskul,Wilharm,9999-01-01,Assistant Engineer
411900,Mari,Wynblatt,9999-01-01,Staff
411905,Basim,Cronin,9999-01-01,Senior Staff
411908,Leaf,Fadgyas,9999-01-01,Senior Staff
411921,Sadun,Buescher,9999-01-01,Senior Staff
411928,JiYoung,Bain,9999-01-01,Staff
411946,Youpyo,Lampe,9999-01-01,Senior Staff
411950,Maris,Emmerich,9999-01-01,Engineer
411962,Tooru,Murillo,9999-01-01,Senior Staff
411971,Sugwoo,Magalhaes,9999-01-01,Senior Staff
411990,Luigi,Renear,9999-01-01,Staff
411994,Lihong,Czap,9999-01-01,Engineer
412008,Irene,Bach,9999-01-01,Senior Engineer
412010,Taegyun,Pietrzykowski,9999-01-01,Engineer
412012,Mara,Anandan,9999-01-01,Senior Staff
412014,Shaowei,Brobst,9999-01-01,Engineer
412041,Shen,Kalefeld,9999-01-01,Senior Staff
412043,Sajjan,Androutsos,9999-01-01,Senior Staff
412050,Marie,Malabarba,9999-01-01,Staff
412052,Rajmohan,Deville,9999-01-01,Engineer
412070,Khalil,Polajnar,9999-01-01,Senior Engineer
412081,Tooru,Murthy,9999-01-01,Engineer
412093,Avishai,Engelmann,9999-01-01,Staff
412101,Hauke,Karlin,9999-01-01,Senior Engineer
412105,Teiji,Siksek,9999-01-01,Senior Staff
412109,Tadanori,Naumovich,9999-01-01,Senior Engineer
412118,Emran,Marchesini,9999-01-01,Senior Engineer
412125,Neelam,Asmuth,9999-01-01,Engineer
412129,Sanjeeva,Fortenbacher,9999-01-01,Engineer
412133,Moti,Penttonen,9999-01-01,Senior Staff
412141,Arun,Bernick,9999-01-01,Senior Staff
412155,Kwok,Hiraishi,9999-01-01,Senior Engineer
412164,Slavian,Merro,9999-01-01,Senior Staff
412166,Vesna,Hitomi,9999-01-01,Staff
412167,Margo,Validov,9999-01-01,Senior Engineer
412183,Gou,Zyda,9999-01-01,Technique Leader
412195,Honglan,Cappelletti,9999-01-01,Staff
412243,Sarita,Gammage,9999-01-01,Senior Staff
412282,Nitsan,Cromarty,9999-01-01,Staff
412289,Golgen,Lorcy,9999-01-01,Staff
412295,Bezalel,Scharstein,9999-01-01,Staff
412303,Sanjai,Kusakari,9999-01-01,Staff
412304,Tiina,Khamsi,9999-01-01,Senior Engineer
412308,Chiradeep,Zhiwei,9999-01-01,Engineer
412319,Kazuhito,Ibel,9999-01-01,Staff
412324,Abdulla,Tokunaga,9999-01-01,Senior Staff
412327,Zine,England,9999-01-01,Senior Staff
412332,Eirik,Basagni,9999-01-01,Engineer
412340,Alain,Litecky,9999-01-01,Senior Engineer
412349,Masadi,Rodiger,9999-01-01,Senior Staff
412350,Felicidad,Chiola,9999-01-01,Technique Leader
412368,Duangkaew,Garrabrants,9999-01-01,Senior Engineer
412371,Elzbieta,Delgrossi,9999-01-01,Senior Staff
412388,Garnet,Kavvadias,9999-01-01,Senior Staff
412393,Phillip,Bernardinello,9999-01-01,Engineer
412403,Mingdong,Angot,9999-01-01,Senior Engineer
412412,Lijia,Lamba,9999-01-01,Senior Engineer
412413,Alexius,Hasham,9999-01-01,Engineer
412431,Ranan,Ghalwash,9999-01-01,Staff
412441,Billur,Rassart,9999-01-01,Senior Staff
412444,Gio,Fritzsche,9999-01-01,Engineer
412454,Dmitri,Fraisse,9999-01-01,Senior Engineer
412459,Iara,Stroustrup,9999-01-01,Senior Engineer
412479,Bangqing,Talmon,9999-01-01,Engineer
412498,Otmar,Woycyznski,9999-01-01,Engineer
412516,Lenore,Alameldin,9999-01-01,Senior Engineer
412520,Moon,Thiran,9999-01-01,Staff
412525,Flemming,Siegrist,9999-01-01,Senior Staff
412529,Kayoko,Rotem,9999-01-01,Senior Staff
412547,Ulises,Facello,9999-01-01,Engineer
412550,Pramod,Schoegge,9999-01-01,Engineer
412560,Mari,Barinka,9999-01-01,Senior Staff
412574,Yechiam,Panienski,9999-01-01,Engineer
412592,Takahiro,Luit,9999-01-01,Senior Staff
412595,Rasikan,Pearson,9999-01-01,Senior Engineer
412602,Kasidit,Akiyama,9999-01-01,Senior Engineer
412605,Gretta,Hiraishi,9999-01-01,Technique Leader
412621,Bouchung,Lamparter,9999-01-01,Engineer
412631,Gian,Tetzlaff,9999-01-01,Senior Engineer
412644,Gritta,Kropatsch,9999-01-01,Staff
412649,Leen,McFarlin,9999-01-01,Senior Engineer
412655,Yuqun,Gniady,9999-01-01,Senior Staff
412660,Leandro,Peral,9999-01-01,Staff
412661,Utpal,Melichar,9999-01-01,Senior Engineer
412667,Kaijung,Mapelli,9999-01-01,Engineer
412675,Ortrun,Kobara,9999-01-01,Staff
412702,Tran,Parhami,9999-01-01,Staff
412705,Rosella,Rohrbach,9999-01-01,Senior Engineer
412732,Goetz,Marquardt,9999-01-01,Senior Staff
412737,Pantung,Beilner,9999-01-01,Staff
412747,Vishv,Cesareni,9999-01-01,Assistant Engineer
412789,Shooichi,Morris,9999-01-01,Senior Engineer
412795,Poornachandra,Conry,9999-01-01,Staff
412800,Goetz,Peha,9999-01-01,Senior Staff
412802,Fox,Ghemri,9999-01-01,Engineer
412806,Tianruo,Wynblatt,9999-01-01,Staff
412817,Niclas,Garnier,9999-01-01,Senior Staff
412818,Wonhee,Marchesini,9999-01-01,Senior Staff
412828,Utpal,Passafiume,9999-01-01,Engineer
412836,Huican,Montemayor,9999-01-01,Engineer
412869,Miomir,Chinin,9999-01-01,Technique Leader
412884,Nathan,Selenyi,9999-01-01,Senior Engineer
412892,Paloma,Kalorkoti,9999-01-01,Senior Engineer
412904,Murthy,Schach,9999-01-01,Senior Staff
412906,Masadi,Heystek,9999-01-01,Technique Leader
412912,Dmitry,Rousseau,9999-01-01,Engineer
412927,Marie,Yemenis,9999-01-01,Senior Engineer
412942,Gian,Percebois,9999-01-01,Senior Staff
412943,Siddarth,Hanabata,9999-01-01,Senior Engineer
412949,Falguni,Plotkin,9999-01-01,Senior Engineer
412950,Garnik,Ouhyoung,9999-01-01,Senior Staff
412951,Paris,Barriga,9999-01-01,Senior Staff
412974,Conor,Wursthorn,9999-01-01,Senior Engineer
412980,Mariangiola,Verspoor,9999-01-01,Staff
412988,Odysseas,Fendler,9999-01-01,Technique Leader
412997,Baocai,Samarati,9999-01-01,Senior Engineer
413001,Nitsan,Monkewich,9999-01-01,Senior Staff
413003,Yifei,Heyers,9999-01-01,Engineer
413020,Luigi,Falby,9999-01-01,Senior Engineer
413025,Brigham,Marakhovsky,9999-01-01,Senior Engineer
413032,Iara,Spelt,9999-01-01,Technique Leader
413039,Diederik,Vesel,9999-01-01,Senior Engineer
413052,Martial,England,9999-01-01,Staff
413066,Rayond,Neimat,9999-01-01,Engineer
413067,Monique,Basagni,9999-01-01,Staff
413079,Hugh,Clemencon,9999-01-01,Senior Staff
413083,Saeko,Gubsky,9999-01-01,Senior Engineer
413112,Yongmin,Kroha,9999-01-01,Senior Engineer
413115,Georgy,Cooke,9999-01-01,Senior Staff
413118,Becky,Thiria,9999-01-01,Senior Engineer
413134,Sachem,Denos,9999-01-01,Engineer
413140,Vincent,Demian,9999-01-01,Assistant Engineer
413141,Masamitsu,Erdi,9999-01-01,Engineer
413144,Changho,Spinelli,9999-01-01,Technique Leader
413146,Yifei,Peot,9999-01-01,Senior Engineer
413154,Patricio,McDermid,9999-01-01,Staff
413160,Tadanori,Felcyn,9999-01-01,Staff
413162,Turgut,Merks,9999-01-01,Senior Engineer
413166,Koldo,Salverda,9999-01-01,Senior Staff
413169,Adin,Kropp,9999-01-01,Senior Staff
413184,Moon,Asmuth,9999-01-01,Senior Staff
413186,Patricia,Kugler,9999-01-01,Staff
413195,Sachin,Halloran,9999-01-01,Senior Engineer
413217,Phule,Waschkowski,9999-01-01,Engineer
413228,Toshimitsu,Luce,9999-01-01,Senior Engineer
413251,Eckart,Radwan,9999-01-01,Staff
413253,Alselm,Daescu,9999-01-01,Technique Leader
413266,Gonzalo,Baar,9999-01-01,Senior Staff
413272,Xianlong,Comellas,9999-01-01,Engineer
413276,Bikash,Stamatiou,9999-01-01,Assistant Engineer
413278,Utz,Felder,9999-01-01,Senior Engineer
413283,Sampalli,Bednarek,9999-01-01,Senior Engineer
413288,Kenton,Ramras,9999-01-01,Senior Staff
413297,Bernt,Schade,9999-01-01,Senior Staff
413304,Iara,Cronau,9999-01-01,Senior Staff
413333,Martijn,Spell,9999-01-01,Senior Staff
413336,Toshimo,Barriga,9999-01-01,Senior Engineer
413337,Moty,Schaft,9999-01-01,Staff
413380,Steen,Azumi,9999-01-01,Senior Staff
413389,Hyuckchul,Randi,9999-01-01,Senior Staff
413393,Remco,Biros,9999-01-01,Senior Engineer
413396,Arumugam,Ullian,9999-01-01,Engineer
413400,Almudena,Fendler,9999-01-01,Senior Staff
413406,Elrique,Molberg,9999-01-01,Senior Staff
413410,Yongmao,Matzen,9999-01-01,Senior Engineer
413420,Jeong,Lamba,9999-01-01,Senior Engineer
413427,Kauko,Luce,9999-01-01,Engineer
413431,Moss,Denis,9999-01-01,Senior Engineer
413441,Fumiko,Koshiba,9999-01-01,Senior Staff
413454,Haldon,Einsfeld,9999-01-01,Senior Engineer
413468,Kristina,Czaja,9999-01-01,Engineer
413469,Jouko,Einsfeld,9999-01-01,Senior Engineer
413478,Martijn,Kossowski,9999-01-01,Senior Staff
413480,Mang,Peac,9999-01-01,Senior Engineer
413496,Naftaly,Acton,9999-01-01,Senior Staff
413501,Visit,Hartvigsen,9999-01-01,Staff
413502,Masamitsu,Danecki,9999-01-01,Senior Staff
413504,Flemming,Dayana,9999-01-01,Staff
413542,Elvis,Hebert,9999-01-01,Senior Engineer
413544,Arie,Douceur,9999-01-01,Senior Engineer
413566,Teunis,Massonet,9999-01-01,Engineer
413574,Yurij,Kampfer,9999-01-01,Senior Staff
413576,Susumu,Luce,9999-01-01,Staff
413583,Sachio,Ritcey,9999-01-01,Engineer
413594,Shietung,Kakkar,9999-01-01,Engineer
413598,Boriana,Lunn,9999-01-01,Engineer
413603,Vincent,Ohori,9999-01-01,Senior Staff
413608,Mantis,Serra,9999-01-01,Technique Leader
413611,Vasiliy,Granlund,9999-01-01,Senior Engineer
413624,Rayond,Simmel,9999-01-01,Senior Staff
413631,Yinlin,Kemmerer,9999-01-01,Technique Leader
413642,Elliott,Bergere,9999-01-01,Staff
413644,Hatsukazu,Picht,9999-01-01,Senior Engineer
413650,Yuichiro,Koyama,9999-01-01,Senior Engineer
413665,Tzu,Shumilov,9999-01-01,Senior Engineer
413668,Kwangyoen,Vuskovic,9999-01-01,Senior Staff
413671,Aral,Moehrke,9999-01-01,Senior Staff
413674,Przemyslawa,Plotkin,9999-01-01,Senior Engineer
413686,Youngkon,Oskamp,9999-01-01,Technique Leader
413690,Alejandro,Radwan,9999-01-01,Senior Engineer
413708,Arnould,Krzyzanowski,9999-01-01,Senior Staff
413717,Gino,Cusworth,9999-01-01,Senior Engineer
413719,Shigenori,Orsini,9999-01-01,Senior Staff
413739,Ohad,Pouyioutas,9999-01-01,Staff
413755,Serap,Munke,9999-01-01,Engineer
413767,Yuuichi,Merlo,9999-01-01,Staff
413774,Jacqueline,Butterworth,9999-01-01,Staff
413775,Kensyu,Heuser,9999-01-01,Staff
413791,Jiong,Zaumen,9999-01-01,Staff
413797,Tesuya,Perfilyeva,9999-01-01,Staff
413801,Francesca,Beeson,9999-01-01,Senior Engineer
413825,Divine,Ertl,9999-01-01,Senior Engineer
413833,Kannan,Krupka,9999-01-01,Senior Staff
413836,Hironobu,Collette,9999-01-01,Senior Staff
413855,Marit,Sooriamurthi,9999-01-01,Staff
413876,Tianruo,Birrer,9999-01-01,Senior Staff
413888,Spyrose,Ranze,9999-01-01,Senior Staff
413905,Piyawadee,Gelosh,9999-01-01,Assistant Engineer
413911,Siamak,Karlin,9999-01-01,Engineer
413914,Rajmohan,Covnot,9999-01-01,Engineer
413916,Freyja,Luks,9999-01-01,Senior Staff
413919,Shushma,Nergos,9999-01-01,Staff
413927,Erez,Ressouche,9999-01-01,Engineer
413930,Gil,Ferriere,9999-01-01,Senior Engineer
413941,Perla,Beetstra,9999-01-01,Engineer
413955,Ger,Mansanne,9999-01-01,Engineer
413966,Weiwu,Demian,9999-01-01,Staff
413976,Erez,Kalloufi,9999-01-01,Staff
413985,Neelam,Coombs,9999-01-01,Senior Staff
413986,Nechama,Rassart,9999-01-01,Staff
413988,Elrique,Openshaw,9999-01-01,Engineer
414006,Hongzue,Mikschl,9999-01-01,Staff
414012,Ashish,Speckmann,9999-01-01,Senior Staff
414044,Padma,Pillow,9999-01-01,Staff
414054,Yongdong,Suppi,9999-01-01,Engineer
414086,Van,Marrakchi,9999-01-01,Engineer
414088,Khun,Marakhovsky,9999-01-01,Staff
414097,Piyawadee,Krychniak,9999-01-01,Senior Staff
414099,Sadok,Alpin,9999-01-01,Engineer
414129,Kristof,Speer,9999-01-01,Senior Staff
414130,Etsuo,Gyimothy,9999-01-01,Engineer
414131,Taisook,Neiman,9999-01-01,Staff
414134,Maja,Molberg,9999-01-01,Senior Staff
414140,Leucio,Vickson,9999-01-01,Staff
414142,Xinglin,Chenney,9999-01-01,Staff
414147,Jianwen,Matzat,9999-01-01,Engineer
414155,Doowon,Nitsch,9999-01-01,Senior Staff
414171,Pintsang,Siksek,9999-01-01,Engineer
414173,Gina,Jonsson,9999-01-01,Senior Staff
414177,Hideo,Schrooten,9999-01-01,Engineer
414180,Kinh,Dengi,9999-01-01,Senior Staff
414188,Taizo,Juneja,9999-01-01,Staff
414198,Saniya,Kieras,9999-01-01,Technique Leader
414206,Yonghong,Picci,9999-01-01,Senior Engineer
414208,Mingsen,Steenbeek,9999-01-01,Engineer
414211,Jaewoo,Pelc,9999-01-01,Engineer
414218,Shugo,Kusakari,9999-01-01,Senior Engineer
414245,Domenico,Krupka,9999-01-01,Engineer
414246,Amstein,Unno,9999-01-01,Senior Engineer
414247,Jixiang,Thisen,9999-01-01,Senior Staff
414252,Sedat,Pouyioutas,9999-01-01,Senior Staff
414255,Mats,Spelt,9999-01-01,Staff
414256,Rosalie,Nannarelli,9999-01-01,Technique Leader
414261,Mahmut,Guting,9999-01-01,Engineer
414265,Shigeichiro,Cunliffe,9999-01-01,Engineer
414269,Jamaludin,Flowers,9999-01-01,Staff
414282,Cristinel,Uehara,9999-01-01,Technique Leader
414286,Remmert,Stiles,9999-01-01,Engineer
414326,Magdalena,Percebois,9999-01-01,Senior Staff
414347,Seshu,Baez,9999-01-01,Senior Staff
414355,Subhankar,Przulj,9999-01-01,Senior Staff
414356,Gurbir,Cooley,9999-01-01,Senior Staff
414361,Uzi,Kaelbling,9999-01-01,Senior Staff
414378,Malu,Sinicrope,9999-01-01,Senior Staff
414409,Boguslaw,Maksimenko,9999-01-01,Engineer
414421,Shai,Griswold,9999-01-01,Technique Leader
414442,Jiafu,Ashish,9999-01-01,Senior Engineer
414466,Sastry,Chinal,9999-01-01,Technique Leader
414472,Alassane,Roisin,9999-01-01,Assistant Engineer
414475,Caolyn,Marrakchi,9999-01-01,Senior Engineer
414482,Maya,Baalen,9999-01-01,Senior Staff
414486,Chinya,Jayawardene,9999-01-01,Staff
414492,Emdad,Azevdeo,9999-01-01,Senior Engineer
414501,Arto,Kobara,9999-01-01,Senior Engineer
414508,Yonghoan,Rosaz,9999-01-01,Senior Engineer
414510,Zhonghui,Maksimenko,9999-01-01,Engineer
414515,Nishit,Reinhard,9999-01-01,Senior Staff
414527,Tetsushi,Boudaillier,9999-01-01,Engineer
414566,Aiman,Khalil,9999-01-01,Senior Staff
414601,Mohammed,Kranzdorf,9999-01-01,Engineer
414604,Pranjal,Snedden,9999-01-01,Senior Engineer
414608,Pranjal,Undy,9999-01-01,Senior Staff
414631,Theirry,Maliniak,9999-01-01,Engineer
414642,Bartek,Huttel,9999-01-01,Engineer
414643,Flemming,Neiman,9999-01-01,Engineer
414645,Mingzeng,Boguraev,9999-01-01,Staff
414655,Constantino,Taubman,9999-01-01,Senior Engineer
414666,Fai,Alpay,9999-01-01,Staff
414667,Vidya,Stavenow,9999-01-01,Assistant Engineer
414670,Udi,Dulin,9999-01-01,Senior Staff
414674,Guozhong,Stemann,9999-01-01,Staff
414678,Elrique,Malabarba,9999-01-01,Senior Staff
414693,Richard,Shobatake,9999-01-01,Senior Staff
414708,Gift,Wielonsky,9999-01-01,Engineer
414721,Shigeu,Kieras,9999-01-01,Senior Staff
414724,Phuoc,Bottner,9999-01-01,Senior Staff
414727,Rimli,Weisert,9999-01-01,Senior Engineer
414735,Mitsuyuki,Rosen,9999-01-01,Staff
414739,Yuguang,Veldwijk,9999-01-01,Senior Engineer
414740,Mingsen,Snedden,9999-01-01,Senior Staff
414741,Branimir,Hasham,9999-01-01,Engineer
414750,Gaetan,Tyugu,9999-01-01,Senior Staff
414759,Siamak,Oxman,9999-01-01,Staff
414765,Elgin,Ghazalie,9999-01-01,Staff
414770,Kwee,Oberman,9999-01-01,Engineer
414771,Srinidhi,Gimarc,9999-01-01,Senior Engineer
414772,Fumiya,Raney,9999-01-01,Technique Leader
414780,Xiaobin,Strehl,9999-01-01,Staff
414786,Guiseppe,Furedi,9999-01-01,Engineer
414791,Junichi,Litzler,9999-01-01,Senior Staff
414841,Wuxu,Smeets,9999-01-01,Engineer
414844,Genevieve,Stroustrup,9999-01-01,Assistant Engineer
414847,Edwin,Kabayashi,9999-01-01,Senior Engineer
414868,Vincent,Felder,9999-01-01,Staff
414871,Chanjung,Glowinski,9999-01-01,Assistant Engineer
414903,Jeanna,Iisaka,9999-01-01,Engineer
414904,Miyeon,Ghalwash,9999-01-01,Technique Leader
414911,Toshiki,Gimbel,9999-01-01,Engineer
414917,Chikara,Delgrange,9999-01-01,Staff
414959,Tristan,Birta,9999-01-01,Engineer
414962,Hilari,Denny,9999-01-01,Senior Engineer
414973,Fei,Gips,9999-01-01,Staff
414978,Sorina,Jiafu,9999-01-01,Senior Staff
414993,Guiseppe,DasSarma,9999-01-01,Senior Staff
414995,Pranas,Boyle,9999-01-01,Senior Engineer
415015,Anyuan,Pokrovskii,9999-01-01,Engineer
415029,Masaki,Butner,9999-01-01,Staff
415030,Bouchung,Belinskaya,9999-01-01,Senior Engineer
415031,Jiang,Lakshmanan,9999-01-01,Senior Staff
415032,Sarita,Kropf,9999-01-01,Senior Staff
415043,Zhenhua,Hopewell,9999-01-01,Engineer
415055,Shim,Sherertz,9999-01-01,Engineer
415093,Shigeu,Juneja,9999-01-01,Senior Engineer
415100,Armond,Antonakopoulos,9999-01-01,Engineer
415117,Sudhanshu,Gente,9999-01-01,Staff
415123,Fatemeh,Fontet,9999-01-01,Engineer
415124,Sugwoo,Dalphin,9999-01-01,Engineer
415134,Conal,Minakawa,9999-01-01,Senior Staff
415152,Jongsuk,Danecki,9999-01-01,Senior Staff
415157,Insup,Ananiadou,9999-01-01,Senior Staff
415186,Yechiam,Lyonns,9999-01-01,Engineer
415204,Sachem,Kaltofen,9999-01-01,Technique Leader
415206,Takahiro,Heyers,9999-01-01,Senior Staff
415212,Mototsugu,Highland,9999-01-01,Staff
415224,Rutger,Syrotiuk,9999-01-01,Senior Engineer
415242,Moni,Broomell,9999-01-01,Staff
415251,Domenick,Noriega,9999-01-01,Engineer
415282,Frazer,Alpay,9999-01-01,Senior Engineer
415288,Howell,Raczkowsky,9999-01-01,Engineer
415295,Tran,Katalagarianos,9999-01-01,Senior Staff
415312,Mara,Penn,9999-01-01,Senior Engineer
415320,Mingzeng,Mullainathan,9999-01-01,Assistant Engineer
415343,Lobel,Marchegay,9999-01-01,Engineer
415356,Mostafa,Hofting,9999-01-01,Staff
415365,Dipankar,Negoita,9999-01-01,Staff
415367,Adam,Esposito,9999-01-01,Senior Engineer
415374,Shushma,Hofting,9999-01-01,Senior Engineer
415375,Xinyu,Sgarro,9999-01-01,Senior Staff
415403,Uri,Masand,9999-01-01,Staff
415404,Zhongwei,Gonthier,9999-01-01,Senior Engineer
415423,Murthy,Sethi,9999-01-01,Staff
415425,Srinidhi,Deverell,9999-01-01,Staff
415431,Willard,Manders,9999-01-01,Technique Leader
415442,Udaiprakash,Passino,9999-01-01,Technique Leader
415448,Shih,Wossner,9999-01-01,Senior Engineer
415455,Kiyomitsu,Rosiles,9999-01-01,Staff
415458,Dekang,Ponthieu,9999-01-01,Senior Staff
415468,Danny,Ciolek,9999-01-01,Senior Engineer
415477,Serap,Cronau,9999-01-01,Senior Staff
415481,Branimir,Ulupinar,9999-01-01,Engineer
415486,Shahar,Comyn,9999-01-01,Senior Staff
415490,Huican,Paciorek,9999-01-01,Staff
415495,Kiam,Luef,9999-01-01,Engineer
415496,Gritta,Awdeh,9999-01-01,Staff
415505,Premal,Hambrick,9999-01-01,Senior Engineer
415512,Marin,Sifakis,9999-01-01,Senior Engineer
415518,Jinpo,Nicolson,9999-01-01,Engineer
415523,Neelam,Luef,9999-01-01,Senior Staff
415527,Leon,Melski,9999-01-01,Engineer
415535,Teruyuki,Randi,9999-01-01,Senior Engineer
415539,Luerbio,Collette,9999-01-01,Senior Staff
415543,Chiranjit,Karnin,9999-01-01,Senior Staff
415554,Goh,Panienski,9999-01-01,Staff
415555,Yuchang,Bala,9999-01-01,Senior Engineer
415558,Gurbir,Argence,9999-01-01,Senior Engineer
415559,Ute,Mitsuhashi,9999-01-01,Engineer
415572,Elvia,Lampe,9999-01-01,Senior Engineer
415574,Adas,Gimbel,9999-01-01,Senior Engineer
415577,Magdalena,Kumaresan,9999-01-01,Senior Engineer
415578,Nevin,Setia,9999-01-01,Senior Engineer
415592,Erzsebet,Chepyzhov,9999-01-01,Engineer
415593,Wojceich,Sridhar,9999-01-01,Senior Staff
415606,Hiroyasu,Khamsi,9999-01-01,Senior Staff
415615,Elvia,Bisiani,9999-01-01,Engineer
415633,Eirik,Baaleh,9999-01-01,Staff
415651,Zsolt,Klyachko,9999-01-01,Senior Engineer
415659,Jouko,Gelosh,9999-01-01,Senior Engineer
415661,Fen,Schiper,9999-01-01,Engineer
415672,Chenye,Danlos,9999-01-01,Senior Engineer
415696,Ute,Hofstetter,9999-01-01,Engineer
415703,Martina,Axelband,9999-01-01,Senior Engineer
415716,Yucai,Ciolek,9999-01-01,Senior Engineer
415726,Mingdong,Spelt,9999-01-01,Staff
415728,Urs,Erev,9999-01-01,Senior Staff
415731,Uta,Aloisi,9999-01-01,Engineer
415741,Anneli,Suwa,9999-01-01,Senior Engineer
415749,Ravishankar,Nittel,9999-01-01,Senior Staff
415770,Shigenori,Murrill,9999-01-01,Engineer
415773,Martien,Hartvigsen,9999-01-01,Senior Staff
415783,Menkae,Puppe,9999-01-01,Engineer
415791,Sergi,Polupanov,9999-01-01,Engineer
415796,Rance,Foote,9999-01-01,Senior Engineer
415800,Otilia,Bratsberg,9999-01-01,Senior Staff
415807,Adamantios,Encarnacion,9999-01-01,Senior Staff
415817,Wonhee,Hutter,9999-01-01,Senior Engineer
415818,Aron,Rando,9999-01-01,Senior Staff
415828,Vishv,Feldhoffer,9999-01-01,Engineer
415838,Tianruo,Emiris,9999-01-01,Senior Engineer
415859,Leon,Gonthier,9999-01-01,Senior Staff
415861,Marla,Dalton,9999-01-01,Engineer
415865,Beshir,Fujisawa,9999-01-01,Technique Leader
415867,Shuji,Erev,9999-01-01,Staff
415890,Zhonghui,Melski,9999-01-01,Engineer
415899,Valery,Michaeli,9999-01-01,Staff
415902,Barun,Radwan,9999-01-01,Staff
415904,Howell,Matzov,9999-01-01,Engineer
415912,Gadiel,Begiun,9999-01-01,Engineer
415920,Kensyu,Biros,9999-01-01,Senior Engineer
415921,Fayez,Lambe,9999-01-01,Staff
415924,Eran,Moehrke,9999-01-01,Senior Engineer
415944,Kwangsub,Cairo,9999-01-01,Senior Staff
415968,Serif,Griswold,9999-01-01,Senior Engineer
415978,Susanta,Tsukuda,9999-01-01,Senior Engineer
415980,Charmane,Marrakchi,9999-01-01,Senior Engineer
415994,Qunsheng,Flanders,9999-01-01,Assistant Engineer
416001,Zeljko,Leonhardt,9999-01-01,Senior Staff
416003,Arumugam,Murtafg,9999-01-01,Senior Engineer
416004,Huiqun,Uchoa,9999-01-01,Senior Engineer
416008,Zeljko,Ranze,9999-01-01,Staff
416018,Fen,Aloia,9999-01-01,Senior Staff
416026,Inderjeet,Molenaar,9999-01-01,Staff
416032,Patricio,Schicker,9999-01-01,Senior Staff
416034,Zdislav,Gils,9999-01-01,Senior Staff
416042,Katsuo,Lorcy,9999-01-01,Engineer
416044,Gro,Schaad,9999-01-01,Senior Engineer
416067,Moon,Teitelbaum,9999-01-01,Engineer
416070,Sanjeeva,Angelov,9999-01-01,Staff
416072,Sungwon,Bednarek,9999-01-01,Staff
416076,Kenton,Junet,9999-01-01,Staff
416096,Nobuyoshi,Ginneken,9999-01-01,Engineer
416128,Uli,Wrigley,9999-01-01,Senior Engineer
416136,Yonghoan,Reinhard,9999-01-01,Senior Staff
416164,Ramya,Weiland,9999-01-01,Staff
416166,Yuriy,Rosenbaum,9999-01-01,Staff
416168,Radhakrishnan,Meriste,9999-01-01,Engineer
416174,Shay,Kuhnemann,9999-01-01,Engineer
416177,Khun,Turnbull,9999-01-01,Engineer
416190,Jaideep,Berztiss,9999-01-01,Senior Staff
416192,Roddy,Zlotek,9999-01-01,Senior Engineer
416204,Amalendu,Murillo,9999-01-01,Engineer
416212,Ramzi,Marletta,9999-01-01,Staff
416260,Flemming,Baezner,9999-01-01,Engineer
416284,Alain,Ferretti,9999-01-01,Senior Engineer
416288,Ramalingam,Khalid,9999-01-01,Engineer
416294,Tianruo,Conte,9999-01-01,Staff
416307,Elvia,Brookman,9999-01-01,Senior Engineer
416312,Baruch,Petereit,9999-01-01,Staff
416319,Duro,Chimia,9999-01-01,Senior Staff
416326,Arumugam,Zschoche,9999-01-01,Staff
416330,Candida,Pollock,9999-01-01,Staff
416334,Shushma,Bressoud,9999-01-01,Senior Staff
416337,Taizo,Bouloucos,9999-01-01,Senior Staff
416357,Irena,Kranzdorf,9999-01-01,Senior Engineer
416387,Izaskun,Waeselynck,9999-01-01,Senior Engineer
416388,Gad,Leslie,9999-01-01,Engineer
416394,Sreenivas,Anguita,9999-01-01,Senior Staff
416396,Oldrich,Flanders,9999-01-01,Staff
416408,Tomofumi,Quadeer,9999-01-01,Senior Staff
416425,Amabile,Kaminger,9999-01-01,Engineer
416429,Chiradeep,Skafidas,9999-01-01,Engineer
416446,Berna,Antonakopoulos,9999-01-01,Senior Engineer
416452,Venkatesan,Malabarba,9999-01-01,Senior Staff
416454,Duro,Liedekerke,9999-01-01,Senior Staff
416469,Kristina,Negoita,9999-01-01,Staff
416470,Tzvetan,Katiyar,9999-01-01,Senior Staff
416487,Marsja,Anick,9999-01-01,Senior Staff
416503,Xiahua,Validov,9999-01-01,Engineer
416518,Dzung,Rosenbaum,9999-01-01,Senior Engineer
416543,Bernardo,Kornyak,9999-01-01,Staff
416552,Kwok,Nyrup,9999-01-01,Staff
416559,Patricia,Zucker,9999-01-01,Senior Engineer
416566,Hugo,Bergere,9999-01-01,Senior Engineer
416568,Dannz,Usery,9999-01-01,Engineer
416573,Berhard,Leaver,9999-01-01,Senior Engineer
416575,Shai,Olano,9999-01-01,Technique Leader
416588,Yannis,Cannata,9999-01-01,Engineer
416589,Jianhua,Bakhtari,9999-01-01,Senior Engineer
416604,Gonzalo,Kambil,9999-01-01,Senior Staff
416606,Salvador,Sadowsky,9999-01-01,Senior Staff
416610,Almudena,Liedekerke,9999-01-01,Senior Staff
416623,Heeju,Keustermans,9999-01-01,Technique Leader
416647,Yuchang,Birch,9999-01-01,Engineer
416663,Chiranjit,Beeson,9999-01-01,Engineer
416688,Atilio,Gornas,9999-01-01,Staff
416690,Ulf,Mahmud,9999-01-01,Staff
416694,Ebru,Remmele,9999-01-01,Technique Leader
416705,Becky,Rikino,9999-01-01,Senior Engineer
416724,Juyoung,Borstler,9999-01-01,Senior Engineer
416726,Kousuke,Dichev,9999-01-01,Senior Staff
416737,Douadi,Renear,9999-01-01,Senior Engineer
416746,Christfried,Papadias,9999-01-01,Senior Engineer
416758,Subhankar,Qiwen,9999-01-01,Senior Staff
416768,Yuchang,Chelton,9999-01-01,Senior Engineer
416771,Urs,Butterworth,9999-01-01,Engineer
416788,Apostol,Hoogerwoord,9999-01-01,Senior Staff
416795,Aksel,Wossner,9999-01-01,Staff
416819,Ulf,Slutz,9999-01-01,Senior Engineer
416821,Munenori,Pardalos,9999-01-01,Senior Engineer
416823,Indrajit,Guerreiro,9999-01-01,Engineer
416827,Nevio,Binkley,9999-01-01,Technique Leader
416830,Pranas,Junet,9999-01-01,Staff
416834,Angel,Riefers,9999-01-01,Senior Engineer
416836,Gino,Erev,9999-01-01,Engineer
416847,Jinpo,Dengi,9999-01-01,Assistant Engineer
416864,Chiradeep,Shiratori,9999-01-01,Senior Staff
416879,Bluma,Schrooten,9999-01-01,Senior Staff
416880,Shuichi,Felder,9999-01-01,Senior Staff
416899,Abdelghani,Heijenga,9999-01-01,Assistant Engineer
416920,Ekawit,Kossowski,9999-01-01,Senior Staff
416924,Vishwani,Ambroszkiewicz,9999-01-01,Senior Staff
416936,Lenore,Perly,9999-01-01,Senior Engineer
416948,Reinhard,Peac,9999-01-01,Senior Staff
416950,Suvo,Krohn,9999-01-01,Staff
416959,Ymte,Speer,9999-01-01,Senior Staff
416979,Baruch,Maliniak,9999-01-01,Assistant Engineer
416980,Qunsheng,Meszaros,9999-01-01,Senior Staff
416991,Weiwu,Lund,9999-01-01,Engineer
417000,Baruch,Shokrollahi,9999-01-01,Engineer
417002,Parviz,Perko,9999-01-01,Engineer
417037,Kristian,Ranta,9999-01-01,Senior Engineer
417039,Chrisa,Feldmann,9999-01-01,Senior Staff
417042,Basem,Eickenmeyer,9999-01-01,Staff
417048,Subhada,Bernardeschi,9999-01-01,Engineer
417063,Menkae,Perna,9999-01-01,Staff
417064,Gill,Narlikar,9999-01-01,Staff
417073,Foong,Ecklund,9999-01-01,Senior Engineer
417078,Shigenori,Sethi,9999-01-01,Senior Engineer
417090,Takahira,Schaaf,9999-01-01,Staff
417120,Candido,Ghelli,9999-01-01,Technique Leader
417123,Shao,Ramsak,9999-01-01,Staff
417130,Turgut,Kushner,9999-01-01,Senior Staff
417146,Anneke,Caine,9999-01-01,Engineer
417153,Prodip,Nitta,9999-01-01,Senior Engineer
417170,Paloma,Delgrange,9999-01-01,Senior Engineer
417190,Atreyi,Cooman,9999-01-01,Staff
417206,Ramachenga,Crouzet,9999-01-01,Staff
417210,Guozhong,Iisaku,9999-01-01,Engineer
417237,Deniz,Menyhert,9999-01-01,Senior Staff
417247,Udaiprakash,Farrar,9999-01-01,Engineer
417275,Mohammed,Middleton,9999-01-01,Staff
417276,Howell,Deville,9999-01-01,Senior Engineer
417278,Roselyn,Aamodt,9999-01-01,Assistant Engineer
417279,Mariangiola,Gischer,9999-01-01,Senior Engineer
417286,Mabo,Fordan,9999-01-01,Engineer
417306,LiMin,Lorin,9999-01-01,Senior Engineer
417317,Byong,Asrin,9999-01-01,Technique Leader
417322,Jiong,Bahr,9999-01-01,Engineer
417328,Xinyu,Molenaar,9999-01-01,Staff
417338,Huican,Staelin,9999-01-01,Staff
417356,Chinya,Rosch,9999-01-01,Staff
417365,Shuzo,Roccetti,9999-01-01,Senior Staff
417376,Leszek,Hertweck,9999-01-01,Staff
417381,Paddy,Beausoleil,9999-01-01,Staff
417384,Mansur,Valtorta,9999-01-01,Senior Staff
417399,Moto,Pulkowski,9999-01-01,Engineer
417427,Doohun,Lores,9999-01-01,Senior Staff
417436,Avishai,Quittner,9999-01-01,Senior Engineer
417438,Boutros,Veldwijk,9999-01-01,Engineer
417440,Luisa,Lorie,9999-01-01,Engineer
417442,Conrado,Uchoa,9999-01-01,Senior Engineer
417450,Aimee,Shinomoto,9999-01-01,Senior Staff
417452,Jaber,Openshaw,9999-01-01,Senior Engineer
417460,Stafford,Schwaller,9999-01-01,Engineer
417462,Yagil,Emmart,9999-01-01,Engineer
417466,Cathie,Trumbly,9999-01-01,Staff
417477,Abdelkader,Gadepally,9999-01-01,Staff
417486,Sakthirel,Cusworth,9999-01-01,Technique Leader
417495,Nakhoon,Miake,9999-01-01,Assistant Engineer
417510,Yonghong,Ernst,9999-01-01,Staff
417527,Barna,Selvestrel,9999-01-01,Staff
417545,Adhemar,Trystram,9999-01-01,Senior Engineer
417548,Fumiyo,Schaap,9999-01-01,Staff
417553,Moheb,Langford,9999-01-01,Engineer
417555,Zejun,Coors,9999-01-01,Engineer
417556,Hiroyasu,Zlotek,9999-01-01,Engineer
417576,Adhemar,Murtagh,9999-01-01,Senior Staff
417579,Leandro,Ramamoorthy,9999-01-01,Engineer
417583,Jamaludin,Gischer,9999-01-01,Senior Staff
417588,Takushi,Iacovou,9999-01-01,Senior Engineer
417595,Maik,Roccetti,9999-01-01,Senior Staff
417596,Aron,Hiyoshi,9999-01-01,Senior Staff
417603,Rajmohan,Emden,9999-01-01,Senior Engineer
417609,Dhritiman,Thombley,9999-01-01,Engineer
417620,Tru,Skrikant,9999-01-01,Senior Staff
417633,Aemilian,Cappelletti,9999-01-01,Staff
417663,Muzhong,Stassinopoulos,9999-01-01,Staff
417666,Heping,Ranst,9999-01-01,Engineer
417674,Felicidad,Felcyn,9999-01-01,Senior Staff
417683,Fei,Kruskal,9999-01-01,Senior Staff
417697,Katsuo,Whitcomb,9999-01-01,Senior Staff
417704,Sajjad,Erdmenger,9999-01-01,Senior Staff
417705,Kousuke,Lammel,9999-01-01,Senior Staff
417718,Breannda,Chinin,9999-01-01,Engineer
417721,Aron,Back,9999-01-01,Engineer
417737,Ortrun,Picaronny,9999-01-01,Senior Staff
417751,Saddek,Perelgut,9999-01-01,Assistant Engineer
417776,Shuzo,Gruenwald,9999-01-01,Assistant Engineer
417777,Vitali,Picel,9999-01-01,Senior Staff
417780,Honglan,Tomescu,9999-01-01,Engineer
417785,Suebskul,Ranst,9999-01-01,Senior Engineer
417796,Feipei,Nitta,9999-01-01,Technique Leader
417807,Uinam,Doering,9999-01-01,Staff
417826,Dung,Portugali,9999-01-01,Engineer
417828,Marjo,Besancenot,9999-01-01,Assistant Engineer
417830,Geoff,Androutsos,9999-01-01,Senior Staff
417841,Freyja,Sridhar,9999-01-01,Senior Staff
417842,Mart,Khalil,9999-01-01,Engineer
417872,Sreekrishna,Yamaashi,9999-01-01,Senior Staff
417874,Sandeepan,McAlpine,9999-01-01,Engineer
417876,Hirochika,Milicic,9999-01-01,Engineer
417914,Brendon,Luck,9999-01-01,Staff
417915,Danai,Quadeer,9999-01-01,Staff
417923,Jahangir,Negoita,9999-01-01,Engineer
417940,Uri,Assaf,9999-01-01,Staff
417944,Kristinn,Serra,9999-01-01,Engineer
417961,Junichi,Lienhardt,9999-01-01,Engineer
417966,Tristan,Msuda,9999-01-01,Senior Staff
417978,Leaf,Merro,9999-01-01,Technique Leader
417983,Guoxiang,Sifakis,9999-01-01,Engineer
417991,Mihalis,Cincotta,9999-01-01,Senior Staff
417999,Dines,Penn,9999-01-01,Senior Engineer
418000,Yuichiro,Alpin,9999-01-01,Staff
418013,Martine,Codenie,9999-01-01,Senior Engineer
418019,Kristina,Ecklund,9999-01-01,Senior Staff
418039,Shuichi,Ramalingam,9999-01-01,Senior Staff
418052,Munenori,Busillo,9999-01-01,Senior Staff
418063,Arch,Walston,9999-01-01,Senior Engineer
418075,Mayuko,Moffat,9999-01-01,Staff
418082,Yuping,Denny,9999-01-01,Staff
418094,Mona,Kolvik,9999-01-01,Senior Staff
418095,Avishai,Azevdeo,9999-01-01,Engineer
418096,Teruyuki,Montresor,9999-01-01,Assistant Engineer
418110,Aiichiro,Roohalamini,9999-01-01,Senior Engineer
418125,Khun,Baar,9999-01-01,Staff
418130,Toshimitsu,Verhoeff,9999-01-01,Senior Staff
418167,Dinah,McAffer,9999-01-01,Engineer
418186,Tse,Delgrange,9999-01-01,Engineer
418196,Shunichi,Wiegley,9999-01-01,Senior Staff
418205,Navin,Schauser,9999-01-01,Senior Staff
418212,Arunas,Xiaoshan,9999-01-01,Senior Staff
418217,Chinho,Kaltofen,9999-01-01,Senior Engineer
418237,Ioana,Maquelin,9999-01-01,Engineer
418254,Masamitsu,Beilner,9999-01-01,Engineer
418266,Toshimori,Gulak,9999-01-01,Engineer
418329,Aiichiro,Eiron,9999-01-01,Senior Staff
418339,Mamdouh,Wendorf,9999-01-01,Senior Engineer
418351,Ferdinand,Perri,9999-01-01,Senior Staff
418361,Oguz,Hagimont,9999-01-01,Engineer
418379,Reinhold,Ducloy,9999-01-01,Senior Staff
418386,Gianluca,Cannata,9999-01-01,Assistant Engineer
418411,Nalini,Griswold,9999-01-01,Senior Staff
418415,Shahab,Molberg,9999-01-01,Engineer
418429,Zissis,Litvinov,9999-01-01,Senior Engineer
418434,Toshimo,Vasanthakumar,9999-01-01,Senior Engineer
418441,Xiaocheng,Marquardt,9999-01-01,Engineer
418450,Nidapan,Rodham,9999-01-01,Senior Staff
418455,Shaw,Sgarro,9999-01-01,Staff
418465,Munir,Masamoto,9999-01-01,Engineer
418471,Xiaoheng,Aloisi,9999-01-01,Staff
418475,Mokhtar,Weisert,9999-01-01,Staff
418480,Ranan,Anguita,9999-01-01,Senior Engineer
418481,Karoline,Papastamatiou,9999-01-01,Senior Engineer
418491,Aram,Constantine,9999-01-01,Staff
418504,Candida,Alvarado,9999-01-01,Senior Staff
418515,Naftali,Chachaty,9999-01-01,Staff
418536,Mark,Weiland,9999-01-01,Senior Engineer
418542,Mong,Manderick,9999-01-01,Engineer
418553,Abdelkader,Caine,9999-01-01,Senior Engineer
418555,Kristina,Luan,9999-01-01,Staff
418561,Younwoo,Andreotta,9999-01-01,Senior Staff
418586,Bernice,Isaak,9999-01-01,Staff
418603,Abdulla,Kropf,9999-01-01,Staff
418605,Flemming,Kornatzky,9999-01-01,Engineer
418614,Mani,Narlikar,9999-01-01,Engineer
418632,Uri,Reistad,9999-01-01,Senior Staff
418639,Anneke,Ponthieu,9999-01-01,Engineer
418648,Stamatina,Maierhofer,9999-01-01,Senior Engineer
418659,Basim,Barreiro,9999-01-01,Assistant Engineer
418666,Guiseppe,Denny,9999-01-01,Staff
418668,Shounak,Peck,9999-01-01,Staff
418671,Xiaoshan,Calkin,9999-01-01,Senior Staff
418682,Gill,Ritcey,9999-01-01,Engineer
418683,Tsuneo,Lagarias,9999-01-01,Staff
418694,Shigeo,Kamble,9999-01-01,Senior Staff
418702,Shih,Validov,9999-01-01,Senior Staff
418703,Mabo,Cairo,9999-01-01,Senior Engineer
418711,Feipei,Christianini,9999-01-01,Senior Staff
418716,Marke,Linnainmaa,9999-01-01,Staff
418733,Barun,Velasco,9999-01-01,Technique Leader
418734,Peer,Chaudhuri,9999-01-01,Engineer
418766,Mana,Viele,9999-01-01,Engineer
418771,Annemarie,Eiter,9999-01-01,Senior Engineer
418773,Tommaso,Pramanik,9999-01-01,Senior Staff
418788,Boguslaw,Wolniewicz,9999-01-01,Staff
418799,Uzi,Kakkar,9999-01-01,Senior Staff
418811,Xiaopeng,Unni,9999-01-01,Assistant Engineer
418815,Mads,Tanemo,9999-01-01,Senior Engineer
418821,Amalendu,Thiran,9999-01-01,Senior Engineer
418834,Shaunak,Leijenhorst,9999-01-01,Engineer
418835,Oguz,Bruckman,9999-01-01,Senior Staff
418855,Piyawadee,Granlund,9999-01-01,Senior Staff
418857,Mani,Uehara,9999-01-01,Staff
418866,Taegyun,Varker,9999-01-01,Senior Engineer
418870,Garnik,Dulli,9999-01-01,Senior Staff
418888,Harngdar,Petersohn,9999-01-01,Engineer
418901,Lucien,Kabayashi,9999-01-01,Senior Staff
418906,Youngkon,Boyle,9999-01-01,Engineer
418911,Alois,Kakkar,9999-01-01,Senior Engineer
418914,Shahar,Hashii,9999-01-01,Staff
418916,Rasikan,Papsdorf,9999-01-01,Senior Staff
418917,Honglan,Deverell,9999-01-01,Staff
418927,Baocai,Yemenis,9999-01-01,Engineer
418931,Idoia,Conia,9999-01-01,Staff
418934,Adam,Gurbaxani,9999-01-01,Senior Staff
418938,Elgin,Vrecion,9999-01-01,Senior Staff
418939,Arch,Dehkordi,9999-01-01,Staff
418946,Alejandra,Farrow,9999-01-01,Senior Staff
418962,Shigeaki,Farris,9999-01-01,Senior Engineer
418974,Dung,Sethi,9999-01-01,Engineer
418986,Kwangho,Warwick,9999-01-01,Assistant Engineer
418991,Abdelkader,Emden,9999-01-01,Senior Engineer
419000,Subhada,Sluis,9999-01-01,Staff
419001,Sanjay,Bahl,9999-01-01,Senior Staff
419002,Falguni,Felcyn,9999-01-01,Staff
419009,Yongdong,Morris,9999-01-01,Senior Staff
419044,Luigi,Panwar,9999-01-01,Engineer
419053,Irene,Karcich,9999-01-01,Staff
419062,Stafford,Walstra,9999-01-01,Assistant Engineer
419063,Michaela,Dehkordi,9999-01-01,Senior Staff
419065,Arvind,Manderick,9999-01-01,Senior Staff
419069,Koichi,Setlzner,9999-01-01,Staff
419084,Shen,Aamodt,9999-01-01,Senior Engineer
419104,Satoru,Vasanthakumar,9999-01-01,Senior Staff
419123,Marit,Hutter,9999-01-01,Engineer
419130,Willard,Reghbati,9999-01-01,Technique Leader
419135,Odysseas,Swen,9999-01-01,Senior Engineer
419136,Jagoda,Slaats,9999-01-01,Engineer
419157,Visit,Ruemmler,9999-01-01,Senior Staff
419180,Shigeaki,Rettelbach,9999-01-01,Assistant Engineer
419223,Berry,Birch,9999-01-01,Staff
419229,Mads,Pettey,9999-01-01,Engineer
419242,Elvia,Demir,9999-01-01,Technique Leader
419244,Taegyun,Lupu,9999-01-01,Engineer
419250,Navin,Birge,9999-01-01,Senior Engineer
419252,Mohamadou,Segond,9999-01-01,Senior Engineer
419263,Wojceich,Ramsay,9999-01-01,Technique Leader
419266,Tomokazu,Rosin,9999-01-01,Senior Engineer
419270,Fen,Kornyak,9999-01-01,Engineer
419272,Waiman,Ghalwash,9999-01-01,Engineer
419282,Hatem,Schrooten,9999-01-01,Engineer
419287,Takahira,Spelt,9999-01-01,Staff
419293,Perla,Noriega,9999-01-01,Senior Staff
419294,Girolamo,Demos,9999-01-01,Engineer
419296,Fumiyo,Delgrande,9999-01-01,Technique Leader
419297,Kwangsub,Harnett,9999-01-01,Senior Staff
419311,Sachin,Leaver,9999-01-01,Engineer
419315,Godehard,Rindone,9999-01-01,Engineer
419330,Kaijung,Einsfeld,9999-01-01,Staff
419336,Peer,Bahr,9999-01-01,Staff
419342,Shakhar,Loncour,9999-01-01,Engineer
419348,Takahiro,Piancastelli,9999-01-01,Senior Engineer
419359,Arie,Slutz,9999-01-01,Senior Engineer
419365,Shuichi,Sommen,9999-01-01,Technique Leader
419374,Yoshinari,Pollacia,9999-01-01,Senior Staff
419375,Gita,Katalagarianos,9999-01-01,Senior Staff
419387,Frazer,Lichtman,9999-01-01,Engineer
419423,Gian,Range,9999-01-01,Senior Staff
419427,Amalendu,Varley,9999-01-01,Staff
419444,Genevieve,Bennet,9999-01-01,Staff
419463,Kinh,Rikino,9999-01-01,Assistant Engineer
419469,Subhankar,Angot,9999-01-01,Senior Staff
419470,Larisa,Antonakopoulos,9999-01-01,Staff
419486,Gift,Bolsens,9999-01-01,Staff
419487,Nimmagadda,Haldar,9999-01-01,Engineer
419499,Honesty,Dulin,9999-01-01,Assistant Engineer
419504,Abdelaziz,Masamoto,9999-01-01,Engineer
419521,Takushi,Furudate,9999-01-01,Senior Staff
419527,Idoia,Krybus,9999-01-01,Senior Engineer
419533,Ghassan,Ermel,9999-01-01,Technique Leader
419534,Odoardo,Demizu,9999-01-01,Engineer
419543,Abdelghani,Nitsch,9999-01-01,Senior Staff
419568,Becky,Koprowski,9999-01-01,Senior Staff
419578,Elgin,Ullian,9999-01-01,Senior Staff
419581,Kotesh,Benaini,9999-01-01,Staff
419585,Ramachenga,Pezzoli,9999-01-01,Staff
419593,Xiaoqiang,Reeken,9999-01-01,Senior Engineer
419605,Jiakeng,Matzat,9999-01-01,Technique Leader
419606,Divine,Schauser,9999-01-01,Engineer
419621,Mong,Marsiglia,9999-01-01,Technique Leader
419622,Mabo,Murillo,9999-01-01,Senior Staff
419623,Guther,Demizu,9999-01-01,Senior Engineer
419638,Lein,Birsak,9999-01-01,Staff
419652,Pranas,Heusch,9999-01-01,Senior Staff
419658,Marke,Hashii,9999-01-01,Staff
419659,Duangkaew,Peng,9999-01-01,Staff
419669,Florina,Monarch,9999-01-01,Staff
419670,Otilia,Kuzuoka,9999-01-01,Technique Leader
419717,Rosalie,Tsunoo,9999-01-01,Engineer
419719,Gay,Reinhart,9999-01-01,Senior Staff
419723,Oscar,Picaronny,9999-01-01,Senior Staff
419726,Rosita,Bellone,9999-01-01,Engineer
419748,Jixiang,Rindone,9999-01-01,Engineer
419753,Divine,Ebeling,9999-01-01,Engineer
419767,Uma,Penz,9999-01-01,Staff
419770,Tadahiro,Weedman,9999-01-01,Senior Engineer
419781,Jordanka,Karnin,9999-01-01,Senior Staff
419783,Kwun,Puppo,9999-01-01,Staff
419787,Shahar,Bahl,9999-01-01,Senior Engineer
419803,Karlis,Molenkamp,9999-01-01,Senior Engineer
419818,Sanjoy,Emiris,9999-01-01,Staff
419828,Nectarios,Skogmar,9999-01-01,Engineer
419835,Kauko,Oppitz,9999-01-01,Staff
419837,Poornachandra,Morrey,9999-01-01,Senior Staff
419840,Chiranjit,Zultner,9999-01-01,Senior Engineer
419844,Yefim,Blokdijk,9999-01-01,Senior Staff
419860,Behnaam,Gide,9999-01-01,Technique Leader
419862,Odinaldo,Bressoud,9999-01-01,Senior Engineer
419874,Kinh,Zeleznik,9999-01-01,Senior Engineer
419884,Heejo,Dichev,9999-01-01,Assistant Engineer
419891,Kazuyasu,Setia,9999-01-01,Senior Engineer
419892,Eric,Rubsam,9999-01-01,Engineer
419898,Zhanqiu,Merkl,9999-01-01,Staff
419903,Conor,Merro,9999-01-01,Staff
419907,Tayeb,Rajaraman,9999-01-01,Senior Staff
419911,Seongbin,Hofstetter,9999-01-01,Staff
419912,Jeanne,Kolvik,9999-01-01,Engineer
419931,Yishay,Koblick,9999-01-01,Senior Engineer
419954,Yakkov,Katalagarianos,9999-01-01,Senior Engineer
419960,Chikako,Heping,9999-01-01,Engineer
419962,Fei,Gubsky,9999-01-01,Assistant Engineer
419968,Margareta,Strehl,9999-01-01,Staff
419986,Cristinel,Belinskaya,9999-01-01,Senior Engineer
419992,Mototsugu,Kenevan,9999-01-01,Staff
420004,Uriel,Benaini,9999-01-01,Engineer
420013,Pranav,Syang,9999-01-01,Senior Staff
420030,Arun,Vidal,9999-01-01,Senior Staff
420032,Frederique,Godskesen,9999-01-01,Engineer
420034,Pascal,Beilner,9999-01-01,Staff
420040,Minghong,Ghelli,9999-01-01,Assistant Engineer
420045,Baziley,Tasistro,9999-01-01,Senior Engineer
420048,Khue,Kalafatis,9999-01-01,Staff
420053,Kaijung,Chimia,9999-01-01,Engineer
420054,Arif,Iivonen,9999-01-01,Senior Engineer
420066,Chinho,Jumpertz,9999-01-01,Senior Staff
420073,Spyrose,DeMori,9999-01-01,Engineer
420074,Kerryn,Gire,9999-01-01,Senior Engineer
420092,Prodip,Impagliazzo,9999-01-01,Engineer
420114,Sarita,Heydon,9999-01-01,Senior Staff
420125,Yongmao,Itschner,9999-01-01,Staff
420129,Elvis,Vrecion,9999-01-01,Senior Staff
420160,Berhard,Ruther,9999-01-01,Senior Engineer
420180,Van,Feinberg,9999-01-01,Staff
420192,Tadahiro,Cooke,9999-01-01,Senior Engineer
420213,Jungsoon,Compeau,9999-01-01,Engineer
420216,Arumugam,Kalefeld,9999-01-01,Engineer
420217,Maren,Streit,9999-01-01,Senior Staff
420232,Claudi,Heystek,9999-01-01,Staff
420242,Nalini,Hanratty,9999-01-01,Engineer
420243,Chenyi,Lunt,9999-01-01,Staff
420256,Wilmer,Maraist,9999-01-01,Senior Staff
420314,Oguz,Demke,9999-01-01,Staff
420315,Ziyad,Zallocco,9999-01-01,Senior Engineer
420337,Abdulah,Ranum,9999-01-01,Senior Staff
420341,Dekang,Dalton,9999-01-01,Staff
420346,Chikako,Gihr,9999-01-01,Staff
420352,Matk,Krohn,9999-01-01,Staff
420358,Huei,Ressouche,9999-01-01,Staff
420362,Uinam,Cooley,9999-01-01,Staff
420363,Seongbae,Garrabrants,9999-01-01,Senior Staff
420369,Hisao,Prampolini,9999-01-01,Senior Engineer
420371,Muneo,Deverell,9999-01-01,Senior Engineer
420381,Kitty,Szmurlo,9999-01-01,Staff
420382,Wanqing,Lieberherr,9999-01-01,Senior Staff
420383,Shushma,Chelton,9999-01-01,Engineer
420390,Mostafa,Pillow,9999-01-01,Senior Staff
420394,Khun,Worfolk,9999-01-01,Senior Staff
420402,Arve,Rosca,9999-01-01,Staff
420404,Oksana,Lovengreen,9999-01-01,Staff
420420,Mayuko,Bressoud,9999-01-01,Senior Engineer
420423,Niclas,Guerreiro,9999-01-01,Engineer
420428,Behnaam,Francisci,9999-01-01,Senior Staff
420446,Giordano,Emden,9999-01-01,Senior Staff
420492,Arie,Versino,9999-01-01,Senior Engineer
420493,Yuriy,Albarhamtoshy,9999-01-01,Senior Staff
420498,Moti,Sullins,9999-01-01,Engineer
420499,Alenka,Picaronny,9999-01-01,Senior Staff
420509,Dzung,Mahmud,9999-01-01,Senior Staff
420520,Shan,Antonisse,9999-01-01,Senior Engineer
420522,Tua,Kadhim,9999-01-01,Engineer
420528,Geraldo,Driscoll,9999-01-01,Engineer
420532,Zdislav,Buchter,9999-01-01,Engineer
420547,Danae,Ashish,9999-01-01,Staff
420552,Shahab,Zeidenstein,9999-01-01,Senior Staff
420562,Anoosh,Danner,9999-01-01,Senior Staff
420567,Masali,Kambil,9999-01-01,Senior Engineer
420578,Francoise,Kalsbeek,9999-01-01,Technique Leader
420596,Tianruo,Gadepally,9999-01-01,Engineer
420597,Ferdinand,Bamford,9999-01-01,Assistant Engineer
420617,Xiahua,Gilg,9999-01-01,Staff
420621,Stella,Erni,9999-01-01,Senior Engineer
420622,Susanna,Katzenelson,9999-01-01,Senior Staff
420647,Shooichi,Ranum,9999-01-01,Engineer
420649,Vitali,Gyorkos,9999-01-01,Engineer
420661,Bowen,Speckmann,9999-01-01,Senior Staff
420669,Alenka,Nollmann,9999-01-01,Engineer
420679,Rosalyn,Ghandeharizadeh,9999-01-01,Senior Staff
420682,Yurij,Krohn,9999-01-01,Senior Engineer
420684,Stein,Percebois,9999-01-01,Staff
420710,Zhiwei,Sifakis,9999-01-01,Senior Engineer
420712,Josyula,Plump,9999-01-01,Engineer
420716,Masasuke,Middleton,9999-01-01,Engineer
420747,Weicheng,Maccarone,9999-01-01,Engineer
420768,Mary,Cyne,9999-01-01,Engineer
420770,Candido,Pietrzykowski,9999-01-01,Senior Staff
420798,Berthier,Ebeling,9999-01-01,Senior Engineer
420801,Khosrow,Speek,9999-01-01,Senior Staff
420809,Sverrir,Buchter,9999-01-01,Engineer
420816,Vitali,Benner,9999-01-01,Senior Engineer
420819,Dipayan,Zambonelli,9999-01-01,Senior Engineer
420822,Becky,Whitcomb,9999-01-01,Senior Engineer
420829,Heekeun,Klassen,9999-01-01,Senior Engineer
420838,Elvia,Schaar,9999-01-01,Senior Staff
420839,Randi,Levergood,9999-01-01,Staff
420853,Murthy,Bojadziev,9999-01-01,Senior Engineer
420874,Jinya,Hiyoshi,9999-01-01,Staff
420899,Ortrud,Kitsuregawa,9999-01-01,Staff
420902,Yishai,Hutton,9999-01-01,Staff
420909,Heeju,Plump,9999-01-01,Senior Engineer
420913,Poornachandra,Tibblin,9999-01-01,Senior Engineer
420916,Kwangho,Gischer,9999-01-01,Senior Engineer
420922,Peer,Schwartzburd,9999-01-01,Senior Staff
420933,Gila,Kroon,9999-01-01,Senior Engineer
420944,Francesca,Rajala,9999-01-01,Senior Staff
420950,Bouchung,Feldhoffer,9999-01-01,Senior Engineer
420951,Moriyoshi,Ventosa,9999-01-01,Senior Staff
420960,Ebbe,Chenoweth,9999-01-01,Engineer
420963,Leaf,Schnabel,9999-01-01,Senior Engineer
420982,Serge,Laurillard,9999-01-01,Technique Leader
420988,Chuanyi,Itzigehl,9999-01-01,Technique Leader
420997,Maik,Gill,9999-01-01,Technique Leader
421011,Masamitsu,Thorelli,9999-01-01,Staff
421024,Shuky,Strehl,9999-01-01,Engineer
421032,Aemilian,Trachtenberg,9999-01-01,Staff
421040,Chuanyi,Moehrke,9999-01-01,Engineer
421043,Vidya,Piveteau,9999-01-01,Senior Engineer
421046,Olivera,Swiss,9999-01-01,Staff
421050,Zita,Olivero,9999-01-01,Engineer
421051,Sachem,Wendorf,9999-01-01,Senior Engineer
421076,Clyde,Gecseg,9999-01-01,Senior Engineer
421089,Jouni,Peternell,9999-01-01,Senior Engineer
421095,Arto,Baca,9999-01-01,Senior Engineer
421108,Krister,Gulla,9999-01-01,Senior Staff
421111,Ziva,Benzmuller,9999-01-01,Senior Staff
421118,Jessie,Quaggetto,9999-01-01,Engineer
421119,Arto,Moffat,9999-01-01,Senior Staff
421122,Danny,Schnelling,9999-01-01,Staff
421128,Faiza,Polupanov,9999-01-01,Senior Staff
421133,Francesca,Brizzi,9999-01-01,Engineer
421162,Krister,Cherinka,9999-01-01,Senior Engineer
421167,Karoline,Talmon,9999-01-01,Engineer
421172,Heejo,Danley,9999-01-01,Senior Staff
421180,Pranay,Lindenbaum,9999-01-01,Staff
421189,Hideyuki,Heering,9999-01-01,Senior Engineer
421199,Irene,Laurillard,9999-01-01,Assistant Engineer
421205,Kensyu,Scallan,9999-01-01,Engineer
421222,Atreyi,Cappello,9999-01-01,Senior Staff
421228,Kirk,Verhaegen,9999-01-01,Engineer
421243,Renny,Neimat,9999-01-01,Senior Staff
421244,Ortrun,Ladret,9999-01-01,Senior Staff
421249,Francesca,Raoux,9999-01-01,Engineer
421251,Fumitaka,Assaf,9999-01-01,Senior Staff
421275,Gaurav,Bressoud,9999-01-01,Staff
421289,Remko,Cronan,9999-01-01,Senior Staff
421296,Guttorm,Krogh,9999-01-01,Engineer
421300,Arumugam,Chimia,9999-01-01,Engineer
421301,Xiaocheng,Quadeer,9999-01-01,Senior Staff
421304,Kwee,Acton,9999-01-01,Senior Engineer
421318,Filipp,Serna,9999-01-01,Senior Engineer
421319,Ranga,Maccarone,9999-01-01,Senior Staff
421324,Boaz,Heuter,9999-01-01,Staff
421326,Val,Covnot,9999-01-01,Senior Engineer
421337,Mabo,Kavraki,9999-01-01,Staff
421345,Salvador,Hartvigsen,9999-01-01,Engineer
421347,Erzsebet,Bahk,9999-01-01,Engineer
421358,KayLiang,Litecky,9999-01-01,Engineer
421364,Huican,Ramalingam,9999-01-01,Staff
421372,Guoxiang,Trachtenberg,9999-01-01,Staff
421376,Weijing,Ranon,9999-01-01,Staff
421388,Elzbieta,Bernatsky,9999-01-01,Senior Staff
421392,Seongbin,Bazzichi,9999-01-01,Engineer
421395,Edwin,Wissmann,9999-01-01,Senior Staff
421401,Jaewon,Litzler,9999-01-01,Engineer
421404,Tooru,Dalton,9999-01-01,Senior Staff
421410,Xiaoshan,Schiper,9999-01-01,Technique Leader
421435,Tze,Tibblin,9999-01-01,Engineer
421455,Trygve,Feldmann,9999-01-01,Technique Leader
421461,Francoise,Veeraraghavan,9999-01-01,Senior Engineer
421465,Yongqiao,Pouyioutas,9999-01-01,Engineer
421469,Seongbae,Oxenboll,9999-01-01,Senior Engineer
421484,Poornachandra,Masaki,9999-01-01,Engineer
421490,Zsolt,Heering,9999-01-01,Technique Leader
421499,Billie,Danecki,9999-01-01,Senior Engineer
421520,Lene,Sabnani,9999-01-01,Staff
421526,Syozo,Christianini,9999-01-01,Senior Engineer
421528,Bernardo,Smeets,9999-01-01,Senior Engineer
421536,Sumali,Prochazka,9999-01-01,Technique Leader
421540,Annemarie,Ranon,9999-01-01,Staff
421543,Volkmar,Haddadi,9999-01-01,Senior Staff
421546,Barun,Flanders,9999-01-01,Engineer
421549,Arvin,Remmers,9999-01-01,Assistant Engineer
421554,Fei,Asser,9999-01-01,Engineer
421570,Shuji,Taubenfeld,9999-01-01,Senior Staff
421575,JoAnne,Farrag,9999-01-01,Engineer
421654,Claude,Ciolek,9999-01-01,Senior Staff
421656,Shaleah,Morton,9999-01-01,Senior Engineer
421697,Marko,Iwayama,9999-01-01,Senior Staff
421698,Flemming,Billawala,9999-01-01,Staff
421712,Marla,Grandbois,9999-01-01,Senior Engineer
421720,Thodoros,Erde,9999-01-01,Senior Staff
421723,Ymte,Olano,9999-01-01,Senior Staff
421730,Vishwani,Feldhoffer,9999-01-01,Senior Engineer
421739,Shahar,Bisiani,9999-01-01,Technique Leader
421740,Shin,Jarecki,9999-01-01,Senior Engineer
421749,Dietrich,Calkin,9999-01-01,Engineer
421754,Pasqua,Matzen,9999-01-01,Senior Staff
421775,Gretta,Baak,9999-01-01,Staff
421787,Yifei,Lunn,9999-01-01,Engineer
421792,Bernt,Maliniak,9999-01-01,Senior Staff
421796,Yakkov,Apsitis,9999-01-01,Senior Staff
421801,Jeanna,McConalogue,9999-01-01,Senior Staff
421822,Mario,Rodham,9999-01-01,Engineer
421832,Leszek,Brizzi,9999-01-01,Engineer
421836,Phuoc,Eugenio,9999-01-01,Staff
421839,Rosli,Bennet,9999-01-01,Senior Staff
421846,Gunilla,Einsfeld,9999-01-01,Senior Engineer
421849,Zhenhua,Pileggi,9999-01-01,Engineer
421856,Mona,Suomi,9999-01-01,Senior Engineer
421860,Masali,Cyre,9999-01-01,Senior Engineer
421871,Mohua,Chachaty,9999-01-01,Senior Engineer
421876,Tzu,Rijckaert,9999-01-01,Staff
421886,Holgard,Gelosh,9999-01-01,Engineer
421896,Serif,Chinin,9999-01-01,Senior Engineer
421902,Ingmar,Francisci,9999-01-01,Engineer
421930,Chiradeep,Mateescu,9999-01-01,Staff
421940,Marek,Covnot,9999-01-01,Senior Staff
421946,Mohamadou,Sambasivam,9999-01-01,Senior Staff
421948,Marl,Chorvat,9999-01-01,Senior Staff
421954,Leandro,Reeker,9999-01-01,Staff
421956,Kotesh,Hedayat,9999-01-01,Staff
421963,Shir,Setia,9999-01-01,Staff
421975,Hyuckchul,Eastman,9999-01-01,Staff
421986,Gritta,Furudate,9999-01-01,Senior Staff
421994,Lubomir,Cyre,9999-01-01,Engineer
421999,Mark,Perng,9999-01-01,Engineer
422009,LiMin,Vieth,9999-01-01,Engineer
422033,Basim,Butterworth,9999-01-01,Senior Staff
422042,Domenick,Roisin,9999-01-01,Senior Engineer
422046,Kyoichi,Parfitt,9999-01-01,Senior Engineer
422049,Vesna,Oberman,9999-01-01,Staff
422057,Mahmut,Shiratori,9999-01-01,Staff
422058,Xiping,Selenyi,9999-01-01,Senior Staff
422066,Aleksander,Berendt,9999-01-01,Senior Engineer
422078,Yuichiro,Ratnaker,9999-01-01,Staff
422083,Fusako,Kowalchuk,9999-01-01,Senior Staff
422084,Guenter,Ranai,9999-01-01,Senior Staff
422100,Kotesh,Aingworth,9999-01-01,Senior Engineer
422105,Yongdong,Zykh,9999-01-01,Senior Staff
422124,Leandro,Birch,9999-01-01,Senior Engineer
422131,Adin,Kleiser,9999-01-01,Engineer
422133,Collette,Brattka,9999-01-01,Staff
422150,Felicidad,Lundstrom,9999-01-01,Senior Engineer
422156,Chikara,Cardazo,9999-01-01,Staff
422161,Malu,Riefers,9999-01-01,Senior Staff
422180,Dekang,Christ,9999-01-01,Engineer
422184,Changho,Vesel,9999-01-01,Technique Leader
422205,Mandell,Kamber,9999-01-01,Engineer
422208,Shietung,Constantine,9999-01-01,Senior Engineer
422216,Toshimitsu,Felcyn,9999-01-01,Senior Engineer
422223,Zine,Madeira,9999-01-01,Technique Leader
422227,Francoise,Brizzi,9999-01-01,Engineer
422229,Subbu,Kawashima,9999-01-01,Senior Engineer
422233,Aemilian,Koshino,9999-01-01,Senior Staff
422238,Masoud,Kaltofen,9999-01-01,Senior Engineer
422241,Roselyn,Ponthieu,9999-01-01,Senior Engineer
422244,Leon,Zeilberger,9999-01-01,Senior Staff
422245,Utz,Ginneken,9999-01-01,Senior Staff
422246,Francesca,Kusakari,9999-01-01,Senior Staff
422296,Kazuhide,Birch,9999-01-01,Engineer
422304,Manton,Warwick,9999-01-01,Assistant Engineer
422323,Kauko,Luca,9999-01-01,Senior Engineer
422338,Sachem,Rindone,9999-01-01,Senior Staff
422340,Halsur,Lorcy,9999-01-01,Assistant Engineer
422342,Mario,Schahn,9999-01-01,Engineer
422349,Mani,Straney,9999-01-01,Staff
422357,Parto,Berztiss,9999-01-01,Engineer
422363,Tetsurou,Pramanik,9999-01-01,Staff
422379,Yongmin,Kabayashi,9999-01-01,Senior Engineer
422380,Mamdouh,Kawashimo,9999-01-01,Technique Leader
422381,Aran,Merkl,9999-01-01,Senior Staff
422388,Atilio,Godskesen,9999-01-01,Senior Engineer
422389,Ramachenga,Suwa,9999-01-01,Senior Engineer
422390,Jiann,Gist,9999-01-01,Senior Engineer
422393,Ramya,Schapire,9999-01-01,Engineer
422402,Shugo,Wiegley,9999-01-01,Staff
422447,Falguni,Peres,9999-01-01,Technique Leader
422454,Nechama,McAlpine,9999-01-01,Senior Staff
422461,Ebbe,Beetstra,9999-01-01,Engineer
422463,Kellyn,Benzaken,9999-01-01,Senior Staff
422470,Arvin,Androutsos,9999-01-01,Senior Staff
422481,Irene,Fujisaki,9999-01-01,Engineer
422506,Patricio,Lambe,9999-01-01,Staff
422511,Zijian,Zaumen,9999-01-01,Senior Staff
422514,Dharmaraja,Mitzlaff,9999-01-01,Senior Staff
422537,Khue,Denis,9999-01-01,Engineer
422542,Bojan,Steenbeek,9999-01-01,Senior Staff
422558,Aris,Negoita,9999-01-01,Staff
422566,Adly,Erva,9999-01-01,Engineer
422573,Jianhao,Anily,9999-01-01,Engineer
422577,Vasilis,Henseler,9999-01-01,Technique Leader
422587,Mohit,Speek,9999-01-01,Senior Engineer
422588,Abdelghani,Gimarc,9999-01-01,Senior Engineer
422614,Anneke,Wuwongse,9999-01-01,Engineer
422619,Aron,Bottner,9999-01-01,Senior Staff
422631,Richara,Lorin,9999-01-01,Senior Staff
422636,Bouchung,Schreiter,9999-01-01,Senior Staff
422638,Susanta,Schwaller,9999-01-01,Engineer
422639,Pascal,Munawer,9999-01-01,Senior Staff
422641,Padma,Hasham,9999-01-01,Staff
422646,Alexius,Peltason,9999-01-01,Engineer
422665,Arunachalam,Edelhoff,9999-01-01,Senior Staff
422671,Ronghao,Basagni,9999-01-01,Senior Engineer
422673,Xiong,Miculan,9999-01-01,Senior Staff
422676,Udaiprakash,Wissmann,9999-01-01,Engineer
422677,Arra,Staylopatis,9999-01-01,Engineer
422685,Reinhard,Oxman,9999-01-01,Engineer
422696,Debatosh,Botman,9999-01-01,Senior Staff
422736,Clyde,Bugaenko,9999-01-01,Senior Staff
422744,Francoise,Panwar,9999-01-01,Engineer
422769,Amstein,Ginneken,9999-01-01,Engineer
422775,Moto,Emmart,9999-01-01,Senior Engineer
422782,JiYoung,Czaja,9999-01-01,Senior Staff
422784,Gererd,Breugel,9999-01-01,Technique Leader
422812,Akeno,Pashtan,9999-01-01,Senior Staff
422851,Basant,Muhlberg,9999-01-01,Senior Engineer
422872,Morrie,Chappelet,9999-01-01,Senior Staff
422877,Haldun,Speel,9999-01-01,Senior Staff
422879,Torsten,Merle,9999-01-01,Staff
422896,Kristin,Kulisch,9999-01-01,Senior Staff
422906,Susumu,Denny,9999-01-01,Senior Engineer
422926,Bernardo,Ouhyoung,9999-01-01,Engineer
422938,Shuho,Taneja,9999-01-01,Senior Staff
422949,Vishv,Stentiford,9999-01-01,Senior Staff
422950,Sampalli,Uhrik,9999-01-01,Senior Staff
422960,Naftaly,Baezner,9999-01-01,Senior Engineer
422979,Kiyokazu,Shihab,9999-01-01,Staff
422995,Gro,Pezzoli,9999-01-01,Senior Staff
423004,Stepehn,Saoudi,9999-01-01,Senior Engineer
423005,Chenyi,Furedi,9999-01-01,Staff
423007,DAIDA,Przulj,9999-01-01,Engineer
423010,Rasikan,Aumann,9999-01-01,Senior Staff
423024,Khosrow,Usdin,9999-01-01,Staff
423032,Yolla,Katiyar,9999-01-01,Senior Staff
423050,Jianwen,Schueller,9999-01-01,Staff
423093,Dannz,Kadhim,9999-01-01,Senior Staff
423102,Shir,Heyers,9999-01-01,Staff
423104,Annemarie,McConalogue,9999-01-01,Staff
423126,Valeri,Scallan,9999-01-01,Senior Staff
423135,IEEE,Wegerle,9999-01-01,Technique Leader
423150,Constantijn,Schonegge,9999-01-01,Staff
423168,Faiza,Oehlmann,9999-01-01,Senior Staff
423171,Francesca,Mandell,9999-01-01,Staff
423191,Kasturi,Siksek,9999-01-01,Engineer
423200,Doohun,Langford,9999-01-01,Senior Engineer
423226,Tadahiro,Szmurlo,9999-01-01,Senior Staff
423241,Nadjib,Litvinov,9999-01-01,Engineer
423243,Gill,Lammel,9999-01-01,Staff
423251,Maia,Zolotykh,9999-01-01,Staff
423272,Khun,Molenaar,9999-01-01,Assistant Engineer
423275,Franziska,Jeansoulin,9999-01-01,Engineer
423304,Angel,Willoner,9999-01-01,Staff
423308,Tsz,Esposito,9999-01-01,Senior Staff
423311,Chikako,Zeidenstein,9999-01-01,Senior Engineer
423317,Lenore,Warwick,9999-01-01,Senior Engineer
423323,Aiman,Ventosa,9999-01-01,Technique Leader
423326,Idoia,Cullers,9999-01-01,Engineer
423338,Chuanti,Rosiles,9999-01-01,Staff
423344,Tse,Brobst,9999-01-01,Engineer
423348,Shaibal,Perng,9999-01-01,Engineer
423349,Huiqun,Kuhnemann,9999-01-01,Engineer
423352,Shigehiro,Isard,9999-01-01,Staff
423371,Jamaludin,Qiwen,9999-01-01,Staff
423373,Golgen,Schwartzburd,9999-01-01,Senior Staff
423388,Hiroyasu,Byoun,9999-01-01,Staff
423397,Masami,Ghelli,9999-01-01,Senior Engineer
423399,Gina,Falck,9999-01-01,Staff
423406,Yuuichi,Barbanera,9999-01-01,Staff
423412,Kwok,Spelt,9999-01-01,Senior Engineer
423418,Guttorm,Brendel,9999-01-01,Senior Engineer
423424,Nobuyoshi,Foong,9999-01-01,Senior Engineer
423434,Uta,Shackell,9999-01-01,Senior Staff
423443,Chenye,Camarinopoulos,9999-01-01,Engineer
423454,Achilleas,Vandervoorde,9999-01-01,Senior Engineer
423464,Shiv,Rodier,9999-01-01,Assistant Engineer
423466,Magy,Zhang,9999-01-01,Engineer
423468,Leandro,Heuser,9999-01-01,Senior Engineer
423477,Martina,Beznosov,9999-01-01,Engineer
423479,Rosine,Hambrick,9999-01-01,Senior Engineer
423484,Geoffrey,Mersereau,9999-01-01,Senior Staff
423497,Luisa,Driscoll,9999-01-01,Senior Staff
423526,Adly,Choobineh,9999-01-01,Engineer
423536,Toshimo,Coney,9999-01-01,Staff
423538,Shuky,Schieder,9999-01-01,Senior Engineer
423543,Oldrich,Acton,9999-01-01,Engineer
423565,Srinidhi,Gurbaxani,9999-01-01,Senior Engineer
423570,Suebskul,Ullian,9999-01-01,Senior Staff
423579,Gopalakrishnan,Etalle,9999-01-01,Senior Staff
423592,Chenxi,Azuma,9999-01-01,Senior Staff
423596,Lokesh,Heystek,9999-01-01,Senior Staff
423605,Hiroyasu,Tanemo,9999-01-01,Senior Staff
423607,Deborah,Suwa,9999-01-01,Staff
423620,Mingdong,Gulla,9999-01-01,Senior Engineer
423625,Marc,Candan,9999-01-01,Senior Engineer
423632,Masoud,Pocchiola,9999-01-01,Senior Staff
423669,Ung,Lakshmanan,9999-01-01,Assistant Engineer
423679,Xiaobin,Azuma,9999-01-01,Engineer
423689,Xudong,Schlumberger,9999-01-01,Engineer
423691,Alain,Hanratty,9999-01-01,Senior Engineer
423693,Randi,Zweizig,9999-01-01,Staff
423701,Yinlin,Bellone,9999-01-01,Senior Engineer
423702,Parke,Iivonen,9999-01-01,Senior Staff
423705,Christ,Kaelbling,9999-01-01,Engineer
423720,Barry,Maierhofer,9999-01-01,Senior Staff
423725,Dines,Belinskaya,9999-01-01,Senior Staff
423728,Denny,Murtafg,9999-01-01,Engineer
423732,Barry,Delgrange,9999-01-01,Technique Leader
423734,Huan,Montresor,9999-01-01,Staff
423738,Mantis,Weiland,9999-01-01,Senior Engineer
423756,Huican,Schlumberger,9999-01-01,Assistant Engineer
423757,Katsuyuki,Baezner,9999-01-01,Senior Engineer
423768,Limsoon,Asmuth,9999-01-01,Senior Engineer
423777,Tomofumi,Roccetti,9999-01-01,Engineer
423803,Xuejun,Beilner,9999-01-01,Senior Engineer
423807,Barry,Rikino,9999-01-01,Staff
423823,Yucel,Demian,9999-01-01,Senior Engineer
423829,Chenxi,Peroz,9999-01-01,Staff
423830,Maya,Menhoudj,9999-01-01,Senior Engineer
423835,Clyde,Trachtenberg,9999-01-01,Senior Staff
423844,Masadi,Smeets,9999-01-01,Engineer
423848,Taizo,Zambonelli,9999-01-01,Senior Engineer
423876,Amstein,Gustavson,9999-01-01,Assistant Engineer
423877,Stella,Salverda,9999-01-01,Engineer
423893,Fumino,Gerteisen,9999-01-01,Assistant Engineer
423897,Jacopo,Baezner,9999-01-01,Senior Staff
423907,Sanjit,Akaboshi,9999-01-01,Senior Staff
423916,Adel,Ecklund,9999-01-01,Senior Staff
423917,Dines,Bouloucos,9999-01-01,Engineer
423920,Mana,Thombley,9999-01-01,Senior Engineer
423938,Sham,Fritzsche,9999-01-01,Senior Staff
423939,Khatoun,Carrere,9999-01-01,Engineer
423945,Ymte,Heping,9999-01-01,Senior Staff
423959,Guttorm,Fabrizio,9999-01-01,Staff
423960,Pramod,Snyers,9999-01-01,Technique Leader
423966,Harjit,Badache,9999-01-01,Staff
423972,Premsyl,Miake,9999-01-01,Senior Staff
423982,Hidde,Boissier,9999-01-01,Senior Engineer
423985,Ottavia,Azevdeo,9999-01-01,Technique Leader
423986,Debatosh,Alvarado,9999-01-01,Assistant Engineer
423991,Weicheng,Gargeya,9999-01-01,Senior Engineer
424012,Cullen,Legleitner,9999-01-01,Engineer
424037,Sumant,Langford,9999-01-01,Senior Staff
424043,Tetsurou,Gulik,9999-01-01,Staff
424084,Demin,Suwa,9999-01-01,Staff
424085,Irene,Merks,9999-01-01,Engineer
424090,Inderjeet,Holburn,9999-01-01,Staff
424099,Kwangyoen,Strandh,9999-01-01,Senior Staff
424134,Aleksandar,Wrigley,9999-01-01,Senior Engineer
424135,Masaki,Fairtlough,9999-01-01,Senior Staff
424142,Turgut,Larfeldt,9999-01-01,Engineer
424144,Candido,Lorin,9999-01-01,Senior Staff
424157,Fumiyo,Felder,9999-01-01,Senior Staff
424166,Hairong,Kuzuoka,9999-01-01,Engineer
424167,Kazuhiko,Hasham,9999-01-01,Engineer
424185,Sigeru,Khalid,9999-01-01,Senior Engineer
424189,Martijn,Denny,9999-01-01,Senior Engineer
424192,Boaz,Rosenbaum,9999-01-01,Staff
424200,Shooichi,Yeung,9999-01-01,Engineer
424205,Paris,Shumilov,9999-01-01,Engineer
424220,Felicidad,Morrey,9999-01-01,Staff
424224,Arunachalam,Plumb,9999-01-01,Staff
424230,Irena,Sridhar,9999-01-01,Senior Staff
424250,Suzette,Wendorf,9999-01-01,Senior Staff
424252,Shirish,Bernardinello,9999-01-01,Senior Staff
424259,Seongbin,Bennis,9999-01-01,Engineer
424262,Krassimir,Trelles,9999-01-01,Senior Staff
424264,Yucai,Woycyznski,9999-01-01,Senior Staff
424298,Francesca,Chinin,9999-01-01,Staff
424309,Masoud,Chachaty,9999-01-01,Engineer
424327,Chrisa,Unni,9999-01-01,Senior Engineer
424328,Juyoung,Murtafg,9999-01-01,Senior Staff
424336,Owen,Hiltgen,9999-01-01,Engineer
424354,Gennadi,Plessier,9999-01-01,Engineer
424355,Szabolcs,Garrabrants,9999-01-01,Senior Engineer
424367,Kokou,Passino,9999-01-01,Engineer
424378,Sanjiv,Varman,9999-01-01,Senior Engineer
424379,Menkae,Murtagh,9999-01-01,Staff
424391,Marc,Skogmar,9999-01-01,Senior Staff
424393,Hironobu,Rosti,9999-01-01,Senior Engineer
424399,Tamiya,Brattka,9999-01-01,Senior Engineer
424405,Cedric,Restivo,9999-01-01,Senior Staff
424410,Mads,Jahnichen,9999-01-01,Senior Engineer
424425,Fuqing,Isaac,9999-01-01,Staff
424447,Irene,Miake,9999-01-01,Senior Staff
424452,Shalesh,Pero,9999-01-01,Engineer
424461,Nitsan,Snyers,9999-01-01,Engineer
424464,Jianhua,Deverell,9999-01-01,Staff
424467,Udo,Hockney,9999-01-01,Senior Staff
424468,Elrique,Pocchiola,9999-01-01,Staff
424483,Dipankar,Zhiwei,9999-01-01,Senior Staff
424491,Caolyn,Munoz,9999-01-01,Staff
424497,Shahab,Maccarone,9999-01-01,Senior Engineer
424499,Kristine,Camurati,9999-01-01,Staff
424532,Sachar,Brender,9999-01-01,Engineer
424536,Christoph,Feldhoffer,9999-01-01,Staff
424558,Vojin,Casley,9999-01-01,Senior Engineer
424563,Rosli,Pileggi,9999-01-01,Senior Staff
424564,Kristina,Stasinski,9999-01-01,Senior Staff
424565,Bartek,Plavsic,9999-01-01,Assistant Engineer
424570,Gil,Klyachko,9999-01-01,Senior Staff
424571,Keiichiro,Tempesti,9999-01-01,Senior Engineer
424576,Weiyi,Billingsley,9999-01-01,Engineer
424581,Turgut,Christianini,9999-01-01,Staff
424591,Abdelwaheb,Yeung,9999-01-01,Senior Staff
424593,Mohammed,Serra,9999-01-01,Staff
424597,Wuxu,Hinsberger,9999-01-01,Technique Leader
424607,Gunilla,Kowalchuk,9999-01-01,Engineer
424609,Erzsebet,Reistad,9999-01-01,Senior Staff
424615,Gregory,Hasham,9999-01-01,Senior Engineer
424636,Domenick,Perl,9999-01-01,Senior Engineer
424659,Mohd,Gyorkos,9999-01-01,Senior Engineer
424662,Jaewon,Swab,9999-01-01,Engineer
424677,Patricia,Karcich,9999-01-01,Senior Staff
424694,Candido,Morris,9999-01-01,Senior Staff
424700,Dietrich,Kossowski,9999-01-01,Engineer
424719,Feixiong,Curless,9999-01-01,Senior Engineer
424724,Suebskul,Angelopoulos,9999-01-01,Senior Engineer
424744,Qingxiang,Butterworth,9999-01-01,Senior Engineer
424755,Arco,Ranka,9999-01-01,Staff
424765,Lillian,Azevdeo,9999-01-01,Engineer
424786,Martins,Rosiles,9999-01-01,Senior Staff
424811,Tomokazu,Reutenauer,9999-01-01,Senior Staff
424840,Mara,Bernardinello,9999-01-01,Engineer
424870,Mingdong,Valette,9999-01-01,Senior Engineer
424876,Kazuyasu,Seuren,9999-01-01,Senior Engineer
424885,Zhensheng,Picco,9999-01-01,Senior Engineer
424892,Ingmar,Farrow,9999-01-01,Senior Staff
424900,Aemilian,Siksek,9999-01-01,Engineer
424907,Visit,Schwaller,9999-01-01,Senior Engineer
424910,Weiye,Miara,9999-01-01,Staff
424913,Almudena,Ravishankar,9999-01-01,Technique Leader
424937,Teunis,Buchter,9999-01-01,Senior Engineer
424950,Yuchang,Mundy,9999-01-01,Senior Staff
424961,Yaghout,Morris,9999-01-01,Senior Staff
424980,Dekang,Badr,9999-01-01,Engineer
424995,Jouni,Bale,9999-01-01,Staff
424997,Heekeun,Anger,9999-01-01,Senior Engineer
424998,Demin,Schmezko,9999-01-01,Senior Engineer
425013,Mariusz,Fargier,9999-01-01,Technique Leader
425033,Ekawit,Waleschkowski,9999-01-01,Senior Staff
425050,Jingling,Vingron,9999-01-01,Senior Staff
425078,Tommaso,Angiulli,9999-01-01,Engineer
425092,Ebbe,Meszaros,9999-01-01,Senior Staff
425104,Billur,Zolotykh,9999-01-01,Senior Staff
425106,Sakthirel,Bednarek,9999-01-01,Senior Staff
425113,Dinkar,Copas,9999-01-01,Senior Staff
425115,Naftali,Begiun,9999-01-01,Senior Engineer
425125,Hongzhu,Rosenbaum,9999-01-01,Engineer
425131,Phule,Antonakopoulos,9999-01-01,Senior Engineer
425132,Christoper,Perry,9999-01-01,Staff
425151,Gian,Schiper,9999-01-01,Senior Staff
425181,Roselyn,Foote,9999-01-01,Senior Engineer
425182,Urs,Shigei,9999-01-01,Engineer
425193,Thodoros,Cronau,9999-01-01,Senior Engineer
425219,Martien,Macedo,9999-01-01,Senior Engineer
425220,Xiadong,Anger,9999-01-01,Staff
425221,Honglan,Riesenhuber,9999-01-01,Staff
425251,Nishit,Angel,9999-01-01,Senior Staff
425252,Patricio,Baranowski,9999-01-01,Senior Engineer
425262,Thanasis,Rahier,9999-01-01,Staff
425264,Jeanne,Shigei,9999-01-01,Senior Engineer
425291,Basil,Schusler,9999-01-01,Senior Staff
425301,Sangeeta,Gien,9999-01-01,Senior Staff
425304,Muzhong,McAffer,9999-01-01,Engineer
425328,Theron,Salvesen,9999-01-01,Staff
425336,Poorav,Gammage,9999-01-01,Senior Engineer
425337,Taiji,Kusakabe,9999-01-01,Staff
425359,Jaideep,Marchegay,9999-01-01,Senior Staff
425370,Zijian,Hebert,9999-01-01,Engineer
425371,Gita,Ariola,9999-01-01,Senior Engineer
425375,Tsvetan,Peir,9999-01-01,Senior Staff
425388,Mohammad,Varker,9999-01-01,Senior Engineer
425391,Toshiki,Gulak,9999-01-01,Senior Engineer
425400,Girolamo,Erdmenger,9999-01-01,Senior Engineer
425413,Nigel,Mungall,9999-01-01,Senior Staff
425415,Arra,Pietrzykowski,9999-01-01,Senior Staff
425417,Ayakannu,Peris,9999-01-01,Senior Engineer
425431,Zhaofang,Monkewich,9999-01-01,Senior Staff
425438,Uma,Kleiser,9999-01-01,Senior Engineer
425442,Richara,Iacovou,9999-01-01,Engineer
425456,Junsik,Markovitch,9999-01-01,Staff
425458,Hidekazu,Honiden,9999-01-01,Senior Engineer
425462,Keung,Sherertz,9999-01-01,Senior Staff
425464,Ebbe,Garnick,9999-01-01,Senior Engineer
425473,Giao,Cappelli,9999-01-01,Staff
425474,Vishwani,England,9999-01-01,Senior Staff
425482,Jongsuk,Cunliffe,9999-01-01,Staff
425487,Kellyn,Egerstedt,9999-01-01,Staff
425489,Toshimi,Nicolson,9999-01-01,Senior Engineer
425511,Odysseas,Mahnke,9999-01-01,Senior Engineer
425529,Lubomir,Luce,9999-01-01,Assistant Engineer
425536,Sajjan,Denti,9999-01-01,Senior Engineer
425547,Remko,Hasham,9999-01-01,Senior Staff
425548,Geoff,Perfilyeva,9999-01-01,Senior Engineer
425575,Eldridge,Schahn,9999-01-01,Senior Engineer
425585,Mack,Heemskerk,9999-01-01,Senior Engineer
425589,Boriana,Heiserman,9999-01-01,Technique Leader
425599,Faiza,Perz,9999-01-01,Senior Engineer
425608,Krisda,Ratnakar,9999-01-01,Senior Staff
425609,Jovan,Gonthier,9999-01-01,Senior Staff
425611,Naftaly,Roisin,9999-01-01,Senior Engineer
425625,Surveyors,Morrow,9999-01-01,Senior Staff
425627,Guadalupe,Sewelson,9999-01-01,Senior Staff
425636,Danco,Picaronny,9999-01-01,Staff
425637,Elrique,Kaelbling,9999-01-01,Engineer
425639,Odysseas,Engelmann,9999-01-01,Staff
425652,Tran,Birrer,9999-01-01,Assistant Engineer
425659,Hirochika,Sinicrope,9999-01-01,Engineer
425667,Padma,Minakawa,9999-01-01,Senior Staff
425669,Stabislas,Wrigley,9999-01-01,Engineer
425676,Masaru,Matzov,9999-01-01,Staff
425689,Arnould,Bernini,9999-01-01,Senior Engineer
425692,Prodip,Tomescu,9999-01-01,Senior Engineer
425713,Ymte,Orlowski,9999-01-01,Senior Engineer
425716,Khatoun,Merro,9999-01-01,Assistant Engineer
425735,Jaewoo,Vanwelkenhuysen,9999-01-01,Engineer
425738,Nechama,Rusmann,9999-01-01,Senior Engineer
425742,Martins,Rindone,9999-01-01,Senior Staff
425759,Tiina,Molberg,9999-01-01,Staff
425760,Candido,Iisaka,9999-01-01,Staff
425775,Jahangir,Bridgland,9999-01-01,Senior Staff
425785,Przemyslawa,Rijsenbrij,9999-01-01,Senior Staff
425794,Chinhyun,Zucker,9999-01-01,Staff
425795,Zine,Beetstra,9999-01-01,Engineer
425796,Billie,Erman,9999-01-01,Engineer
425806,Aemilian,Limongiello,9999-01-01,Staff
425809,Piyawadee,Luan,9999-01-01,Senior Engineer
425817,Cedric,Berstel,9999-01-01,Engineer
425821,Vidar,Narwekar,9999-01-01,Senior Staff
425836,Alois,Schnabel,9999-01-01,Engineer
425841,Emdad,Luders,9999-01-01,Senior Staff
425860,JoAnna,Bakhtari,9999-01-01,Senior Staff
425864,Gro,Bellone,9999-01-01,Senior Staff
425865,Yechezkel,Emmart,9999-01-01,Senior Engineer
425871,Weiye,Gimbel,9999-01-01,Senior Staff
425873,Visit,Conti,9999-01-01,Staff
425876,Ingemar,Buescher,9999-01-01,Senior Engineer
425882,Akemi,DasSarma,9999-01-01,Senior Staff
425889,Duri,Swift,9999-01-01,Senior Engineer
425894,Miomir,Plessier,9999-01-01,Engineer
425914,Ishfaq,Melter,9999-01-01,Engineer
425942,Frazer,Litvinov,9999-01-01,Senior Staff
425948,Bikash,Matzke,9999-01-01,Senior Engineer
425960,Elliott,Terkki,9999-01-01,Senior Staff
425973,Satoru,Jeansoulin,9999-01-01,Staff
425976,Bikash,Dulay,9999-01-01,Staff
425986,Rafael,Riefers,9999-01-01,Staff
425990,Zhilian,Pell,9999-01-01,Senior Staff
425994,Douadi,Baez,9999-01-01,Staff
425996,Marla,Welham,9999-01-01,Senior Engineer
426010,Utpal,Koblitz,9999-01-01,Senior Staff
426052,Manohar,Morrow,9999-01-01,Staff
426058,Kristin,Sifakis,9999-01-01,Senior Staff
426061,Mohan,Hutter,9999-01-01,Technique Leader
426073,Jingling,Driscoll,9999-01-01,Staff
426081,Zdislav,Cappelli,9999-01-01,Senior Staff
426090,Weiru,Falck,9999-01-01,Staff
426099,Alair,Sherertz,9999-01-01,Staff
426104,Zhenbing,Kobuchi,9999-01-01,Engineer
426119,Karsten,Herbst,9999-01-01,Senior Staff
426120,Atilio,Hofman,9999-01-01,Senior Staff
426124,Piyush,Range,9999-01-01,Senior Engineer
426129,Nikolaus,Loncour,9999-01-01,Staff
426133,Jeanne,Roccetti,9999-01-01,Staff
426141,Kiyotoshi,Rettelbach,9999-01-01,Staff
426154,Fay,Schmittgen,9999-01-01,Senior Staff
426178,Muzhong,Orlowska,9999-01-01,Staff
426187,Josyula,Mawatari,9999-01-01,Engineer
426193,Huiqun,Rattan,9999-01-01,Senior Staff
426243,Randi,Cummings,9999-01-01,Senior Engineer
426254,Jenwei,Kornyak,9999-01-01,Senior Engineer
426256,Gregory,Binkley,9999-01-01,Staff
426274,Valdiodio,Pillow,9999-01-01,Senior Engineer
426275,Froduald,Masada,9999-01-01,Senior Engineer
426289,Ute,Maginnis,9999-01-01,Engineer
426290,Serenella,Slobodova,9999-01-01,Engineer
426321,Dines,Ventosa,9999-01-01,Staff
426342,Uinam,Siepmann,9999-01-01,Senior Engineer
426346,Ranga,Petersohn,9999-01-01,Engineer
426349,Alassane,Kaelbling,9999-01-01,Senior Engineer
426375,Suzette,Gerteisen,9999-01-01,Senior Engineer
426388,Yishai,Berstel,9999-01-01,Staff
426389,Chuanyi,Ellozy,9999-01-01,Engineer
426392,Urs,Perly,9999-01-01,Senior Staff
426394,Margo,Pettit,9999-01-01,Senior Staff
426399,Elvia,Heusch,9999-01-01,Technique Leader
426401,Dmitri,Staelin,9999-01-01,Senior Engineer
426405,Urs,Lorcy,9999-01-01,Senior Engineer
426406,Irena,Ritzmann,9999-01-01,Senior Staff
426417,Alenka,Cardazo,9999-01-01,Senior Staff
426428,Aloke,Bierbaum,9999-01-01,Staff
426433,Danny,Welham,9999-01-01,Senior Staff
426437,Isamu,Lanphier,9999-01-01,Engineer
426446,Weijing,Lung,9999-01-01,Senior Staff
426449,Pragnesh,Waschkowski,9999-01-01,Engineer
426466,Bikash,Andreotta,9999-01-01,Senior Staff
426503,Janche,Herbst,9999-01-01,Senior Engineer
426505,Tommaso,Makinen,9999-01-01,Senior Engineer
426511,Oddvar,Polupanov,9999-01-01,Senior Staff
426518,Marek,Turnbull,9999-01-01,Senior Staff
426519,Kwee,Wossner,9999-01-01,Staff
426529,Wayne,Zeidenstein,9999-01-01,Senior Staff
426542,Hein,Slaats,9999-01-01,Senior Engineer
426570,Tamiya,Koshino,9999-01-01,Staff
426573,Hausi,Gonthier,9999-01-01,Senior Staff
426579,Odinaldo,Anily,9999-01-01,Senior Engineer
426592,Alois,Quaggetto,9999-01-01,Senior Staff
426598,Rance,Demizu,9999-01-01,Engineer
426606,Adhemar,Range,9999-01-01,Senior Staff
426613,Parviz,Kruskal,9999-01-01,Engineer
426614,Elliott,Jullig,9999-01-01,Senior Engineer
426623,Yifei,Cochrane,9999-01-01,Senior Staff
426637,Willard,Kemmerer,9999-01-01,Senior Staff
426648,Masako,Vilarrasa,9999-01-01,Senior Engineer
426664,Luisa,Hartvigsen,9999-01-01,Senior Engineer
426666,Francesca,Willoner,9999-01-01,Senior Engineer
426669,Arup,Blokdijk,9999-01-01,Senior Staff
426677,Waiman,Lorie,9999-01-01,Engineer
426679,Zita,Ranze,9999-01-01,Engineer
426684,Neven,Sridhar,9999-01-01,Senior Staff
426690,Aluzio,Klyachko,9999-01-01,Engineer
426701,Shem,Mandelberg,9999-01-01,Engineer
426729,Eldridge,Clemencon,9999-01-01,Senior Engineer
426739,Chandrasekaran,Sigstam,9999-01-01,Senior Staff
426742,Toshiko,Swick,9999-01-01,Engineer
426781,Reinhard,Setiz,9999-01-01,Technique Leader
426782,Genki,Steinauer,9999-01-01,Senior Staff
426783,Sahrah,Cyne,9999-01-01,Senior Engineer
426786,Tesuro,Choobineh,9999-01-01,Engineer
426791,Alair,Irland,9999-01-01,Senior Staff
426799,Hatim,Keirsey,9999-01-01,Senior Staff
426804,Berni,Merle,9999-01-01,Engineer
426807,Maik,Pramanik,9999-01-01,Senior Engineer
426809,Jiann,Spieker,9999-01-01,Senior Engineer
426841,Otilia,Mondadori,9999-01-01,Engineer
426844,Yuichiro,Kaltofen,9999-01-01,Senior Staff
426849,Dietrich,Suermann,9999-01-01,Staff
426864,Dines,Rissanen,9999-01-01,Senior Engineer
426865,Demos,Krohn,9999-01-01,Engineer
426890,Tran,Karcich,9999-01-01,Senior Staff
426922,Leucio,Cesareni,9999-01-01,Senior Staff
426928,Kauko,Georgatos,9999-01-01,Staff
426934,Yannik,Papsdorf,9999-01-01,Technique Leader
426936,Reinhold,Glowinski,9999-01-01,Engineer
426937,Utz,Peroz,9999-01-01,Senior Engineer
426948,Stella,Waymire,9999-01-01,Senior Staff
426952,Susanne,Masada,9999-01-01,Senior Engineer
426980,Dhritiman,Ushiama,9999-01-01,Staff
426994,Zito,Nyanchama,9999-01-01,Senior Staff
426995,Rasikan,Spelt,9999-01-01,Staff
427000,Hercules,Kaltofen,9999-01-01,Staff
427005,Geoffrey,Demian,9999-01-01,Technique Leader
427010,Mingsen,Frolund,9999-01-01,Senior Staff
427018,Rosine,Cesareni,9999-01-01,Senior Staff
427024,Munenori,Niizuma,9999-01-01,Senior Staff
427028,Saddek,Bernardeschi,9999-01-01,Senior Staff
427029,Samphel,Ramalingam,9999-01-01,Staff
427034,Amalendu,Yurov,9999-01-01,Senior Engineer
427040,Alain,Asmuth,9999-01-01,Senior Staff
427055,Toong,Rosis,9999-01-01,Senior Engineer
427058,Weidon,Ranai,9999-01-01,Staff
427073,Wayne,Baby,9999-01-01,Staff
427075,Berry,Cunliffe,9999-01-01,Engineer
427077,Fatemeh,Ranka,9999-01-01,Staff
427082,Atreyi,Remmers,9999-01-01,Engineer
427086,Xiaoshan,Vecchi,9999-01-01,Senior Engineer
427091,Udi,Cherinka,9999-01-01,Staff
427097,Eishiro,Socorro,9999-01-01,Technique Leader
427104,Sanjiv,Solares,9999-01-01,Senior Engineer
427114,Akeel,Gustavson,9999-01-01,Senior Staff
427121,Jianhao,Bolsens,9999-01-01,Engineer
427122,Uli,Ladret,9999-01-01,Staff
427138,Bernd,Vidya,9999-01-01,Senior Staff
427140,Jaideep,Jeong,9999-01-01,Senior Staff
427151,Juichirou,Attimonelli,9999-01-01,Senior Staff
427156,Kwun,Herbst,9999-01-01,Staff
427157,Faiza,Werthner,9999-01-01,Senior Staff
427159,Adib,Zockler,9999-01-01,Technique Leader
427165,Toong,Radhakrishnan,9999-01-01,Engineer
427171,Nigel,Rodham,9999-01-01,Senior Staff
427176,Khue,Seuren,9999-01-01,Engineer
427177,Moto,Rosch,9999-01-01,Assistant Engineer
427188,Sedat,Farrel,9999-01-01,Staff
427194,Tetsurou,Tsukuda,9999-01-01,Senior Engineer
427202,Rutger,Waeselynck,9999-01-01,Engineer
427212,Nitsan,Dulin,9999-01-01,Senior Staff
427219,Chenyi,Iisaka,9999-01-01,Senior Staff
427224,Weiyi,Merli,9999-01-01,Engineer
427237,Zhigen,Pagter,9999-01-01,Staff
427244,Toshiko,Chenoweth,9999-01-01,Engineer
427253,Georg,Kading,9999-01-01,Senior Engineer
427260,Jianhao,Cooke,9999-01-01,Senior Engineer
427262,Dekang,Birge,9999-01-01,Staff
427263,Weiyi,Pramanik,9999-01-01,Staff
427269,Mark,Ginesta,9999-01-01,Senior Engineer
427284,Takushi,Farrar,9999-01-01,Engineer
427298,Saniya,Serra,9999-01-01,Senior Staff
427314,Valeska,Rando,9999-01-01,Engineer
427319,Yuuichi,Deyuan,9999-01-01,Technique Leader
427321,Arra,Hutton,9999-01-01,Senior Engineer
427328,Yuuichi,Shimshoni,9999-01-01,Technique Leader
427336,Ipke,Coney,9999-01-01,Senior Staff
427346,Denis,Kropf,9999-01-01,Senior Staff
427354,Bernt,Collavizza,9999-01-01,Senior Engineer
427362,Chrisa,Melton,9999-01-01,Engineer
427368,Marc,Glinert,9999-01-01,Senior Engineer
427370,Chinho,Slobodova,9999-01-01,Senior Staff
427371,Emdad,Ballarin,9999-01-01,Senior Engineer
427381,Lena,Pepe,9999-01-01,Senior Staff
427383,Oddvar,Jullig,9999-01-01,Engineer
427426,Vasilii,Dulin,9999-01-01,Senior Staff
427427,Quingbo,Hanratty,9999-01-01,Senior Engineer
427449,Reuven,Hockney,9999-01-01,Engineer
427456,Arno,Harllee,9999-01-01,Engineer
427464,Nahid,Bale,9999-01-01,Staff
427472,Kristina,Pfau,9999-01-01,Senior Staff
427488,Bingning,Norsworthy,9999-01-01,Staff
427492,Kousuke,Seiwald,9999-01-01,Engineer
427503,Goetz,Kushner,9999-01-01,Senior Engineer
427504,Janalee,Pauthner,9999-01-01,Technique Leader
427529,Magy,Feldmann,9999-01-01,Staff
427547,Roselyn,Bahi,9999-01-01,Staff
427549,Tetsurou,Sifakis,9999-01-01,Engineer
427554,Froduald,Francisci,9999-01-01,Senior Staff
427556,Turgut,Brlek,9999-01-01,Senior Engineer
427595,Noritoshi,Leijenhorst,9999-01-01,Engineer
427621,Ziya,Hofman,9999-01-01,Senior Engineer
427623,Shaunak,Itschner,9999-01-01,Senior Staff
427633,Denny,Limongiello,9999-01-01,Engineer
427645,Nalini,Jording,9999-01-01,Technique Leader
427650,Maya,Luck,9999-01-01,Senior Engineer
427658,Uriel,Foong,9999-01-01,Engineer
427660,Mayuko,Gils,9999-01-01,Staff
427664,Toshimo,Maccarone,9999-01-01,Engineer
427680,Souichi,Underwood,9999-01-01,Staff
427682,Boalin,Birta,9999-01-01,Senior Staff
427686,Sangeeta,Asser,9999-01-01,Technique Leader
427693,Weiyi,Whitcomb,9999-01-01,Engineer
427697,DeForest,Juneja,9999-01-01,Senior Engineer
427698,Siddarth,Schapire,9999-01-01,Senior Staff
427703,Hyuckchul,Loncour,9999-01-01,Senior Engineer
427704,Atreyi,Lundstrom,9999-01-01,Engineer
427722,Vishwani,Crooks,9999-01-01,Engineer
427724,Steve,Khalid,9999-01-01,Senior Staff
427727,Ramzi,Melichar,9999-01-01,Engineer
427741,Arra,Grandbois,9999-01-01,Engineer
427742,Yongdong,Demke,9999-01-01,Staff
427744,Magy,Lunt,9999-01-01,Engineer
427764,Shichao,Birdsall,9999-01-01,Senior Staff
427780,Khue,Montresor,9999-01-01,Senior Staff
427783,Gennady,Alameldin,9999-01-01,Staff
427786,Jiong,Ozery,9999-01-01,Senior Staff
427795,Adam,Hofting,9999-01-01,Staff
427798,Djenana,Mullainathan,9999-01-01,Senior Staff
427817,Vishv,Kading,9999-01-01,Engineer
427819,Shigehiro,Rohrbach,9999-01-01,Engineer
427836,Zhonghua,Khasidashvili,9999-01-01,Senior Engineer
427841,Shaz,Schaad,9999-01-01,Senior Staff
427848,Mikhail,Hutton,9999-01-01,Engineer
427849,Mayuri,Rindone,9999-01-01,Senior Staff
427853,Sanjay,Bisiani,9999-01-01,Engineer
427856,Atreye,Kalafatis,9999-01-01,Staff
427866,Vivian,Mahnke,9999-01-01,Staff
427869,Marjo,Rubsam,9999-01-01,Staff
427883,Boriana,Vecchi,9999-01-01,Senior Engineer
427890,Aram,Rosin,9999-01-01,Senior Engineer
427899,Angus,Mitzlaff,9999-01-01,Engineer
427900,Tse,Dredge,9999-01-01,Senior Engineer
427902,Tamiya,Rosen,9999-01-01,Senior Staff
427905,Chaitali,Birdsall,9999-01-01,Senior Engineer
427918,Billie,Llado,9999-01-01,Senior Engineer
427924,Brendon,Msuda,9999-01-01,Senior Staff
427935,Xiaoshan,Jonsson,9999-01-01,Senior Engineer
427948,Uriel,Khalil,9999-01-01,Engineer
427959,Alassane,Ritzmann,9999-01-01,Senior Engineer
427988,Martial,Barvinok,9999-01-01,Staff
428003,Shirish,Yamaashi,9999-01-01,Senior Engineer
428004,Weiye,Prenel,9999-01-01,Senior Staff
428005,Torsten,Byoun,9999-01-01,Senior Staff
428006,Mohamadou,Katiyar,9999-01-01,Engineer
428012,Tuval,Merlo,9999-01-01,Staff
428020,Toshimitsu,Tiemann,9999-01-01,Senior Staff
428028,Lenore,Driscoll,9999-01-01,Senior Engineer
428042,Feixiong,Wegerle,9999-01-01,Senior Engineer
428062,Shirish,Byoun,9999-01-01,Staff
428073,Lech,Improta,9999-01-01,Staff
428080,Moon,Nilsson,9999-01-01,Senior Staff
428098,Erez,Unno,9999-01-01,Engineer
428103,Takanari,Khasidashvili,9999-01-01,Senior Engineer
428122,Tooru,Georgatos,9999-01-01,Senior Engineer
428129,Rajmohan,Motley,9999-01-01,Engineer
428134,Sadok,McDermid,9999-01-01,Senior Staff
428135,Insup,Diderrich,9999-01-01,Engineer
428151,Achilleas,Knightly,9999-01-01,Staff
428153,Syozo,Koshiba,9999-01-01,Senior Engineer
428156,Salvador,Dolinsky,9999-01-01,Senior Staff
428166,Tzvetan,Mahnke,9999-01-01,Technique Leader
428170,Koichi,Kalefeld,9999-01-01,Senior Engineer
428180,Wilmer,Lindqvist,9999-01-01,Senior Engineer
428189,Mats,Noriega,9999-01-01,Senior Engineer
428198,Behnaam,Thibadeau,9999-01-01,Staff
428207,Taizo,Beausoleil,9999-01-01,Staff
428224,Michaela,Pollacia,9999-01-01,Staff
428237,Itzchak,Passafiume,9999-01-01,Senior Engineer
428241,Werner,Nergos,9999-01-01,Senior Staff
428242,Shuichi,Choobineh,9999-01-01,Staff
428243,Leif,Ghazalie,9999-01-01,Senior Engineer
428245,Macha,Christianini,9999-01-01,Senior Engineer
428246,Jaihie,Koshiba,9999-01-01,Senior Staff
428260,Leszek,Binding,9999-01-01,Senior Engineer
428266,Fumiko,Junot,9999-01-01,Engineer
428267,Saeko,Rubsam,9999-01-01,Senior Staff
428273,Shaleah,Thorensen,9999-01-01,Engineer
428282,Yifei,Ranon,9999-01-01,Staff
428293,Wanqing,Jarecki,9999-01-01,Senior Staff
428299,Aimee,Detkin,9999-01-01,Engineer
428314,Mario,Plotkin,9999-01-01,Engineer
428361,Qunsheng,Kamble,9999-01-01,Engineer
428372,Licheng,Neimat,9999-01-01,Senior Engineer
428392,Marko,Katzenelson,9999-01-01,Senior Engineer
428402,Stein,Remmele,9999-01-01,Staff
428416,Narain,Murtha,9999-01-01,Staff
428419,Gila,Cichocki,9999-01-01,Engineer
428421,Arne,Shanbhogue,9999-01-01,Senior Staff
428435,Parto,Itschner,9999-01-01,Engineer
428447,Palash,Gulak,9999-01-01,Technique Leader
428460,Ramachenga,Decaestecker,9999-01-01,Senior Staff
428465,Goetz,Journel,9999-01-01,Senior Engineer
428478,Gay,Auria,9999-01-01,Staff
428506,Qiwen,Conte,9999-01-01,Staff
428507,Christophe,Luca,9999-01-01,Senior Staff
428516,Shaw,Barvinok,9999-01-01,Staff
428528,Vishv,Leivant,9999-01-01,Senior Engineer
428537,Fumitaka,Vecchi,9999-01-01,Staff
428564,Indrajit,Chinen,9999-01-01,Senior Engineer
428585,Sanjeeva,Selvestrel,9999-01-01,Senior Staff
428592,Noritoshi,Diderrich,9999-01-01,Senior Engineer
428593,Gita,Ozeki,9999-01-01,Technique Leader
428594,Breannda,Aamodt,9999-01-01,Staff
428620,Yinghua,Demian,9999-01-01,Assistant Engineer
428621,Gro,Thebaut,9999-01-01,Staff
428625,Mohammad,Savasere,9999-01-01,Senior Staff
428630,Jenwei,Orsini,9999-01-01,Senior Staff
428649,Halsur,Raoux,9999-01-01,Engineer
428675,Mountaz,Erol,9999-01-01,Senior Staff
428678,Tomokazu,Kilgore,9999-01-01,Senior Engineer
428682,Bojan,Halloran,9999-01-01,Staff
428688,Alagu,Deville,9999-01-01,Senior Staff
428692,Tse,Versino,9999-01-01,Senior Engineer
428705,Tommaso,Adachi,9999-01-01,Engineer
428715,Kerhong,Pappas,9999-01-01,Engineer
428725,Tonny,Berendt,9999-01-01,Engineer
428732,Adamantios,Malabarba,9999-01-01,Senior Engineer
428742,Rasiah,Denny,9999-01-01,Technique Leader
428809,Gererd,Leijenhorst,9999-01-01,Senior Staff
428821,Gennady,Kropatsch,9999-01-01,Senior Staff
428833,Weiwu,Wursthorn,9999-01-01,Engineer
428836,Weiru,Hennings,9999-01-01,Senior Engineer
428842,Gennadi,Munch,9999-01-01,Engineer
428851,Bilhanan,Berendt,9999-01-01,Senior Engineer
428858,Tua,Lieblein,9999-01-01,Staff
428860,Mizuhito,Joslin,9999-01-01,Senior Engineer
428878,Yannis,Syrotiuk,9999-01-01,Engineer
428887,Yefim,Marzano,9999-01-01,Staff
428889,Perry,Brizzi,9999-01-01,Engineer
428902,Guozhong,Hempstead,9999-01-01,Engineer
428914,Maha,Bernini,9999-01-01,Senior Engineer
428915,Nikolaus,Granlund,9999-01-01,Senior Engineer
428921,Conal,Gien,9999-01-01,Staff
428923,Xiaoqiu,Hasenauer,9999-01-01,Senior Engineer
428926,Odoardo,Merle,9999-01-01,Senior Staff
428930,Herb,Pelc,9999-01-01,Senior Staff
428934,Juichirou,Rahier,9999-01-01,Engineer
428937,Sudhanshu,Chappelet,9999-01-01,Technique Leader
428951,Shigeaki,Angot,9999-01-01,Engineer
428959,DeForest,Prenel,9999-01-01,Senior Staff
429010,Danco,Ramras,9999-01-01,Senior Engineer
429013,Maren,Toyoshima,9999-01-01,Engineer
429020,Zorica,Iisaka,9999-01-01,Senior Staff
429038,Beshir,Pauthner,9999-01-01,Senior Engineer
429045,Pasqua,Dolinsky,9999-01-01,Engineer
429050,Brewster,Stroustrup,9999-01-01,Senior Engineer
429051,Mihalis,Schiettecatte,9999-01-01,Senior Engineer
429055,Masoud,Radivojevic,9999-01-01,Staff
429056,Eirik,Gils,9999-01-01,Staff
429071,Domenico,Baik,9999-01-01,Technique Leader
429105,Lunjin,Denna,9999-01-01,Senior Engineer
429115,Valery,Halevi,9999-01-01,Senior Engineer
429128,Uno,Range,9999-01-01,Staff
429130,Franziska,Zlotek,9999-01-01,Engineer
429144,Anyuan,Merks,9999-01-01,Senior Staff
429158,Sadegh,Mahnke,9999-01-01,Senior Engineer
429194,Bingning,Scharstein,9999-01-01,Engineer
429211,Abdelghani,Tchuente,9999-01-01,Engineer
429219,Fabrizio,Katalagarianos,9999-01-01,Engineer
429220,Divine,Glinert,9999-01-01,Senior Engineer
429221,Alain,Zykh,9999-01-01,Technique Leader
429222,Boriana,Schmiedel,9999-01-01,Senior Engineer
429260,Byong,Guardalben,9999-01-01,Senior Staff
429272,DeForest,Benantar,9999-01-01,Senior Engineer
429294,Weijing,Salinas,9999-01-01,Engineer
429297,Becky,Acton,9999-01-01,Senior Staff
429298,Pranay,Hiyoshi,9999-01-01,Senior Engineer
429307,Mohan,Uchoa,9999-01-01,Assistant Engineer
429315,Khatoun,Wixon,9999-01-01,Staff
429321,Lihong,Matzel,9999-01-01,Technique Leader
429367,Kiyomitsu,Schlenzig,9999-01-01,Senior Staff
429369,Yifei,Luit,9999-01-01,Senior Engineer
429379,Tsutomu,Danecki,9999-01-01,Senior Staff
429411,Pramod,Flowers,9999-01-01,Senior Engineer
429414,Zongyan,Mahmud,9999-01-01,Staff
429417,Morris,Valette,9999-01-01,Engineer
429422,Odinaldo,Janetzko,9999-01-01,Engineer
429423,Mabhin,Servi,9999-01-01,Staff
429425,Duke,Nanard,9999-01-01,Senior Engineer
429431,Huiqun,Reutenauer,9999-01-01,Engineer
429435,Fay,Perin,9999-01-01,Senior Staff
429443,Martial,Terekhov,9999-01-01,Senior Engineer
429444,Peternela,Garigliano,9999-01-01,Senior Engineer
429467,Kinh,Mitzlaff,9999-01-01,Senior Staff
429468,Ennio,Walston,9999-01-01,Staff
429479,Miomir,Tetzlaff,9999-01-01,Staff
429493,Adib,Motley,9999-01-01,Engineer
429494,Ipke,Puppe,9999-01-01,Engineer
429507,Tsutomu,Kugler,9999-01-01,Senior Staff
429514,Alair,Merkl,9999-01-01,Senior Staff
429518,Tomokazu,Poujol,9999-01-01,Senior Staff
429549,Eben,Selenyi,9999-01-01,Senior Engineer
429564,JoAnne,Pulkowski,9999-01-01,Technique Leader
429573,Samphel,Castellani,9999-01-01,Staff
429596,Xiahua,Zyda,9999-01-01,Assistant Engineer
429601,Stafford,Driscoll,9999-01-01,Senior Staff
429628,Arunachalam,Perelgut,9999-01-01,Engineer
429634,Lidong,Azevdeo,9999-01-01,Staff
429642,Kagan,Slutz,9999-01-01,Engineer
429648,Pranjal,Gaughan,9999-01-01,Senior Staff
429649,Lijie,Krone,9999-01-01,Senior Engineer
429652,Woody,Denna,9999-01-01,Engineer
429659,Jongsuk,Francisci,9999-01-01,Engineer
429665,Snehasis,Piazza,9999-01-01,Staff
429680,Adas,Weiland,9999-01-01,Engineer
429695,Hyuncheol,Angelov,9999-01-01,Staff
429701,Shin,Feldmann,9999-01-01,Senior Engineer
429749,Georgy,Reeken,9999-01-01,Senior Staff
429751,Arnould,Ushiama,9999-01-01,Engineer
429761,Gadiel,Auyong,9999-01-01,Senior Engineer
429766,Mandell,Lorin,9999-01-01,Staff
429785,Radhia,Iivonen,9999-01-01,Engineer
429801,Nahla,Angot,9999-01-01,Senior Staff
429814,Georg,Tischendorf,9999-01-01,Senior Staff
429836,Arumugam,Kilgour,9999-01-01,Senior Staff
429843,Chirstian,Lortz,9999-01-01,Staff
429851,Dulce,Manders,9999-01-01,Senior Staff
429864,Shai,Quaggetto,9999-01-01,Staff
429893,Wanqing,Guenter,9999-01-01,Senior Engineer
429919,Mototsugu,Pashtan,9999-01-01,Engineer
429945,Tadahiro,Kornatzky,9999-01-01,Senior Engineer
429961,Houman,Swiss,9999-01-01,Senior Staff
429974,Udo,Doering,9999-01-01,Senior Staff
429988,Jacopo,Riexinger,9999-01-01,Senior Staff
429991,Rosine,Picco,9999-01-01,Staff
429992,Vishwani,Atrawala,9999-01-01,Staff
430000,Otmar,Genther,9999-01-01,Engineer
430001,Lucien,Dalton,9999-01-01,Engineer
430004,Morris,Orsini,9999-01-01,Senior Staff
430016,Adam,Randi,9999-01-01,Senior Staff
430051,Muneo,Rodier,9999-01-01,Senior Staff
430058,Shaibal,Restivo,9999-01-01,Engineer
430079,Mikhail,England,9999-01-01,Staff
430086,Zhanqiu,Unni,9999-01-01,Senior Engineer
430098,Ymte,Rahier,9999-01-01,Staff
430101,Dekang,Veeraraghavan,9999-01-01,Staff
430111,Tadahiko,Borstler,9999-01-01,Senior Engineer
430128,Becky,Berztiss,9999-01-01,Senior Staff
430147,Tran,Jayawardene,9999-01-01,Senior Staff
430149,Gill,Luon,9999-01-01,Senior Staff
430152,Kersti,Tsukune,9999-01-01,Senior Staff
430153,Kensei,Sommen,9999-01-01,Senior Engineer
430164,Holgard,Parveen,9999-01-01,Staff
430166,Poornachandra,Ravishankar,9999-01-01,Senior Staff
430179,Neelam,Serna,9999-01-01,Senior Staff
430182,Somnath,Terekhov,9999-01-01,Engineer
430184,Leszek,Cunliffe,9999-01-01,Staff
430196,Mechthild,Fasbender,9999-01-01,Staff
430202,Gopalakrishnan,Pusterhofer,9999-01-01,Senior Staff
430224,Noritoshi,Basawa,9999-01-01,Senior Engineer
430237,Huican,Falster,9999-01-01,Engineer
430244,Halsur,Perng,9999-01-01,Senior Engineer
430282,Gou,Skrikant,9999-01-01,Technique Leader
430285,Nishit,Deville,9999-01-01,Senior Engineer
430300,Xuedong,Binkley,9999-01-01,Staff
430315,Paloma,Engberts,9999-01-01,Engineer
430316,Otmar,Ellozy,9999-01-01,Engineer
430347,Malu,Cyne,9999-01-01,Staff
430360,Bokyung,Bardell,9999-01-01,Staff
430362,Marc,Baranowski,9999-01-01,Staff
430384,Taiji,Masand,9999-01-01,Engineer
430400,Shahaf,Zwicker,9999-01-01,Senior Engineer
430403,Bowen,Rissland,9999-01-01,Senior Engineer
430416,Laurentiu,Malabarba,9999-01-01,Assistant Engineer
430438,Leszek,Jullig,9999-01-01,Engineer
430446,Guoxiang,Ghandeharizadeh,9999-01-01,Assistant Engineer
430459,Ziya,Roison,9999-01-01,Senior Staff
430461,Fan,Lichtner,9999-01-01,Staff
430472,Jungsoon,Kalefeld,9999-01-01,Engineer
430477,Subhrajyoti,Angelopoulos,9999-01-01,Senior Engineer
430481,Woody,Pauthner,9999-01-01,Senior Staff
430498,Danel,Krybus,9999-01-01,Engineer
430501,Candida,McConalogue,9999-01-01,Assistant Engineer
430512,Richara,Flanders,9999-01-01,Senior Engineer
430519,Vojin,Lanteri,9999-01-01,Senior Engineer
430523,Rosalyn,Validov,9999-01-01,Staff
430524,Baoqiu,Schnabel,9999-01-01,Engineer
430534,Ghassan,Walston,9999-01-01,Senior Engineer
430535,Georg,Fasbender,9999-01-01,Senior Staff
430543,Toshimitsu,Zongker,9999-01-01,Engineer
430570,Adit,Papadias,9999-01-01,Senior Staff
430596,Gill,Stanger,9999-01-01,Engineer
430598,Garnik,Auria,9999-01-01,Senior Staff
430604,Khue,Erie,9999-01-01,Staff
430606,Parto,Biron,9999-01-01,Engineer
430615,Babette,Stanfel,9999-01-01,Senior Staff
430616,Ashish,Tchuente,9999-01-01,Senior Engineer
430619,Poorav,Maierhofer,9999-01-01,Senior Staff
430633,Margareta,Peek,9999-01-01,Senior Staff
430649,Lorien,Quittner,9999-01-01,Senior Staff
430662,Zita,Vernadat,9999-01-01,Engineer
430675,Shiv,Comellas,9999-01-01,Engineer
430677,Phuoc,Kaelbling,9999-01-01,Senior Staff
430683,Godehard,Braunmuhl,9999-01-01,Senior Engineer
430685,Sergi,Jenevein,9999-01-01,Staff
430692,Arunachalam,Yemenis,9999-01-01,Senior Staff
430698,Gadiel,Hatcliff,9999-01-01,Senior Engineer
430713,Khedija,Peac,9999-01-01,Senior Engineer
430720,Arco,Peha,9999-01-01,Technique Leader
430724,Geoff,Gruenwald,9999-01-01,Engineer
430737,Jeane,Kadhim,9999-01-01,Senior Staff
430742,Jiong,Scallan,9999-01-01,Senior Engineer
430743,Kasturi,Smeets,9999-01-01,Staff
430754,Zengping,Langford,9999-01-01,Senior Staff
430759,Fumiko,Buchter,9999-01-01,Staff
430772,Stepehn,Haraldson,9999-01-01,Senior Engineer
430777,Hailing,Feldmann,9999-01-01,Engineer
430789,Nathan,Antonakopoulos,9999-01-01,Technique Leader
430807,Suvo,Terwilliger,9999-01-01,Senior Staff
430812,Takushi,Vernadat,9999-01-01,Engineer
430813,Bodo,Carrere,9999-01-01,Staff
430820,Tse,Snedden,9999-01-01,Senior Staff
430841,Wanqing,Menyhert,9999-01-01,Senior Staff
430848,Xuejun,Shimshoni,9999-01-01,Engineer
430854,Collette,Tsunoo,9999-01-01,Engineer
430859,Gritta,Bakhtari,9999-01-01,Senior Staff
430878,Jinya,Siepmann,9999-01-01,Engineer
430898,Kiyomitsu,Braunschweig,9999-01-01,Senior Staff
430906,Christ,Cyre,9999-01-01,Staff
430910,Duro,Taneja,9999-01-01,Engineer
430936,Saddek,Deville,9999-01-01,Senior Engineer
430960,Shahaf,Lorie,9999-01-01,Senior Engineer
430990,Masamitsu,Acton,9999-01-01,Senior Staff
430999,Khatoun,Ranon,9999-01-01,Staff
431009,Tremaine,Lamba,9999-01-01,Senior Engineer
431014,Toney,Masamoto,9999-01-01,Engineer
431022,Randy,Improta,9999-01-01,Senior Staff
431032,Moni,Anick,9999-01-01,Senior Engineer
431035,Mitchel,Servieres,9999-01-01,Staff
431048,Selwyn,Sluis,9999-01-01,Senior Staff
431055,Rildo,Vilarrasa,9999-01-01,Engineer
431062,Chikara,Magalhaes,9999-01-01,Staff
431073,Demin,Savasere,9999-01-01,Assistant Engineer
431078,Adib,Ananiadou,9999-01-01,Senior Staff
431080,Shigehito,Pauthner,9999-01-01,Engineer
431083,Ibibia,Dulin,9999-01-01,Engineer
431105,Masoud,Chaudhuri,9999-01-01,Engineer
431126,Claude,Kroon,9999-01-01,Senior Engineer
431128,Odoardo,Esteva,9999-01-01,Senior Engineer
431137,Marla,Veevers,9999-01-01,Senior Engineer
431145,Kristinn,Kavanagh,9999-01-01,Senior Staff
431154,Saeed,Stassinopoulos,9999-01-01,Senior Engineer
431157,Alexius,Bernick,9999-01-01,Engineer
431158,Chikako,Limongiello,9999-01-01,Engineer
431161,Troy,Rosin,9999-01-01,Senior Staff
431171,Marsha,Chaudhuri,9999-01-01,Staff
431176,Kerryn,Miara,9999-01-01,Staff
431189,Dulce,Rousseau,9999-01-01,Senior Engineer
431194,Oscal,Nannarelli,9999-01-01,Assistant Engineer
431214,Navid,DuCasse,9999-01-01,Staff
431245,Gina,Asser,9999-01-01,Senior Engineer
431248,Reuven,Perri,9999-01-01,Staff
431281,Sukumar,Guerreiro,9999-01-01,Senior Staff
431287,Radoslaw,Maraist,9999-01-01,Engineer
431289,Teunis,Zongker,9999-01-01,Engineer
431292,Uli,Schaaf,9999-01-01,Staff
431304,Yuuichi,Zeleznik,9999-01-01,Senior Engineer
431305,Masali,Riexinger,9999-01-01,Senior Staff
431311,Gritta,Birge,9999-01-01,Staff
431316,Xiaoheng,Krohm,9999-01-01,Staff
431333,Sven,Zambonelli,9999-01-01,Engineer
431337,Niteen,Hasenauer,9999-01-01,Engineer
431367,Bilhanan,Bale,9999-01-01,Senior Staff
431372,Bader,Rijsenbrij,9999-01-01,Senior Engineer
431375,Surveyors,Atrawala,9999-01-01,Senior Engineer
431378,Cristinel,Peyn,9999-01-01,Senior Engineer
431382,Mohit,Eiron,9999-01-01,Senior Engineer
431394,Michaela,Majewski,9999-01-01,Senior Engineer
431395,Xuejun,Litzkow,9999-01-01,Technique Leader
431407,Odinaldo,Serot,9999-01-01,Senior Engineer
431410,Kensei,Nyanchama,9999-01-01,Senior Engineer
431412,Horward,Luce,9999-01-01,Senior Engineer
431426,Elvia,Billingsley,9999-01-01,Staff
431428,Arne,Impagliazzo,9999-01-01,Senior Staff
431430,Dannz,Rousseau,9999-01-01,Senior Staff
431432,Danel,Verhoeff,9999-01-01,Engineer
431441,Fumiyo,Sinicrope,9999-01-01,Staff
431442,Murthy,Baez,9999-01-01,Staff
431446,Hidekazu,Cangellaris,9999-01-01,Senior Engineer
431465,Kristinn,Mahmud,9999-01-01,Staff
431478,Poornachandra,Ratnaker,9999-01-01,Engineer
431480,Zhigen,Christ,9999-01-01,Senior Staff
431486,Augustine,Restivo,9999-01-01,Technique Leader
431495,Tadanori,Matzke,9999-01-01,Engineer
431500,KayLiang,Kroll,9999-01-01,Senior Engineer
431510,Manu,Schiper,9999-01-01,Senior Engineer
431515,Udaiprakash,Whittlesey,9999-01-01,Senior Staff
431518,Jovan,Mateescu,9999-01-01,Senior Staff
431530,Srinidhi,Steinauer,9999-01-01,Engineer
431556,Katsuyuki,Suermann,9999-01-01,Assistant Engineer
431557,Chiradeep,Plotkin,9999-01-01,Senior Staff
431558,Brewster,Pews,9999-01-01,Senior Engineer
431588,Kannan,Ranum,9999-01-01,Staff
431599,Xiaoshan,Pettit,9999-01-01,Senior Engineer
431614,Piyawadee,Undy,9999-01-01,Senior Staff
431624,Sanjiv,Niizuma,9999-01-01,Senior Engineer
431630,Chaoyi,Murrill,9999-01-01,Senior Engineer
431645,Boriana,Rusterholz,9999-01-01,Staff
431659,Hironoby,Mahmud,9999-01-01,Engineer
431666,Gregory,Sluis,9999-01-01,Assistant Engineer
431675,Giao,Kroha,9999-01-01,Senior Staff
431690,Sudhanshu,Bhattacharjee,9999-01-01,Engineer
431692,Houman,Lamparter,9999-01-01,Senior Engineer
431701,Maya,Baca,9999-01-01,Technique Leader
431706,Remco,Heiserman,9999-01-01,Senior Engineer
431721,Aluzio,Anandan,9999-01-01,Technique Leader
431731,Jianhao,Ermel,9999-01-01,Engineer
431735,Waiman,Roccetti,9999-01-01,Engineer
431744,Mabo,Oxman,9999-01-01,Engineer
431751,Isaac,Alpay,9999-01-01,Senior Engineer
431758,Huiqun,Suermann,9999-01-01,Technique Leader
431760,Horward,Falster,9999-01-01,Senior Staff
431761,Adib,Kinley,9999-01-01,Senior Staff
431769,Abdulla,Benaini,9999-01-01,Senior Staff
431773,Chuanti,Montemayor,9999-01-01,Senior Staff
431798,Masanao,Middleton,9999-01-01,Technique Leader
431810,Tadahiro,Ushiama,9999-01-01,Staff
431818,Chaitali,Ambroszkiewicz,9999-01-01,Staff
431834,Martins,Delgrange,9999-01-01,Staff
431836,Arne,Mahmud,9999-01-01,Senior Engineer
431853,Doohun,Hooghiemstra,9999-01-01,Senior Staff
431866,Raimond,Kranzdorf,9999-01-01,Engineer
431869,Dietrich,Collette,9999-01-01,Engineer
431895,Xiaoqiang,Speel,9999-01-01,Senior Staff
431896,Tokuyasu,Miara,9999-01-01,Engineer
431901,Shahid,Kandlur,9999-01-01,Staff
431917,Martijn,Gire,9999-01-01,Engineer
431922,Jungsoon,Brookman,9999-01-01,Senior Engineer
431965,Gianluca,Melton,9999-01-01,Senior Staff
431969,Uriel,Maksimenko,9999-01-01,Senior Engineer
431982,Randi,Parfitt,9999-01-01,Staff
431989,Shaz,Baez,9999-01-01,Senior Engineer
432029,Domenick,Georgatos,9999-01-01,Senior Engineer
432035,Fox,Plump,9999-01-01,Technique Leader
432039,Mansur,Veeraraghavan,9999-01-01,Senior Engineer
432048,Feipei,Fritzsche,9999-01-01,Engineer
432054,Van,McAffer,9999-01-01,Engineer
432056,Jouko,Spinelli,9999-01-01,Senior Engineer
432068,Arif,Wegerle,9999-01-01,Senior Engineer
432074,Mayumi,Sooriamurthi,9999-01-01,Engineer
432082,Mihalis,Rebaine,9999-01-01,Staff
432083,Xiaoqiang,Assaf,9999-01-01,Engineer
432087,Hidefumi,Garigliano,9999-01-01,Technique Leader
432088,Tristan,Frezza,9999-01-01,Engineer
432106,Kirk,Thorelli,9999-01-01,Staff
432110,Vasiliy,Debuse,9999-01-01,Senior Staff
432116,Henk,Besselaar,9999-01-01,Engineer
432122,Alair,Poupard,9999-01-01,Engineer
432141,Marsha,Hebert,9999-01-01,Staff
432144,Yuping,Biros,9999-01-01,Senior Engineer
432167,Peternela,Talmon,9999-01-01,Engineer
432188,Yishai,Haraldson,9999-01-01,Senior Staff
432234,Margo,Koshiba,9999-01-01,Engineer
432247,Hein,Pouyioutas,9999-01-01,Engineer
432250,Zejun,Bernatsky,9999-01-01,Staff
432256,Youssef,Aseltine,9999-01-01,Assistant Engineer
432267,Siddarth,Rosen,9999-01-01,Staff
432284,Oksana,Dredge,9999-01-01,Senior Engineer
432288,Yuuichi,Kroha,9999-01-01,Senior Engineer
432298,Xiaopeng,Sankaranarayanan,9999-01-01,Engineer
432308,Masasuke,Roison,9999-01-01,Senior Staff
432316,Yahiko,Gecsel,9999-01-01,Senior Staff
432317,Lucian,Pluym,9999-01-01,Senior Engineer
432318,Khedija,Krohm,9999-01-01,Senior Engineer
432324,TRUE,Fiebach,9999-01-01,Engineer
432341,Saddek,Shihab,9999-01-01,Senior Engineer
432356,Yakichi,Viele,9999-01-01,Technique Leader
432367,Huiqun,Bondorf,9999-01-01,Engineer
432380,Duro,Anick,9999-01-01,Technique Leader
432402,Adib,Basagni,9999-01-01,Senior Engineer
432412,Ibibia,Leonhardt,9999-01-01,Engineer
432419,Yifei,Brookner,9999-01-01,Technique Leader
432423,Jingling,Stifter,9999-01-01,Senior Engineer
432426,Achilleas,Szemeredi,9999-01-01,Senior Staff
432436,Leni,Ozeri,9999-01-01,Senior Staff
432440,Nagui,Karlin,9999-01-01,Senior Engineer
432442,Fabrizio,Azadmanesh,9999-01-01,Senior Staff
432453,Mrinalini,Garnham,9999-01-01,Senior Staff
432468,Nalini,McAlpine,9999-01-01,Senior Engineer
432476,Seongbae,Mikschl,9999-01-01,Staff
432483,Zhanqiu,Taneja,9999-01-01,Staff
432484,Guangming,Harbusch,9999-01-01,Senior Engineer
432497,Sreekrishna,Champarnaud,9999-01-01,Senior Staff
432502,Kerhong,Kalefeld,9999-01-01,Engineer
432512,Pranjal,Colorni,9999-01-01,Senior Staff
432516,Arlette,Karcich,9999-01-01,Senior Staff
432534,Eran,Zeilberger,9999-01-01,Engineer
432538,Isaac,Matzat,9999-01-01,Senior Staff
432542,Hitofumi,Syang,9999-01-01,Senior Staff
432545,Chikako,Tanemo,9999-01-01,Engineer
432547,Gretta,Waeselynck,9999-01-01,Staff
432550,Sailaja,Streng,9999-01-01,Staff
432554,Mana,Yemenis,9999-01-01,Staff
432555,Herbert,Krybus,9999-01-01,Staff
432566,Dzung,Orlowski,9999-01-01,Senior Staff
432578,Danco,Khalid,9999-01-01,Engineer
432581,Vivian,Perl,9999-01-01,Engineer
432583,Seongbin,Mitsuhashi,9999-01-01,Staff
432588,Matk,Krichel,9999-01-01,Senior Staff
432589,Baziley,Alvarado,9999-01-01,Senior Engineer
432612,Masaki,Sinitsyn,9999-01-01,Senior Engineer
432625,LiMin,Steinauer,9999-01-01,Staff
432627,Jamaludin,Usdin,9999-01-01,Staff
432630,Heejo,Luef,9999-01-01,Engineer
432653,Nevin,Skrikant,9999-01-01,Engineer
432658,Zhiguo,Demizu,9999-01-01,Senior Engineer
432662,Paddy,Maierhofer,9999-01-01,Engineer
432663,Pohua,Delgrande,9999-01-01,Senior Engineer
432671,Alain,Ushiama,9999-01-01,Engineer
432675,Kazunori,Veeraraghavan,9999-01-01,Staff
432676,Leaf,Borovoy,9999-01-01,Staff
432678,Kitty,Peak,9999-01-01,Senior Engineer
432683,Gina,Nishimukai,9999-01-01,Engineer
432693,Zhaofang,Matzat,9999-01-01,Senior Engineer
432710,Paraskevi,Bardell,9999-01-01,Engineer
432727,Sushant,Lovengreen,9999-01-01,Engineer
432730,Nevio,Trystram,9999-01-01,Engineer
432749,Miomir,Heemskerk,9999-01-01,Staff
432757,Teiji,Erni,9999-01-01,Engineer
432783,Ingmar,Morrow,9999-01-01,Engineer
432789,Leucio,Slaats,9999-01-01,Senior Staff
432795,Toney,Schoegge,9999-01-01,Staff
432798,Berry,Denna,9999-01-01,Senior Staff
432804,Bluma,McDermid,9999-01-01,Senior Staff
432807,Alenka,Oppitz,9999-01-01,Staff
432810,Sibyl,Fetvedt,9999-01-01,Senior Staff
432818,Parviz,Escriba,9999-01-01,Engineer
432828,Chikako,Malabarba,9999-01-01,Senior Staff
432841,KayLiang,Kragelund,9999-01-01,Assistant Engineer
432855,Kiyotoshi,Encarnacion,9999-01-01,Technique Leader
432859,Guther,Massonet,9999-01-01,Senior Staff
432861,Kshitij,Morris,9999-01-01,Senior Engineer
432865,Mitsuyuki,Serra,9999-01-01,Staff
432880,Shalesh,Masand,9999-01-01,Senior Staff
432881,Shan,Egerstedt,9999-01-01,Senior Engineer
432906,Filipe,Streng,9999-01-01,Engineer
432915,Guangming,Staudhammer,9999-01-01,Assistant Engineer
432918,Nechama,Ferretti,9999-01-01,Senior Staff
432920,Samphel,Dechter,9999-01-01,Senior Staff
432943,Mokhtar,Asser,9999-01-01,Senior Engineer
432957,Fabrizio,Quadeer,9999-01-01,Assistant Engineer
432973,Zissis,Maccarone,9999-01-01,Engineer
432976,Duke,Demizu,9999-01-01,Senior Staff
432978,Pasqua,Herath,9999-01-01,Senior Staff
433001,Wilmer,Eickenmeyer,9999-01-01,Senior Staff
433004,Shuho,Khamsi,9999-01-01,Staff
433015,Mohd,Braccini,9999-01-01,Engineer
433020,Adas,Rahimi,9999-01-01,Engineer
433022,Hinrich,Yetim,9999-01-01,Engineer
433036,Anestis,Yeung,9999-01-01,Senior Engineer
433038,Reinhard,Miake,9999-01-01,Senior Engineer
433039,Pasqua,Borstler,9999-01-01,Senior Staff
433042,Vatsa,Decleir,9999-01-01,Staff
433044,Neven,Setiz,9999-01-01,Staff
433045,Torsten,Woycyznski,9999-01-01,Engineer
433066,Remco,Hooghiemstra,9999-01-01,Senior Engineer
433077,Zongyan,Mungall,9999-01-01,Senior Staff
433094,Xinglin,Matzke,9999-01-01,Senior Engineer
433096,Palash,Brookman,9999-01-01,Engineer
433105,Leif,Cmelik,9999-01-01,Senior Staff
433127,Masali,Hellwagner,9999-01-01,Engineer
433130,Mihalis,Itzfeldt,9999-01-01,Engineer
433131,Abdulla,Papastamatiou,9999-01-01,Staff
433134,Isaac,Zirintsis,9999-01-01,Senior Engineer
433146,Larisa,Pettis,9999-01-01,Senior Engineer
433151,Mrinalini,Pauthner,9999-01-01,Staff
433160,Bingning,Hutter,9999-01-01,Staff
433166,Ult,Fabrizio,9999-01-01,Senior Engineer
433172,Nagui,Curless,9999-01-01,Senior Staff
433180,Yuichiro,Panwar,9999-01-01,Engineer
433188,Bernt,Petereit,9999-01-01,Staff
433193,Badri,Shihab,9999-01-01,Senior Staff
433203,Shigenori,Cappelli,9999-01-01,Staff
433208,Hidefumi,Erev,9999-01-01,Engineer
433217,Ebbe,Valette,9999-01-01,Staff
433219,Tristan,DuCasse,9999-01-01,Engineer
433221,Neelam,Biron,9999-01-01,Senior Engineer
433235,Premsyl,Serov,9999-01-01,Staff
433239,Marlo,Vadhan,9999-01-01,Senior Staff
433245,Duangkaew,Pleszkun,9999-01-01,Engineer
433251,Yuriy,Fiutem,9999-01-01,Senior Staff
433252,Hitomi,Lorie,9999-01-01,Senior Staff
433271,Freyja,Naumovich,9999-01-01,Engineer
433293,Emran,Mansanne,9999-01-01,Senior Engineer
433300,Tonia,Kleiser,9999-01-01,Senior Engineer
433307,Filipp,Norsworthy,9999-01-01,Staff
433320,Gunilla,Takkinen,9999-01-01,Engineer
433321,Mabo,Msuda,9999-01-01,Engineer
433343,Radhika,Cmelik,9999-01-01,Senior Staff
433350,Pasqua,Danner,9999-01-01,Engineer
433360,Chanjung,Setlzner,9999-01-01,Engineer
433372,Rasiah,Yemenis,9999-01-01,Senior Staff
433381,Nakhoon,Heering,9999-01-01,Senior Staff
433408,DeForest,Gerteisen,9999-01-01,Engineer
433414,Juyoung,Brattka,9999-01-01,Senior Engineer
433433,Shem,Koprowski,9999-01-01,Staff
433440,Younwoo,Straney,9999-01-01,Staff
433455,Yannik,Eldridge,9999-01-01,Engineer
433460,Carrsten,Halevi,9999-01-01,Staff
433481,Fumino,Rouquie,9999-01-01,Engineer
433488,Wayne,Antonisse,9999-01-01,Senior Staff
433509,Dzung,Demian,9999-01-01,Senior Staff
433514,Susanne,Mikschl,9999-01-01,Senior Engineer
433520,Armond,Cairo,9999-01-01,Senior Staff
433534,Filipe,Kleiser,9999-01-01,Senior Engineer
433537,Roselyn,Picel,9999-01-01,Technique Leader
433538,Hidde,Vieth,9999-01-01,Engineer
433539,Jacopo,Sridhar,9999-01-01,Senior Engineer
433576,Marsja,Portugali,9999-01-01,Engineer
433606,Taisook,Baba,9999-01-01,Senior Engineer
433608,Aruna,Simkin,9999-01-01,Senior Engineer
433628,Vishu,Copas,9999-01-01,Engineer
433631,Bodh,Luff,9999-01-01,Senior Staff
433647,Shmuel,Pramanik,9999-01-01,Staff
433656,Pragnesh,Silva,9999-01-01,Senior Engineer
433663,Arnd,Francisci,9999-01-01,Engineer
433665,Aimee,Kusalik,9999-01-01,Staff
433670,Mohamadou,Bresenham,9999-01-01,Senior Staff
433679,Serenella,Katzenelson,9999-01-01,Staff
433687,Conrado,Giveon,9999-01-01,Senior Staff
433689,Make,Borovoy,9999-01-01,Technique Leader
433696,Prasadram,Fargier,9999-01-01,Engineer
433699,Serif,Sifakis,9999-01-01,Staff
433701,Dante,Rando,9999-01-01,Staff
433710,Gou,Baezner,9999-01-01,Engineer
433723,Goh,Taneja,9999-01-01,Senior Staff
433732,Miquel,Chepyzhov,9999-01-01,Senior Staff
433738,Toshimi,Petersohn,9999-01-01,Staff
433749,Marjo,Huhdanpaa,9999-01-01,Senior Staff
433754,Leon,Sommen,9999-01-01,Engineer
433759,Ugo,Preusig,9999-01-01,Staff
433764,Conrado,Zolotykh,9999-01-01,Staff
433776,Kauko,Castellani,9999-01-01,Senior Engineer
433790,Prodip,Rusmann,9999-01-01,Staff
433799,Kwangsub,Luga,9999-01-01,Senior Engineer
433822,Lucien,Garnham,9999-01-01,Senior Engineer
433828,Elzbieta,Matzov,9999-01-01,Senior Engineer
433829,Mayumi,Murrill,9999-01-01,Technique Leader
433848,Arun,Hanratty,9999-01-01,Senior Engineer
433869,Mang,Kalorkoti,9999-01-01,Engineer
433873,Uwe,Alpin,9999-01-01,Engineer
433880,Arumugam,Peek,9999-01-01,Engineer
433888,Armond,Sommen,9999-01-01,Engineer
433891,Samphel,Bamford,9999-01-01,Engineer
433900,Salvador,Varley,9999-01-01,Staff
433902,Nevin,Dusink,9999-01-01,Senior Engineer
433925,Hausi,Varley,9999-01-01,Senior Engineer
433926,Xiaobin,Alblas,9999-01-01,Technique Leader
433936,Kyoichi,Reeken,9999-01-01,Engineer
433938,Venkatesan,Azadmanesh,9999-01-01,Senior Staff
433939,Valdiodio,Wrigley,9999-01-01,Engineer
433941,Zejun,Ozeri,9999-01-01,Senior Engineer
433949,Alejandra,Mondadori,9999-01-01,Senior Engineer
433955,Niteen,Daescu,9999-01-01,Senior Staff
433962,Mani,Waleschkowski,9999-01-01,Engineer
433966,Yannik,Bruckman,9999-01-01,Senior Engineer
433973,Behnaam,Speek,9999-01-01,Staff
433992,Isamu,Gien,9999-01-01,Engineer
433998,Chiradeep,Pettis,9999-01-01,Senior Staff
434004,Xiahua,Haddadi,9999-01-01,Staff
434017,Wuxu,Radivojevic,9999-01-01,Technique Leader
434019,Kristen,Swiler,9999-01-01,Senior Engineer
434023,Kristian,Worfolk,9999-01-01,Senior Staff
434028,Shen,Biron,9999-01-01,Engineer
434033,Sedat,Itzfeldt,9999-01-01,Engineer
434034,Yoshimitsu,Shihab,9999-01-01,Senior Engineer
434036,Mingzeng,Suri,9999-01-01,Senior Staff
434038,Chirstian,Kaiserswerth,9999-01-01,Senior Staff
434051,Steve,Legleitner,9999-01-01,Technique Leader
434058,Masami,Eterovic,9999-01-01,Staff
434080,Tru,Pettis,9999-01-01,Technique Leader
434082,Filipe,Swick,9999-01-01,Senior Staff
434084,Abdelghani,Cappello,9999-01-01,Senior Staff
434089,Mamdouh,Bratten,9999-01-01,Senior Engineer
434106,Muzhong,Simmen,9999-01-01,Staff
434111,Satoru,Demeyer,9999-01-01,Staff
434113,Miyeon,Walston,9999-01-01,Senior Staff
434114,Nobuyoshi,Portugali,9999-01-01,Staff
434120,Dayanand,Baca,9999-01-01,Senior Staff
434121,Tadahiro,Rabejac,9999-01-01,Staff
434143,Barna,Zhiwei,9999-01-01,Technique Leader
434158,Hiroyasu,Fasbender,9999-01-01,Senior Staff
434178,Lillian,Makinen,9999-01-01,Technique Leader
434200,Georg,Beutelspacher,9999-01-01,Senior Engineer
434202,Lenore,Unno,9999-01-01,Staff
434214,Oscal,Fabrizio,9999-01-01,Technique Leader
434226,Miquel,Gulla,9999-01-01,Staff
434234,Younwoo,Rothenberg,9999-01-01,Staff
434236,Rosalie,Vilarrasa,9999-01-01,Senior Engineer
434238,Stein,Frijda,9999-01-01,Senior Engineer
434249,Malu,Bonifati,9999-01-01,Staff
434250,Ulises,Jansch,9999-01-01,Senior Staff
434262,Kerryn,Peir,9999-01-01,Senior Staff
434272,Woody,Roccetti,9999-01-01,Senior Engineer
434274,Turgut,Katalagarianos,9999-01-01,Engineer
434278,Sedat,Binding,9999-01-01,Engineer
434289,Sajjan,Broomell,9999-01-01,Senior Staff
434309,Georgi,Tsukuda,9999-01-01,Staff
434310,Dmitry,Einsfeld,9999-01-01,Engineer
434318,Joydip,Taneja,9999-01-01,Senior Engineer
434327,Adhemar,Middleton,9999-01-01,Engineer
434339,Danae,Lorch,9999-01-01,Senior Staff
434360,Aram,Zolotykh,9999-01-01,Senior Engineer
434362,Guttorm,Demizu,9999-01-01,Senior Engineer
434365,Takahira,Isard,9999-01-01,Senior Staff
434377,Katsuo,Pollacia,9999-01-01,Engineer
434385,Kerryn,Callaway,9999-01-01,Senior Engineer
434391,Ulf,Schahn,9999-01-01,Senior Engineer
434431,Berto,Hiroyama,9999-01-01,Staff
434442,Paraskevi,Ishibashi,9999-01-01,Senior Engineer
434456,Maha,Picci,9999-01-01,Senior Staff
434458,Mari,Stellhorn,9999-01-01,Staff
434466,Geoff,Servieres,9999-01-01,Senior Engineer
434496,Rosalyn,Vecchio,9999-01-01,Engineer
434505,Jianhua,Fritzsche,9999-01-01,Engineer
434507,Baruch,Carrere,9999-01-01,Engineer
434508,Kendra,Birjandi,9999-01-01,Senior Staff
434519,Zissis,Eiron,9999-01-01,Senior Engineer
434523,Pintsang,Danecki,9999-01-01,Staff
434534,Marla,Naudin,9999-01-01,Engineer
434546,Mahmut,Whitcomb,9999-01-01,Staff
434549,Sachio,Quaggetto,9999-01-01,Senior Staff
434552,Shaibal,Setiz,9999-01-01,Engineer
434558,Shichao,Harllee,9999-01-01,Senior Staff
434560,Gudjon,Petereit,9999-01-01,Staff
434578,Rimon,Cangellaris,9999-01-01,Engineer
434580,Oscal,Saoudi,9999-01-01,Senior Staff
434602,Maja,Angel,9999-01-01,Engineer
434604,Ranga,Kossowski,9999-01-01,Staff
434606,Hugh,Krupka,9999-01-01,Engineer
434631,Arup,Cannane,9999-01-01,Engineer
434632,Gladys,Thombley,9999-01-01,Engineer
434640,Ult,Picaronny,9999-01-01,Engineer
434670,Gilbert,Valette,9999-01-01,Senior Staff
434673,Jeanne,Menhoudj,9999-01-01,Technique Leader
434674,Shrikanth,Demeyer,9999-01-01,Senior Engineer
434690,Zijian,Hammerschmidt,9999-01-01,Senior Staff
434700,Abdelwaheb,Botman,9999-01-01,Senior Engineer
434704,Adin,Schaar,9999-01-01,Senior Staff
434742,Siamak,Levergood,9999-01-01,Technique Leader
434758,Alair,Tzvieli,9999-01-01,Staff
434760,Fumitake,Gill,9999-01-01,Engineer
434762,Shaibal,Dalphin,9999-01-01,Assistant Engineer
434766,Basim,Babu,9999-01-01,Senior Staff
434770,Aluzio,Mamelak,9999-01-01,Engineer
434789,Heeju,Vuskovic,9999-01-01,Senior Engineer
434790,Lorien,Baaz,9999-01-01,Senior Engineer
434792,Wojceich,Veevers,9999-01-01,Engineer
434794,Leni,Piazza,9999-01-01,Staff
434807,Licheng,Karner,9999-01-01,Senior Engineer
434809,Stamatina,Peres,9999-01-01,Engineer
434824,Randy,Goodrum,9999-01-01,Engineer
434832,Vojin,Mitzlaff,9999-01-01,Senior Staff
434833,Uma,Shackell,9999-01-01,Senior Staff
434896,Zhensheng,Furudate,9999-01-01,Technique Leader
434924,Feiyu,Morton,9999-01-01,Engineer
434949,Hausi,Lores,9999-01-01,Engineer
434950,Berto,Sadowski,9999-01-01,Senior Engineer
434957,Chandrasekaran,Munos,9999-01-01,Senior Engineer
434974,Alper,Piveteau,9999-01-01,Engineer
434977,Arvin,Scallan,9999-01-01,Senior Engineer
434988,Adin,Cannata,9999-01-01,Engineer
434995,Mads,Yoshimura,9999-01-01,Staff
434997,Ranan,Taubman,9999-01-01,Senior Engineer
435006,Panayotis,Thisen,9999-01-01,Assistant Engineer
435032,Spyrose,Linnainmaa,9999-01-01,Senior Engineer
435040,Shaowen,Otillio,9999-01-01,Senior Staff
435047,Danco,Hiyoshi,9999-01-01,Engineer
435048,Wonhee,Matheson,9999-01-01,Senior Engineer
435063,Troy,Lenart,9999-01-01,Engineer
435065,Roddy,Denna,9999-01-01,Senior Staff
435078,Hatsukazu,Parfitt,9999-01-01,Senior Staff
435109,Keung,Rikino,9999-01-01,Senior Engineer
435111,Gully,Khasidashvili,9999-01-01,Senior Staff
435126,Zeydy,Bernardeschi,9999-01-01,Senior Staff
435127,Pranas,Lovengreen,9999-01-01,Senior Staff
435135,Anoosh,Keirsey,9999-01-01,Engineer
435148,Gennady,Buchter,9999-01-01,Staff
435156,Munir,Emmerich,9999-01-01,Senior Engineer
435165,Freyja,Coors,9999-01-01,Senior Engineer
435198,Krisda,Dengi,9999-01-01,Senior Staff
435199,Pranay,Butterworth,9999-01-01,Engineer
435210,Huiqun,Zongker,9999-01-01,Senior Engineer
435220,Poorav,Basawa,9999-01-01,Senior Engineer
435240,Cullen,Janetzko,9999-01-01,Staff
435241,Takahito,Ciolek,9999-01-01,Staff
435277,Sadegh,Prochazka,9999-01-01,Staff
435283,Naftali,Lieblein,9999-01-01,Engineer
435311,Qunsheng,Hartvigsen,9999-01-01,Senior Staff
435312,Hatsukazu,Kisuki,9999-01-01,Senior Engineer
435313,Fun,Vitiello,9999-01-01,Senior Staff
435315,Georgi,Turnbull,9999-01-01,Senior Staff
435326,Subir,Bonifati,9999-01-01,Senior Staff
435345,Karoline,Murtafg,9999-01-01,Senior Engineer
435350,Abdulla,Debuse,9999-01-01,Senior Staff
435354,Bowen,Bashian,9999-01-01,Senior Staff
435403,Dharmaraja,Ghelli,9999-01-01,Engineer
435417,Ranga,Melski,9999-01-01,Technique Leader
435426,Vasilis,Yeung,9999-01-01,Engineer
435427,Manibrata,Gewali,9999-01-01,Senior Staff
435442,Yinghua,Shimshoni,9999-01-01,Senior Engineer
435456,Chiradeep,Bazzichi,9999-01-01,Engineer
435459,Arto,Heuser,9999-01-01,Technique Leader
435467,Duke,Lodder,9999-01-01,Staff
435491,Kristinn,Bashian,9999-01-01,Senior Engineer
435512,Yakkov,Orsini,9999-01-01,Senior Engineer
435533,Stein,Giarratana,9999-01-01,Engineer
435553,Somnath,Moffat,9999-01-01,Staff
435555,Along,Cairo,9999-01-01,Staff
435566,Licheng,Kawashima,9999-01-01,Engineer
435576,Urs,Felder,9999-01-01,Engineer
435587,Mohua,Narahari,9999-01-01,Technique Leader
435590,Adel,Hardjono,9999-01-01,Senior Engineer
435598,Remko,Peltason,9999-01-01,Engineer
435606,Kerhong,Aingworth,9999-01-01,Engineer
435611,Fabrizio,Shokrollahi,9999-01-01,Engineer
435617,Almudena,Broder,9999-01-01,Senior Engineer
435618,Bouchung,Riesenhuber,9999-01-01,Engineer
435623,Paraskevi,Demos,9999-01-01,Senior Staff
435630,Dines,Baer,9999-01-01,Staff
435640,Zdislav,Kitai,9999-01-01,Senior Staff
435645,Branimir,Hennings,9999-01-01,Senior Engineer
435666,Dmitry,Zhang,9999-01-01,Technique Leader
435679,Ravishankar,Herath,9999-01-01,Senior Engineer
435690,Zhonghua,Wynblatt,9999-01-01,Engineer
435691,Hinrich,Erev,9999-01-01,Senior Engineer
435697,Miquel,McDermid,9999-01-01,Senior Engineer
435713,Ortrun,Daescu,9999-01-01,Technique Leader
435719,Gritta,Sidou,9999-01-01,Senior Staff
435720,Shahaf,Rijsenbrij,9999-01-01,Engineer
435729,Yuuichi,Kroft,9999-01-01,Senior Engineer
435753,Matk,Ratzlaff,9999-01-01,Engineer
435775,Babette,Wiegley,9999-01-01,Senior Engineer
435782,Shugo,Bolotov,9999-01-01,Staff
435783,Guozhong,Ghazalie,9999-01-01,Engineer
435785,Yongmin,Validov,9999-01-01,Staff
435799,Gudjon,Kaiserswerth,9999-01-01,Senior Staff
435806,Moie,Ventosa,9999-01-01,Technique Leader
435810,Fumiya,Deyuan,9999-01-01,Senior Engineer
435812,Kazuhisa,Rosca,9999-01-01,Engineer
435819,Manton,Merey,9999-01-01,Staff
435827,Shimshon,Weisert,9999-01-01,Engineer
435830,Yechiam,Zaumen,9999-01-01,Senior Engineer
435836,Basil,Delgrande,9999-01-01,Senior Staff
435842,Nigel,Wroclawski,9999-01-01,Senior Staff
435843,Fei,Gammage,9999-01-01,Senior Staff
435851,Tru,Asser,9999-01-01,Senior Engineer
435856,Yurij,Morrow,9999-01-01,Senior Staff
435880,Kwangsub,Giarratana,9999-01-01,Engineer
435893,Charlene,Byoun,9999-01-01,Engineer
435911,Patricia,Perez,9999-01-01,Senior Staff
435916,Cullen,Murtha,9999-01-01,Senior Engineer
435952,Toshimi,Back,9999-01-01,Senior Engineer
435967,Izaskun,Schneeberger,9999-01-01,Senior Engineer
435980,Toney,Rando,9999-01-01,Senior Staff
435992,Kish,Herber,9999-01-01,Senior Engineer
435995,Jovan,Anger,9999-01-01,Engineer
435998,Ymte,Wrigley,9999-01-01,Technique Leader
436001,Guenter,Restivo,9999-01-01,Senior Engineer
436002,Kazuyasu,Takanami,9999-01-01,Senior Engineer
436005,Kristen,Poupard,9999-01-01,Senior Engineer
436007,Wonhee,Soicher,9999-01-01,Senior Staff
436008,Jordanka,Hasenauer,9999-01-01,Staff
436016,Uma,Shokrollahi,9999-01-01,Senior Engineer
436020,Rutger,Wielonsky,9999-01-01,Senior Engineer
436031,Jaques,Schmezko,9999-01-01,Engineer
436049,Golgen,Schmiedel,9999-01-01,Staff
436050,Christophe,Emiris,9999-01-01,Assistant Engineer
436061,Ekawit,Ressouche,9999-01-01,Senior Engineer
436062,Kshitij,Ibel,9999-01-01,Staff
436069,Xumin,Spieker,9999-01-01,Senior Engineer
436073,Pranjal,Lyonns,9999-01-01,Assistant Engineer
436074,Jessie,Morrow,9999-01-01,Engineer
436077,Mabo,Macedo,9999-01-01,Staff
436094,Mads,McDermid,9999-01-01,Senior Engineer
436124,Padma,Binding,9999-01-01,Senior Engineer
436126,Janalee,Baek,9999-01-01,Senior Staff
436130,Guenter,Lorys,9999-01-01,Senior Engineer
436144,Mark,Morrow,9999-01-01,Engineer
436148,Basant,Cairo,9999-01-01,Staff
436156,Nectarios,Benaini,9999-01-01,Assistant Engineer
436178,Venkatesan,Ozery,9999-01-01,Technique Leader
436183,Geoffrey,Jakobus,9999-01-01,Senior Staff
436188,Bedir,Bridgland,9999-01-01,Technique Leader
436191,Aram,Rajcani,9999-01-01,Engineer
436196,Kolar,Cherinka,9999-01-01,Senior Engineer
436205,Rosita,Zielinski,9999-01-01,Engineer
436209,Manton,Kermarrec,9999-01-01,Assistant Engineer
436218,Gladys,Bergere,9999-01-01,Engineer
436225,Mani,Penz,9999-01-01,Senior Engineer
436243,Evgueni,Fujisaki,9999-01-01,Staff
436254,Tsutomu,Bellone,9999-01-01,Staff
436302,Ymte,Schurmann,9999-01-01,Senior Staff
436304,Mohammed,Sommer,9999-01-01,Senior Engineer
436307,Parke,Sambasivam,9999-01-01,Senior Engineer
436319,Ramzi,Emmerich,9999-01-01,Engineer
436339,Berthier,Koblitz,9999-01-01,Senior Engineer
436342,Sreenivas,Lorho,9999-01-01,Senior Staff
436344,Manibrata,Anily,9999-01-01,Senior Staff
436372,Abdelkader,Leslie,9999-01-01,Senior Staff
436394,Guther,Chappelet,9999-01-01,Senior Engineer
436395,Percy,Meszaros,9999-01-01,Engineer
436419,Randi,Schapiro,9999-01-01,Senior Staff
436433,Ibibia,Morrow,9999-01-01,Engineer
436442,Mang,Takanami,9999-01-01,Assistant Engineer
436446,Tze,Bazzichi,9999-01-01,Staff
436449,Tetsurou,Wilfing,9999-01-01,Engineer
436457,Wilmer,Deville,9999-01-01,Staff
436467,Rafael,Edelhoff,9999-01-01,Senior Staff
436473,Nakhoon,Braunmuhl,9999-01-01,Senior Staff
436484,Florina,Dehkordi,9999-01-01,Staff
436490,Hsiangchu,Willoner,9999-01-01,Senior Engineer
436491,Marsja,Jakobus,9999-01-01,Senior Staff
436498,Nathalie,Falco,9999-01-01,Senior Staff
436499,Charlene,Trachtenberg,9999-01-01,Staff
436508,Taegyun,Michaeli,9999-01-01,Senior Staff
436514,Mahendra,Fritzsche,9999-01-01,Staff
436515,Djenana,Krone,9999-01-01,Engineer
436525,Abdulah,Langford,9999-01-01,Senior Engineer
436540,Bedrich,Ishibashi,9999-01-01,Senior Engineer
436585,Adib,Pargas,9999-01-01,Staff
436599,Parke,Zhang,9999-01-01,Staff
436603,Duro,Rodite,9999-01-01,Senior Staff
436612,Koldo,Kumaresan,9999-01-01,Senior Engineer
436615,Jolita,Lortz,9999-01-01,Engineer
436625,Shim,Pluym,9999-01-01,Senior Staff
436635,Godehard,Levergood,9999-01-01,Staff
436639,Lidong,Krogh,9999-01-01,Technique Leader
436644,Boguslaw,Luks,9999-01-01,Engineer
436645,Gil,Pouyioutas,9999-01-01,Engineer
436646,Dante,Rotem,9999-01-01,Engineer
436651,Weijing,Birnbaum,9999-01-01,Senior Staff
436652,Marek,Anger,9999-01-01,Senior Engineer
436653,Anoosh,Siepmann,9999-01-01,Senior Engineer
436656,Rimon,Joslin,9999-01-01,Engineer
436662,Mingzeng,Versino,9999-01-01,Technique Leader
436684,Alejandra,Molenkamp,9999-01-01,Engineer
436686,Yishay,Tiemann,9999-01-01,Senior Engineer
436693,JoAnna,Sherertz,9999-01-01,Senior Staff
436694,Katsuo,Rothe,9999-01-01,Assistant Engineer
436697,Xinan,Sanella,9999-01-01,Engineer
436698,Emdad,McClurg,9999-01-01,Staff
436705,Margareta,Spataro,9999-01-01,Senior Staff
436714,Gill,Lores,9999-01-01,Senior Engineer
436718,Poornachandra,Uchoa,9999-01-01,Engineer
436731,Berni,Uhrig,9999-01-01,Staff
436744,Remzi,Luders,9999-01-01,Staff
436757,Guiseppe,Lunt,9999-01-01,Senior Engineer
436792,Taizo,Luca,9999-01-01,Senior Staff
436822,Nahid,Yavatkar,9999-01-01,Technique Leader
436836,Mads,Muchinsky,9999-01-01,Staff
436842,Tomofumi,Krzyzanowski,9999-01-01,Senior Engineer
436848,Nitsan,Naudin,9999-01-01,Staff
436869,Billie,Barinka,9999-01-01,Senior Engineer
436886,Martins,Benzmuller,9999-01-01,Engineer
436893,Duro,Perko,9999-01-01,Engineer
436897,Shimshon,Gyorkos,9999-01-01,Senior Engineer
436904,Tse,Fontan,9999-01-01,Staff
436909,Yuriy,Standera,9999-01-01,Senior Engineer
436913,Kauko,Luders,9999-01-01,Engineer
436965,Falguni,Leijenhorst,9999-01-01,Senior Engineer
436969,Jianhua,Olano,9999-01-01,Senior Engineer
436981,Satoru,Champarnaud,9999-01-01,Senior Engineer
436991,Nikolaos,Ratnakar,9999-01-01,Engineer
437024,Ioana,Jullig,9999-01-01,Senior Staff
437033,Gregory,Tsunoo,9999-01-01,Engineer
437039,Kaijung,Godskesen,9999-01-01,Senior Staff
437045,Bojan,Yamaashi,9999-01-01,Senior Engineer
437052,Baocai,Gill,9999-01-01,Senior Staff
437059,Jouni,Mahnke,9999-01-01,Staff
437074,Jiang,Falco,9999-01-01,Engineer
437082,Hinrich,Cyne,9999-01-01,Senior Engineer
437093,Otmar,Barvinok,9999-01-01,Technique Leader
437098,Alassane,Gaughan,9999-01-01,Assistant Engineer
437101,Ramachenga,Birrer,9999-01-01,Senior Staff
437103,Uno,Thimonier,9999-01-01,Engineer
437112,Kolar,Gerlach,9999-01-01,Staff
437120,Valeri,Tagansky,9999-01-01,Technique Leader
437123,Prodip,Shimshoni,9999-01-01,Senior Engineer
437129,Shuho,Suessmith,9999-01-01,Engineer
437131,Duke,Veccia,9999-01-01,Senior Staff
437148,Elvis,Sambasivam,9999-01-01,Engineer
437159,Munehiko,Ritzmann,9999-01-01,Senior Engineer
437166,Gennady,Ariola,9999-01-01,Senior Engineer
437178,Radhika,Suwa,9999-01-01,Senior Engineer
437181,Hiroyasu,Stellhorn,9999-01-01,Senior Engineer
437182,Shigeaki,Vecchio,9999-01-01,Staff
437191,Shmuel,Luca,9999-01-01,Staff
437195,Uno,Hettesheimer,9999-01-01,Senior Engineer
437205,Godehard,Panangaden,9999-01-01,Senior Engineer
437209,Nishit,Pero,9999-01-01,Staff
437223,Syozo,Lorin,9999-01-01,Senior Staff
437230,Theirry,Erie,9999-01-01,Senior Staff
437233,Beshir,Stroustrup,9999-01-01,Engineer
437234,Gil,Sgarro,9999-01-01,Senior Staff
437236,Remmert,Asrin,9999-01-01,Staff
437241,Angus,Moffat,9999-01-01,Staff
437250,Zengping,Ratzlaff,9999-01-01,Senior Staff
437262,DAIDA,Pramanik,9999-01-01,Engineer
437266,Mack,Biran,9999-01-01,Engineer
437267,Seongbae,Dengi,9999-01-01,Technique Leader
437271,Nikolaus,Beutelspacher,9999-01-01,Senior Engineer
437280,Khatoun,Khalil,9999-01-01,Senior Engineer
437289,Eirik,Makinen,9999-01-01,Senior Engineer
437295,Shao,Solovay,9999-01-01,Senior Staff
437298,Van,Msuda,9999-01-01,Senior Staff
437324,Luisa,Seghrouchni,9999-01-01,Staff
437337,Marko,Klassen,9999-01-01,Staff
437348,Deborah,Emden,9999-01-01,Senior Engineer
437389,Miomir,Ranft,9999-01-01,Engineer
437390,Taiji,Oxman,9999-01-01,Senior Staff
437394,Krister,Bouloucos,9999-01-01,Engineer
437396,Filipe,Pocchiola,9999-01-01,Staff
437405,Takahira,Nitta,9999-01-01,Senior Engineer
437409,Emdad,Emmerich,9999-01-01,Engineer
437412,Shahab,Shinomoto,9999-01-01,Senior Staff
437413,Yurii,Gaughan,9999-01-01,Senior Staff
437419,Navid,Ishibashi,9999-01-01,Engineer
437421,Rayond,Edelhoff,9999-01-01,Assistant Engineer
437422,Naftaly,Plavsic,9999-01-01,Engineer
437426,Lillian,Lenart,9999-01-01,Senior Staff
437442,Muzhong,Delaune,9999-01-01,Senior Staff
437446,Huai,Ratnaker,9999-01-01,Senior Staff
437453,Gladys,Sabnani,9999-01-01,Staff
437455,Nikolaos,Marwedel,9999-01-01,Senior Engineer
437470,Rasiah,Bouloucos,9999-01-01,Assistant Engineer
437471,Zijian,Plesums,9999-01-01,Senior Staff
437483,Adin,Callaway,9999-01-01,Staff
437494,Atilio,Usdin,9999-01-01,Staff
437502,Naftali,Schreiter,9999-01-01,Senior Engineer
437507,Hiroyasu,Stasinski,9999-01-01,Engineer
437522,Denny,Stroustrup,9999-01-01,Staff
437523,Nahum,Vakili,9999-01-01,Engineer
437539,Owen,Fioravanti,9999-01-01,Engineer
437553,Zeljko,Baranowski,9999-01-01,Staff
437566,Chuanyi,Landherr,9999-01-01,Senior Engineer
437596,Lakshmi,Assaf,9999-01-01,Senior Engineer
437603,Poornachandra,Lemarechal,9999-01-01,Senior Staff
437608,Marko,Montemayor,9999-01-01,Senior Engineer
437614,Minghong,Hoogerwoord,9999-01-01,Engineer
437632,Zvonko,Gyorkos,9999-01-01,Engineer
437635,Maya,Garnick,9999-01-01,Senior Engineer
437639,Barun,Imataki,9999-01-01,Senior Staff
437675,Suzette,Takanami,9999-01-01,Senior Engineer
437678,Val,Pocchiola,9999-01-01,Senior Engineer
437679,Boutros,Linares,9999-01-01,Senior Engineer
437689,Taizo,Pargas,9999-01-01,Technique Leader
437691,Make,Sichman,9999-01-01,Engineer
437706,Shen,Swick,9999-01-01,Engineer
437712,Domenick,Angelopoulos,9999-01-01,Senior Staff
437768,Martial,Weedman,9999-01-01,Senior Engineer
437794,Etsuo,Bage,9999-01-01,Assistant Engineer
437808,Nirmal,Yemenis,9999-01-01,Senior Staff
437811,Moti,Zeleznik,9999-01-01,Senior Engineer
437818,Fayez,Figueira,9999-01-01,Staff
437824,Georg,Peral,9999-01-01,Senior Engineer
437830,Bezalel,Plotkin,9999-01-01,Senior Staff
437838,Shooichi,Swiler,9999-01-01,Staff
437844,Marlo,Pero,9999-01-01,Staff
437850,Ronnie,Vural,9999-01-01,Engineer
437852,Mingsen,Maliniak,9999-01-01,Engineer
437865,Pascal,Noriega,9999-01-01,Senior Staff
437882,Salvador,Osgood,9999-01-01,Engineer
437883,Pantung,Kalafatis,9999-01-01,Engineer
437889,Dannz,Rosay,9999-01-01,Senior Staff
437890,Tianruo,Bazzichi,9999-01-01,Senior Engineer
437892,Sushant,Lampe,9999-01-01,Engineer
437895,Kristen,Kavanagh,9999-01-01,Technique Leader
437915,Katsuo,Kroon,9999-01-01,Technique Leader
437950,Irena,Salinas,9999-01-01,Senior Engineer
437954,Mong,Sinitsyn,9999-01-01,Staff
437955,Kristin,Matteis,9999-01-01,Engineer
437981,Chanjung,Muhling,9999-01-01,Staff
437985,Reuven,Munke,9999-01-01,Senior Staff
438010,Barna,Marsiglia,9999-01-01,Senior Engineer
438040,Kauko,Pelz,9999-01-01,Senior Staff
438050,Foong,Waterhouse,9999-01-01,Assistant Engineer
438052,Beshir,Legleitner,9999-01-01,Engineer
438054,Sariel,Stentiford,9999-01-01,Senior Staff
438055,Jamaludin,Thorelli,9999-01-01,Staff
438084,Bangqing,Kemmerer,9999-01-01,Senior Engineer
438096,Szabolcs,Szilard,9999-01-01,Assistant Engineer
438105,Shen,Montemayor,9999-01-01,Engineer
438109,Masato,Kadhim,9999-01-01,Senior Staff
438126,Duke,Krichel,9999-01-01,Senior Engineer
438137,Manu,Lupu,9999-01-01,Staff
438150,Sanjeeva,Schlenzig,9999-01-01,Senior Staff
438153,Fan,Akazan,9999-01-01,Engineer
438155,Arunachalam,Murtafg,9999-01-01,Senior Staff
438160,Rayond,Pagter,9999-01-01,Staff
438162,Mabry,Erdmenger,9999-01-01,Staff
438171,Oguz,Engberts,9999-01-01,Senior Staff
438178,Stamatina,Denti,9999-01-01,Staff
438192,Keiichiro,Showalter,9999-01-01,Senior Staff
438193,Martial,Chandrasekhar,9999-01-01,Senior Engineer
438207,Elvis,Adachi,9999-01-01,Senior Staff
438209,Lene,Feinberg,9999-01-01,Senior Staff
438212,Fatemeh,Luce,9999-01-01,Engineer
438214,Lokesh,Tokunaga,9999-01-01,Engineer
438240,Yurii,Luce,9999-01-01,Staff
438258,Arlette,Aumann,9999-01-01,Technique Leader
438262,Giao,Pauthner,9999-01-01,Senior Engineer
438266,Marjo,Gecsei,9999-01-01,Staff
438267,Malu,Sichman,9999-01-01,Staff
438268,Hyuckchul,Mansanne,9999-01-01,Staff
438269,Percy,Castellani,9999-01-01,Senior Engineer
438288,Kshitij,Riesenhuber,9999-01-01,Engineer
438289,Kiyokazu,Collavizza,9999-01-01,Staff
438296,Sajjad,Gist,9999-01-01,Senior Staff
438298,Elrique,Asrin,9999-01-01,Senior Engineer
438304,Jeane,Gilg,9999-01-01,Senior Staff
438312,Menkae,Trachtenberg,9999-01-01,Senior Engineer
438318,Saeed,Munawer,9999-01-01,Staff
438330,Dinkar,Naumovich,9999-01-01,Senior Engineer
438340,Remco,Asser,9999-01-01,Engineer
438366,Yechezkel,Gubsky,9999-01-01,Senior Engineer
438385,Kazuhisa,Zhiwei,9999-01-01,Senior Staff
438390,Shridhar,Leppanen,9999-01-01,Engineer
438393,Nahid,Pero,9999-01-01,Senior Engineer
438397,Masanao,Schaap,9999-01-01,Senior Staff
438404,Fumitake,Auria,9999-01-01,Senior Staff
438408,Sadegh,Genther,9999-01-01,Senior Staff
438421,Danae,Pollacia,9999-01-01,Staff
438422,Sedat,Baby,9999-01-01,Senior Engineer
438429,Jiang,Zockler,9999-01-01,Senior Engineer
438440,Kankanahalli,Hanratty,9999-01-01,Engineer
438441,Kiyokazu,Mahmud,9999-01-01,Engineer
438454,Duro,Caine,9999-01-01,Senior Engineer
438455,Sachar,Speel,9999-01-01,Senior Engineer
438463,Alois,Hambrick,9999-01-01,Staff
438472,Kamakshi,Felder,9999-01-01,Senior Engineer
438483,Steve,Pettis,9999-01-01,Staff
438517,Matt,Uhrig,9999-01-01,Engineer
438519,Kyoichi,Fortenbacher,9999-01-01,Engineer
438521,Khalil,Manderick,9999-01-01,Engineer
438525,Theirry,Plessier,9999-01-01,Senior Staff
438528,Bernt,Lowrie,9999-01-01,Engineer
438536,Jaideep,Snyers,9999-01-01,Engineer
438538,Sarita,Valtorta,9999-01-01,Senior Engineer
438541,Shichao,Waeselynck,9999-01-01,Staff
438544,Faiza,Lukaszewicz,9999-01-01,Assistant Engineer
438551,Randy,Vingron,9999-01-01,Staff
438552,Perry,Kavvadias,9999-01-01,Senior Staff
438570,Chikako,Androutsos,9999-01-01,Engineer
438578,Xiaobin,Ruther,9999-01-01,Engineer
438583,Tiina,Hambrick,9999-01-01,Engineer
438584,Sangeeta,Pero,9999-01-01,Senior Staff
438610,Soenke,Dulin,9999-01-01,Staff
438616,Ramya,Ciolek,9999-01-01,Staff
438626,Shaunak,Roohalamini,9999-01-01,Senior Staff
438644,Lene,Selenyi,9999-01-01,Senior Staff
438657,Baziley,Bernatsky,9999-01-01,Technique Leader
438662,Pramod,Busillo,9999-01-01,Senior Staff
438672,Phuoc,Murillo,9999-01-01,Senior Engineer
438676,Conal,Mikschl,9999-01-01,Staff
438704,Danai,Godskesen,9999-01-01,Senior Engineer
438716,Marin,Schmiedel,9999-01-01,Senior Staff
438718,Shin,Deville,9999-01-01,Staff
438726,Ewing,Serov,9999-01-01,Staff
438737,Heping,Syrotiuk,9999-01-01,Senior Engineer
438781,Kiyokazu,Thambidurai,9999-01-01,Senior Engineer
438787,Tomofumi,Wrigley,9999-01-01,Engineer
438792,Rasiah,Kawashimo,9999-01-01,Engineer
438799,Peer,Dengi,9999-01-01,Senior Staff
438805,Eirik,Lalonde,9999-01-01,Senior Engineer
438808,Marsja,Serna,9999-01-01,Senior Engineer
438835,Constantijn,Penz,9999-01-01,Senior Engineer
438840,Moto,Honiden,9999-01-01,Engineer
438843,Luerbio,Lowrie,9999-01-01,Senior Engineer
438848,Vishv,Marchesini,9999-01-01,Engineer
438862,Angus,Vrecion,9999-01-01,Senior Engineer
438871,Lein,Pettit,9999-01-01,Senior Engineer
438872,Miquel,Boudaillier,9999-01-01,Senior Engineer
438876,Manton,Anguita,9999-01-01,Engineer
438883,Renee,Kisuki,9999-01-01,Engineer
438907,Manibrata,Ecklund,9999-01-01,Technique Leader
438909,Kish,Smailagic,9999-01-01,Senior Engineer
438915,Marsha,Szilard,9999-01-01,Senior Staff
438930,Luerbio,Murtagh,9999-01-01,Engineer
438931,Shigenori,Vandervoorde,9999-01-01,Engineer
438934,Mads,Thisen,9999-01-01,Senior Staff
438936,Ekawit,Busillo,9999-01-01,Staff
438940,Mayumi,Shackell,9999-01-01,Senior Staff
438944,Florian,Anick,9999-01-01,Senior Staff
438947,Vasilis,Stranks,9999-01-01,Senior Staff
438999,Juichirou,Daescu,9999-01-01,Staff
439018,Gay,Scharstein,9999-01-01,Staff
439027,Munir,Riexinger,9999-01-01,Staff
439036,Harngdar,Papsdorf,9999-01-01,Engineer
439059,Kwangho,Lovengreen,9999-01-01,Senior Staff
439062,Dhritiman,Streng,9999-01-01,Staff
439071,Kokou,Woycyznski,9999-01-01,Senior Staff
439072,Snehasis,Kavanagh,9999-01-01,Senior Staff
439097,Jouko,Birsak,9999-01-01,Staff
439106,Guiseppe,Nivat,9999-01-01,Staff
439108,Huiqun,Kawashima,9999-01-01,Technique Leader
439115,Pohua,Backhouse,9999-01-01,Assistant Engineer
439125,Nahid,Luff,9999-01-01,Staff
439147,Ebbe,Chiola,9999-01-01,Engineer
439156,Kenroku,Bala,9999-01-01,Engineer
439168,Fatemeh,Penn,9999-01-01,Senior Staff
439175,Tomoyuki,Sifakis,9999-01-01,Staff
439179,Yurii,Lanteri,9999-01-01,Senior Staff
439185,Rosalyn,Yurek,9999-01-01,Senior Staff
439195,Goncalo,Selenyi,9999-01-01,Engineer
439197,Gritta,Henders,9999-01-01,Staff
439204,Bluma,Ruther,9999-01-01,Assistant Engineer
439207,Martins,Stranks,9999-01-01,Senior Staff
439216,Aimee,Mateescu,9999-01-01,Engineer
439246,Alper,Colorni,9999-01-01,Senior Engineer
439252,Fabrizio,Karnin,9999-01-01,Engineer
439257,Khedija,Pluym,9999-01-01,Senior Staff
439259,Surveyors,Cummings,9999-01-01,Senior Engineer
439272,Aris,Nitta,9999-01-01,Engineer
439276,Mayuko,Chappelet,9999-01-01,Senior Engineer
439283,Ziya,Zolotykh,9999-01-01,Staff
439289,Kazuyasu,Morris,9999-01-01,Engineer
439292,Aruna,Hempstead,9999-01-01,Senior Staff
439296,Navin,Shimshoni,9999-01-01,Senior Engineer
439309,Gila,Ligten,9999-01-01,Engineer
439310,Xiaoqiu,Marsiglia,9999-01-01,Senior Engineer
439322,Jaihie,Waeselynck,9999-01-01,Staff
439328,Arie,Matzel,9999-01-01,Assistant Engineer
439337,Alair,DiGiano,9999-01-01,Senior Staff
439349,Yucai,Vingron,9999-01-01,Staff
439350,Kerhong,Koblitz,9999-01-01,Engineer
439357,Srinidhi,Mukaidono,9999-01-01,Technique Leader
439359,Avishai,Sundgren,9999-01-01,Staff
439364,Gill,Luiz,9999-01-01,Assistant Engineer
439371,Satoru,Pehl,9999-01-01,Senior Engineer
439395,Chuanyi,Genther,9999-01-01,Staff
439404,Piyawadee,Picci,9999-01-01,Senior Engineer
439412,Baruch,Peyn,9999-01-01,Staff
439416,Naftaly,Matzen,9999-01-01,Senior Engineer
439420,Xuedong,Dalton,9999-01-01,Staff
439440,Uma,Wossner,9999-01-01,Senior Engineer
439455,Xumin,Cronau,9999-01-01,Senior Engineer
439468,Hailing,Pauthner,9999-01-01,Engineer
439486,Armond,Heijenga,9999-01-01,Engineer
439495,Maris,Pettis,9999-01-01,Engineer
439501,Oscar,Falco,9999-01-01,Senior Staff
439506,Tetsurou,Wursthorn,9999-01-01,Staff
439511,Suzette,Cummings,9999-01-01,Engineer
439518,Kenroku,Homond,9999-01-01,Senior Engineer
439520,Along,Kambil,9999-01-01,Senior Engineer
439533,Kerryn,Bage,9999-01-01,Senior Staff
439541,Dines,Garnick,9999-01-01,Engineer
439544,Heping,Thiran,9999-01-01,Senior Staff
439560,Peternela,Legleitner,9999-01-01,Staff
439567,Weiyi,Ernst,9999-01-01,Senior Engineer
439572,Christoph,Bakhtari,9999-01-01,Senior Staff
439579,Stein,Hatcliff,9999-01-01,Senior Staff
439595,Anestis,Itzfeldt,9999-01-01,Engineer
439604,Bernd,Nations,9999-01-01,Senior Staff
439630,Ymte,Busillo,9999-01-01,Staff
439668,Goncalo,Chinin,9999-01-01,Senior Engineer
439675,Yuuichi,Atchley,9999-01-01,Staff
439686,Maia,Zeleznik,9999-01-01,Senior Engineer
439687,Alejandra,Schlumberger,9999-01-01,Technique Leader
439694,Eric,Aingworth,9999-01-01,Staff
439704,Youssef,Jording,9999-01-01,Assistant Engineer
439716,Zsolt,Chleq,9999-01-01,Engineer
439719,Uri,Schreiter,9999-01-01,Engineer
439721,Douadi,Rassart,9999-01-01,Senior Engineer
439743,Janalee,Ernst,9999-01-01,Senior Engineer
439750,Gilbert,Masaki,9999-01-01,Assistant Engineer
439757,Gunilla,Czap,9999-01-01,Engineer
439765,Ger,Templeman,9999-01-01,Staff
439792,Chenyi,Molenaar,9999-01-01,Staff
439794,Eric,Koblick,9999-01-01,Senior Engineer
439795,Sashi,Sullins,9999-01-01,Senior Engineer
439823,Remko,Erdi,9999-01-01,Engineer
439830,Shem,Ramamoorthy,9999-01-01,Senior Engineer
439832,Ebbe,Pleszkun,9999-01-01,Senior Staff
439835,Yucai,Papadias,9999-01-01,Senior Engineer
439837,Saniya,Matzel,9999-01-01,Staff
439864,Izaskun,Spelt,9999-01-01,Engineer
439877,Wojceich,Emiris,9999-01-01,Senior Staff
439885,Hongzhu,Schaaf,9999-01-01,Engineer
439887,Fuqing,Dusink,9999-01-01,Staff
439889,Constantijn,Benaini,9999-01-01,Engineer
439896,Yahiko,Baaleh,9999-01-01,Staff
439927,Fumiyo,Manders,9999-01-01,Engineer
439948,Toshimitsu,Hatcliff,9999-01-01,Staff
439969,Ohad,Gini,9999-01-01,Staff
439998,Huei,Tzvieli,9999-01-01,Assistant Engineer
440010,King,Lamma,9999-01-01,Engineer
440026,Zorica,Kavanagh,9999-01-01,Staff
440056,Moni,Stanfel,9999-01-01,Senior Engineer
440072,Mingzeng,Schnelling,9999-01-01,Senior Engineer
440074,Gritta,Ghemri,9999-01-01,Staff
440076,Hailing,Schiettecatte,9999-01-01,Engineer
440083,Heeju,Szemeredi,9999-01-01,Senior Staff
440086,Hideyuki,Dulli,9999-01-01,Staff
440088,Serge,Denny,9999-01-01,Staff
440094,Bernice,Rabehasaina,9999-01-01,Senior Staff
440097,Alselm,Junot,9999-01-01,Senior Engineer
440115,Atilio,Lalonde,9999-01-01,Senior Engineer
440116,Shim,Seghrouchni,9999-01-01,Assistant Engineer
440128,Nirmal,Constantine,9999-01-01,Staff
440136,Bowen,Jenevein,9999-01-01,Senior Staff
440150,Luigi,Lorcy,9999-01-01,Engineer
440152,Kirk,Ertl,9999-01-01,Senior Staff
440169,Munenori,Holburn,9999-01-01,Senior Staff
440175,Babette,Demos,9999-01-01,Engineer
440180,Ashish,Jording,9999-01-01,Senior Engineer
440189,Kiyomitsu,Falster,9999-01-01,Senior Engineer
440200,Annemarie,Marrevee,9999-01-01,Senior Staff
440205,Hideo,Hutter,9999-01-01,Senior Engineer
440215,Keiichiro,Dredge,9999-01-01,Senior Engineer
440218,Shigeo,Simmen,9999-01-01,Staff
440234,Venkatesan,Morrey,9999-01-01,Technique Leader
440236,Franziska,Caine,9999-01-01,Senior Engineer
440247,Geoff,Ambroszkiewicz,9999-01-01,Senior Engineer
440250,Valeri,Granlund,9999-01-01,Assistant Engineer
440255,Margareta,Schlenzig,9999-01-01,Senior Staff
440259,Changho,Farris,9999-01-01,Staff
440264,Izaskun,Biran,9999-01-01,Staff
440275,Randi,Bernick,9999-01-01,Senior Staff
440279,Gretta,Merlo,9999-01-01,Staff
440291,Masasuke,Fujisaki,9999-01-01,Engineer
440301,Sven,Lanzelotte,9999-01-01,Engineer
440305,Rosalie,Swab,9999-01-01,Senior Staff
440307,Hailing,Tetzlaff,9999-01-01,Senior Engineer
440314,Shin,Merlo,9999-01-01,Senior Engineer
440319,Qunsheng,Brookman,9999-01-01,Technique Leader
440323,Ravishankar,Radwan,9999-01-01,Senior Staff
440338,Neelam,Radwan,9999-01-01,Senior Staff
440352,Tianruo,Ghalwash,9999-01-01,Senior Staff
440361,Shahaf,Skrikant,9999-01-01,Senior Staff
440364,Xinan,Preusig,9999-01-01,Engineer
440365,Zhaofang,Gien,9999-01-01,Senior Engineer
440366,Babette,Armand,9999-01-01,Staff
440373,Xiaopeng,Constantine,9999-01-01,Senior Engineer
440376,Chikako,Vanwelkenhuysen,9999-01-01,Engineer
440380,Ashish,Magliocco,9999-01-01,Assistant Engineer
440383,Bezalel,Denny,9999-01-01,Senior Engineer
440389,Khalil,Grandbois,9999-01-01,Technique Leader
440400,Vasiliy,Karlin,9999-01-01,Senior Staff
440402,Seongbin,Zeleznik,9999-01-01,Engineer
440407,Jixiang,Arlazarov,9999-01-01,Staff
440414,Kolar,Meriste,9999-01-01,Engineer
440423,Fumino,Marquardt,9999-01-01,Engineer
440437,Tonia,Milicia,9999-01-01,Senior Engineer
440453,Elvis,Grandbois,9999-01-01,Engineer
440456,Valter,Tchuente,9999-01-01,Engineer
440461,Bader,Stenning,9999-01-01,Senior Staff
440507,Ramalingam,Yamaashi,9999-01-01,Senior Engineer
440520,Berna,Sidje,9999-01-01,Engineer
440523,Sanjai,Kuszyk,9999-01-01,Staff
440539,Nahum,Pettis,9999-01-01,Engineer
440541,Subbu,Goodrum,9999-01-01,Engineer
440548,Szabolcs,Eastman,9999-01-01,Senior Engineer
440549,Dietrich,Eldridge,9999-01-01,Engineer
440551,Unal,Frolund,9999-01-01,Engineer
440560,Junichi,Mayerwieser,9999-01-01,Staff
440582,Elliott,Kawashima,9999-01-01,Senior Staff
440587,Lijia,Flasterstein,9999-01-01,Engineer
440590,Nadjib,Baez,9999-01-01,Senior Engineer
440598,Dmitry,Kawashima,9999-01-01,Technique Leader
440608,Kiyokazu,Kragelund,9999-01-01,Staff
440614,Naftali,McConalogue,9999-01-01,Senior Engineer
440640,Xiaoqiang,Vieri,9999-01-01,Senior Staff
440649,Leaf,Legleitner,9999-01-01,Senior Engineer
440652,Nahum,Garnier,9999-01-01,Engineer
440667,Martina,Rissanen,9999-01-01,Senior Engineer
440668,Tokuyasu,Plotkin,9999-01-01,Senior Engineer
440681,Phillip,Schusler,9999-01-01,Senior Staff
440689,Subhash,Maierhofer,9999-01-01,Engineer
440699,Lucian,Rettelbach,9999-01-01,Senior Staff
440704,Shigehiro,Bernatsky,9999-01-01,Senior Staff
440707,Xiaocheng,Dalphin,9999-01-01,Staff
440714,Duro,Rosay,9999-01-01,Senior Engineer
440746,Anneli,Ramsay,9999-01-01,Technique Leader
440763,Siddarth,Heystek,9999-01-01,Senior Staff
440767,Adly,Narahari,9999-01-01,Engineer
440783,Heon,Hiraishi,9999-01-01,Staff
440788,Zita,Mawatari,9999-01-01,Engineer
440789,Izaskun,Roohalamini,9999-01-01,Staff
440794,Emdad,Dalphin,9999-01-01,Senior Engineer
440795,Malu,Hemaspaandra,9999-01-01,Engineer
440804,Fumiko,Harllee,9999-01-01,Senior Staff
440812,Yechiam,Baer,9999-01-01,Assistant Engineer
440814,Uzi,Taneja,9999-01-01,Senior Staff
440821,Guoxiang,Veevers,9999-01-01,Senior Engineer
440833,Etsuo,Siochi,9999-01-01,Senior Engineer
440850,Utz,Langford,9999-01-01,Engineer
440872,Vishwani,Nourani,9999-01-01,Engineer
440873,Baruch,Marletta,9999-01-01,Staff
440882,Sverrir,Kushnir,9999-01-01,Senior Engineer
440901,Qiwen,Pintelas,9999-01-01,Senior Engineer
440902,Satyanarayana,Ermel,9999-01-01,Engineer
440904,Eran,Vickson,9999-01-01,Staff
440931,Yinghua,Dratva,9999-01-01,Senior Staff
440956,Herbert,Wossner,9999-01-01,Staff
440960,Moty,Zirintsis,9999-01-01,Engineer
440979,Dante,Rosay,9999-01-01,Senior Engineer
440989,Maia,Cincotta,9999-01-01,Engineer
440996,Xuejia,Rouquie,9999-01-01,Engineer
441008,Dines,Weiland,9999-01-01,Engineer
441028,Bernd,Krychniak,9999-01-01,Engineer
441029,Mooi,Schnabel,9999-01-01,Senior Staff
441052,Martien,Menhardt,9999-01-01,Senior Staff
441059,Perla,Borstler,9999-01-01,Technique Leader
441061,Ramalingam,Klyachko,9999-01-01,Senior Staff
441086,Jaideep,Anger,9999-01-01,Senior Engineer
441091,Muneo,Ghelli,9999-01-01,Engineer
441092,Raimond,Peres,9999-01-01,Senior Engineer
441100,Peternela,Litvinov,9999-01-01,Senior Engineer
441103,Hongzhu,Norsworthy,9999-01-01,Senior Engineer
441104,Adit,Krzyzanowski,9999-01-01,Senior Engineer
441105,Amabile,Picci,9999-01-01,Senior Staff
441106,Hilari,Rohrbach,9999-01-01,Senior Engineer
441117,Xiahua,Mondadori,9999-01-01,Senior Engineer
441118,Shridhar,Juneja,9999-01-01,Senior Engineer
441131,Mandell,Covnot,9999-01-01,Senior Engineer
441132,Claude,Jansen,9999-01-01,Technique Leader
441134,Insup,Bennet,9999-01-01,Senior Staff
441137,Sanjit,Rajala,9999-01-01,Engineer
441144,Muneo,Bolsens,9999-01-01,Senior Engineer
441154,Lansing,Syang,9999-01-01,Senior Engineer
441157,Barna,Tiemann,9999-01-01,Staff
441163,Shunichi,Turnbull,9999-01-01,Senior Staff
441179,Tommaso,Sgarro,9999-01-01,Staff
441182,Mayumi,Benantar,9999-01-01,Engineer
441188,Kwee,Zaumen,9999-01-01,Senior Engineer
441190,Yuuichi,Dulay,9999-01-01,Engineer
441208,Nitsan,Murrill,9999-01-01,Engineer
441228,Kazuhiko,Winter,9999-01-01,Senior Staff
441229,Nobuyoshi,Rosis,9999-01-01,Staff
441240,Shounak,Nicolson,9999-01-01,Engineer
441263,Vivian,Coullard,9999-01-01,Staff
441264,Chenye,Chinal,9999-01-01,Senior Engineer
441267,Zita,Hebden,9999-01-01,Staff
441269,Arne,Hempstead,9999-01-01,Staff
441271,Mads,Esposito,9999-01-01,Senior Engineer
441278,Chandrasekaran,Wallrath,9999-01-01,Technique Leader
441308,Sastry,Sankaranarayanan,9999-01-01,Senior Staff
441309,Arco,Trystram,9999-01-01,Senior Engineer
441332,Sverrir,Bruckman,9999-01-01,Engineer
441333,Horward,Randi,9999-01-01,Senior Engineer
441343,Yuping,Jiang,9999-01-01,Senior Engineer
441349,Oscar,Merlo,9999-01-01,Senior Staff
441352,Christoper,Menyhert,9999-01-01,Staff
441364,Weidon,Kilgore,9999-01-01,Staff
441371,Vidya,Leppanen,9999-01-01,Senior Staff
441388,Sham,Kroft,9999-01-01,Staff
441398,Chiradeep,Eiter,9999-01-01,Staff
441407,Atreyi,Roohalamini,9999-01-01,Engineer
441425,Niteen,Famili,9999-01-01,Senior Engineer
441429,Ewing,Akaboshi,9999-01-01,Staff
441449,Kiyokazu,Lally,9999-01-01,Engineer
441451,Fabrizio,Marletta,9999-01-01,Engineer
441459,Rosine,Schauser,9999-01-01,Senior Engineer
441461,Mang,Nations,9999-01-01,Senior Engineer
441477,Kerryn,Sevcikova,9999-01-01,Senior Staff
441478,Mats,Camarinopoulos,9999-01-01,Technique Leader
441487,Przemyslawa,Dulli,9999-01-01,Senior Engineer
441493,Ger,Menhardt,9999-01-01,Engineer
441495,Marie,Feldmann,9999-01-01,Engineer
441506,Kwun,Underwood,9999-01-01,Assistant Engineer
441515,Fox,Hasenauer,9999-01-01,Engineer
441516,Sanjai,Nitsch,9999-01-01,Senior Engineer
441520,Shounak,Suermann,9999-01-01,Senior Staff
441529,Kazuhiko,Tasistro,9999-01-01,Engineer
441531,Heekeun,Chandrasekhar,9999-01-01,Senior Engineer
441582,Munehiko,Schauser,9999-01-01,Senior Engineer
441598,Jingling,Siepmann,9999-01-01,Staff
441609,Martins,Swiss,9999-01-01,Senior Engineer
441628,Lubomir,Bazelow,9999-01-01,Staff
441666,Mohammed,Jullig,9999-01-01,Staff
441668,Huiqun,Crelier,9999-01-01,Technique Leader
441669,Raimond,Chimia,9999-01-01,Staff
441672,Inderjeet,Rabehasaina,9999-01-01,Staff
441674,Jiong,Heusch,9999-01-01,Staff
441688,Jayesh,Schwaller,9999-01-01,Staff
441691,Uri,Oehlmann,9999-01-01,Staff
441698,Reinhard,Halloran,9999-01-01,Engineer
441723,Houman,Granlund,9999-01-01,Engineer
441737,Sverrir,Coombs,9999-01-01,Senior Engineer
441762,Mircea,Delaune,9999-01-01,Staff
441773,Shigenori,Cesareni,9999-01-01,Staff
441784,Vasilii,Peroz,9999-01-01,Senior Engineer
441826,Leandro,Einsfeld,9999-01-01,Senior Staff
441839,Froduald,Christ,9999-01-01,Senior Staff
441873,Georg,Perri,9999-01-01,Staff
441880,Xiping,Mikschl,9999-01-01,Engineer
441904,Rosalyn,Sambasivam,9999-01-01,Staff
441911,Susuma,Zweizig,9999-01-01,Staff
441918,Bluma,Rettelbach,9999-01-01,Senior Staff
441921,Jeanne,Hatcliff,9999-01-01,Senior Engineer
441925,Kinh,Kusakabe,9999-01-01,Senior Engineer
441927,Diederik,Oxman,9999-01-01,Senior Engineer
441932,Shir,Tyugu,9999-01-01,Engineer
441939,Jayson,Hennings,9999-01-01,Engineer
441955,Sudhanshu,Sommer,9999-01-01,Staff
441970,Duangkaew,Puppe,9999-01-01,Engineer
441973,Hatsukazu,Egerstedt,9999-01-01,Senior Engineer
441985,Xumin,Velardi,9999-01-01,Technique Leader
442014,Radhakrishnan,Gajiwala,9999-01-01,Senior Engineer
442016,Yuping,Breugel,9999-01-01,Senior Staff
442048,Shigeu,Stassinopoulos,9999-01-01,Technique Leader
442054,Sachar,Vendrig,9999-01-01,Engineer
442083,Shridhar,Perly,9999-01-01,Senior Engineer
442085,Jeong,Peha,9999-01-01,Senior Staff
442093,Arvind,Weisert,9999-01-01,Senior Engineer
442114,Ibibia,Mandell,9999-01-01,Staff
442131,Mark,Dredge,9999-01-01,Senior Staff
442133,Bernd,Angel,9999-01-01,Senior Staff
442141,Eben,Serot,9999-01-01,Senior Staff
442149,Utpal,Bodoff,9999-01-01,Senior Staff
442167,Mohamadou,Vigier,9999-01-01,Senior Engineer
442188,Lucian,Rahier,9999-01-01,Staff
442196,Muzhong,Hegner,9999-01-01,Senior Engineer
442213,Masali,Hoogerwoord,9999-01-01,Senior Staff
442230,Anestis,Edelhoff,9999-01-01,Engineer
442233,Lene,Azuma,9999-01-01,Staff
442246,Richara,Linares,9999-01-01,Senior Engineer
442260,Kayoko,Tokunaga,9999-01-01,Engineer
442265,Christophe,Navazio,9999-01-01,Staff
442271,Chinho,Speer,9999-01-01,Staff
442275,Eric,Kropf,9999-01-01,Engineer
442314,Miquel,Schwartzburd,9999-01-01,Engineer
442317,Jiong,Junet,9999-01-01,Senior Engineer
442321,Toshimo,Hertweck,9999-01-01,Staff
442330,Quingbo,Veeraraghavan,9999-01-01,Senior Staff
442350,Kagan,Kriebel,9999-01-01,Staff
442364,Barton,Oxman,9999-01-01,Senior Engineer
442372,Conal,Sundgren,9999-01-01,Engineer
442405,Evgueni,Zielinski,9999-01-01,Engineer
442429,Souichi,Hanabata,9999-01-01,Engineer
442430,Tse,Baak,9999-01-01,Senior Engineer
442433,Jingling,Roohalamini,9999-01-01,Staff
442450,Shaleah,Bugaenko,9999-01-01,Senior Staff
442455,Youngkon,Gihr,9999-01-01,Engineer
442457,Zhigen,Jahnichen,9999-01-01,Engineer
442460,Leon,Ranon,9999-01-01,Engineer
442464,Toshiko,Naudin,9999-01-01,Senior Engineer
442487,Miomir,Speer,9999-01-01,Staff
442515,Abdelwaheb,Langford,9999-01-01,Engineer
442539,Toshimori,Suri,9999-01-01,Staff
442542,Mang,Thiran,9999-01-01,Staff
442550,Adib,Vadhan,9999-01-01,Engineer
442562,Masasuke,Backhouse,9999-01-01,Engineer
442572,Lorien,Hellwagner,9999-01-01,Engineer
442576,Shietung,Ramsey,9999-01-01,Engineer
442593,Geoffrey,Hockney,9999-01-01,Assistant Engineer
442599,Nathan,Thombley,9999-01-01,Engineer
442608,Nigel,Melichar,9999-01-01,Technique Leader
442613,Tsz,Knightly,9999-01-01,Engineer
442618,Jaewon,Piancastelli,9999-01-01,Senior Engineer
442631,Ishfaq,Herbst,9999-01-01,Senior Staff
442649,Utz,Vendrig,9999-01-01,Senior Staff
442668,Khue,Sanella,9999-01-01,Senior Staff
442679,Patricio,Foote,9999-01-01,Engineer
442689,Sverrir,Zucker,9999-01-01,Staff
442699,Samphel,Baer,9999-01-01,Assistant Engineer
442709,Akemi,Renear,9999-01-01,Staff
442720,Sivanarayana,Kieras,9999-01-01,Staff
442731,Martine,Breugel,9999-01-01,Senior Staff
442752,Vugranam,Luft,9999-01-01,Senior Staff
442757,Noritoshi,Cannard,9999-01-01,Engineer
442763,Weidon,Barriga,9999-01-01,Senior Staff
442765,Mark,Yeung,9999-01-01,Staff
442767,Matt,Ouhyoung,9999-01-01,Staff
442786,Jianhao,Lagarias,9999-01-01,Senior Staff
442802,Angus,Bazelow,9999-01-01,Staff
442812,Hugo,Rodiger,9999-01-01,Senior Staff
442830,Ramachenga,Ranka,9999-01-01,Engineer
442834,Inderjeet,Falco,9999-01-01,Staff
442838,Subhash,Millington,9999-01-01,Senior Engineer
442841,Mahendra,Guting,9999-01-01,Senior Engineer
442846,Vishv,Matteis,9999-01-01,Senior Staff
442850,Constantijn,Vitiello,9999-01-01,Senior Engineer
442862,Munehiro,Dayang,9999-01-01,Staff
442867,King,Vrecion,9999-01-01,Senior Staff
442878,Masaki,Takanami,9999-01-01,Senior Engineer
442882,Sven,Weiland,9999-01-01,Senior Engineer
442883,Yinlin,Vendrig,9999-01-01,Staff
442907,Nitsan,Percebois,9999-01-01,Engineer
442909,Augustine,Schwabacher,9999-01-01,Senior Engineer
442910,Hatim,Ellozy,9999-01-01,Staff
442929,Saniya,Klerer,9999-01-01,Technique Leader
442938,Xiaoqiu,Cusworth,9999-01-01,Staff
442960,Marsha,Huttel,9999-01-01,Senior Engineer
442966,Shaw,Ulupinar,9999-01-01,Senior Engineer
442976,Mostafa,Zultner,9999-01-01,Senior Engineer
442977,Marlo,Armand,9999-01-01,Senior Staff
442986,Nalini,Zeleznik,9999-01-01,Technique Leader
442987,Sukumar,Sherertz,9999-01-01,Senior Engineer
443023,Edwin,Range,9999-01-01,Senior Staff
443078,Ortrud,Hennebert,9999-01-01,Staff
443093,Theirry,Beutelspacher,9999-01-01,Staff
443097,Sudhanshu,Strandh,9999-01-01,Senior Staff
443118,Saeed,Angel,9999-01-01,Senior Staff
443121,Valdiodio,Goldhammer,9999-01-01,Engineer
443140,Feixiong,Pramanik,9999-01-01,Senior Staff
443156,Hinrich,Wixon,9999-01-01,Staff
443160,Paloma,Vuskovic,9999-01-01,Engineer
443182,Heather,Luca,9999-01-01,Senior Engineer
443184,Fai,Rusterholz,9999-01-01,Engineer
443195,Manton,Bratten,9999-01-01,Engineer
443204,Lalit,Schapiro,9999-01-01,Engineer
443206,Marco,Oppitz,9999-01-01,Staff
443208,Nakhoon,Nilsson,9999-01-01,Senior Engineer
443215,Masato,Giarratana,9999-01-01,Senior Engineer
443218,Xiahua,Noriega,9999-01-01,Engineer
443228,Mohammad,Gecseg,9999-01-01,Senior Staff
443233,Nahla,Heuter,9999-01-01,Senior Staff
443240,Billie,Gimbel,9999-01-01,Engineer
443270,Vasiliy,Chvatal,9999-01-01,Staff
443297,Krister,Egerstedt,9999-01-01,Senior Engineer
443303,Nadjib,Fadgyas,9999-01-01,Senior Staff
443306,Mechthild,Sifakis,9999-01-01,Senior Engineer
443307,Alagu,Bennis,9999-01-01,Senior Engineer
443320,Kenton,Bugrara,9999-01-01,Senior Staff
443325,Rasiah,Stanger,9999-01-01,Senior Staff
443332,Leandro,Birsak,9999-01-01,Engineer
443349,Pantung,Lorch,9999-01-01,Senior Staff
443390,Arfst,Marwedel,9999-01-01,Senior Staff
443404,Xiaoheng,Feldhoffer,9999-01-01,Senior Staff
443409,Elliott,Krybus,9999-01-01,Engineer
443411,Behnaam,Bahi,9999-01-01,Senior Staff
443415,Murthy,Oxman,9999-01-01,Staff
443419,Kazuyasu,Ernst,9999-01-01,Senior Engineer
443449,Vasiliy,Hasenauer,9999-01-01,Senior Engineer
443450,Shawna,Denti,9999-01-01,Senior Staff
443457,Kazuhisa,Demke,9999-01-01,Staff
443470,Valeri,Murtha,9999-01-01,Senior Staff
443510,Martial,Poupard,9999-01-01,Engineer
443554,Yolla,Klyachko,9999-01-01,Engineer
443557,Ute,Androutsos,9999-01-01,Staff
443562,Zorica,Panwar,9999-01-01,Engineer
443571,Siddarth,Garrabrants,9999-01-01,Staff
443573,Sanjiv,Rosiles,9999-01-01,Engineer
443591,Haldun,Lamparter,9999-01-01,Senior Engineer
443592,Dante,Wursthorn,9999-01-01,Engineer
443617,Hercules,Molberg,9999-01-01,Senior Staff
443634,Conor,Cusworth,9999-01-01,Engineer
443637,Mohua,Guenter,9999-01-01,Staff
443640,Martine,Rosaz,9999-01-01,Senior Engineer
443647,Serif,Feldmann,9999-01-01,Engineer
443666,Bluma,Cherinka,9999-01-01,Senior Engineer
443676,Masasuke,Gide,9999-01-01,Senior Staff
443677,TRUE,Parfitt,9999-01-01,Staff
443686,Tokuyasu,Polajnar,9999-01-01,Senior Engineer
443696,Henk,Douceur,9999-01-01,Senior Staff
443710,Margo,Stille,9999-01-01,Assistant Engineer
443713,Susumu,Besancenot,9999-01-01,Technique Leader
443715,Arif,Schonegge,9999-01-01,Senior Engineer
443717,Hugh,Erdi,9999-01-01,Senior Engineer
443733,Volkmar,Welham,9999-01-01,Senior Staff
443735,Boriana,Guenter,9999-01-01,Engineer
443737,Kazuhisa,Zolotykh,9999-01-01,Engineer
443738,Genki,Decleir,9999-01-01,Senior Engineer
443747,Sorina,Genther,9999-01-01,Senior Staff
443752,Chinhyun,Rosiles,9999-01-01,Technique Leader
443759,Branimir,Comte,9999-01-01,Senior Staff
443762,Masamitsu,Suomi,9999-01-01,Staff
443766,Van,Peot,9999-01-01,Senior Engineer
443797,Nirmal,Armand,9999-01-01,Engineer
443801,Yefim,Gopalakrishnan,9999-01-01,Staff
443823,Chaitali,Axelband,9999-01-01,Senior Staff
443829,Taiji,Baez,9999-01-01,Senior Engineer
443836,Teruyuki,Swiss,9999-01-01,Engineer
443838,Rimon,McClure,9999-01-01,Staff
443840,Oguz,Fairtlough,9999-01-01,Staff
443846,Uwe,Junet,9999-01-01,Senior Engineer
443847,Leucio,Ligten,9999-01-01,Engineer
443878,Oksana,Sifakis,9999-01-01,Staff
443909,Fumiya,Detkin,9999-01-01,Senior Staff
443917,Amstein,Lores,9999-01-01,Staff
443924,Tooru,Luca,9999-01-01,Senior Engineer
443925,Franziska,Jenevein,9999-01-01,Senior Engineer
443927,Geoffrey,Codenie,9999-01-01,Senior Staff
443928,Navid,Zschoche,9999-01-01,Engineer
443930,Pramod,Schaft,9999-01-01,Engineer
443942,Kwan,Heystek,9999-01-01,Senior Staff
443945,Shimshon,Meriste,9999-01-01,Senior Staff
443967,Valery,Nourani,9999-01-01,Senior Staff
443971,Dannz,Schreiter,9999-01-01,Engineer
443979,Wayne,Oaver,9999-01-01,Senior Engineer
443980,Sibyl,Geffroy,9999-01-01,Senior Staff
443986,Munenori,Tischendorf,9999-01-01,Senior Staff
443996,JiYoung,Suomi,9999-01-01,Senior Staff
444004,Adit,Baig,9999-01-01,Senior Engineer
444034,Jackson,Bernardeschi,9999-01-01,Senior Staff
444039,Kasidit,Redmiles,9999-01-01,Senior Engineer
444052,Shuky,Brobst,9999-01-01,Senior Staff
444054,Prodip,Godskesen,9999-01-01,Senior Staff
444060,Niteen,Deyuan,9999-01-01,Staff
444061,Gal,Merks,9999-01-01,Staff
444094,Radhakrishnan,Alvarado,9999-01-01,Senior Staff
444108,Ung,McClure,9999-01-01,Staff
444121,Takahito,Harllee,9999-01-01,Senior Staff
444136,Qunsheng,Straney,9999-01-01,Senior Engineer
444141,Kokou,Coombs,9999-01-01,Senior Engineer
444148,Jamaludin,Wendorf,9999-01-01,Senior Engineer
444151,Nahum,Avouris,9999-01-01,Senior Staff
444152,Nahum,Nastansky,9999-01-01,Senior Engineer
444163,Uriel,Gente,9999-01-01,Staff
444167,Tremaine,Malabarba,9999-01-01,Engineer
444173,Steve,Matteis,9999-01-01,Staff
444183,Divier,Provine,9999-01-01,Staff
444188,Ramachenga,McClure,9999-01-01,Senior Engineer
444201,Yuichiro,Constantine,9999-01-01,Senior Engineer
444203,Parke,Stassinopoulos,9999-01-01,Senior Engineer
444209,Bluma,Shumilov,9999-01-01,Senior Engineer
444212,Van,Porotnikoff,9999-01-01,Senior Staff
444223,Krisda,Ramsay,9999-01-01,Senior Staff
444274,Bokyung,Uludag,9999-01-01,Staff
444283,Boriana,Luke,9999-01-01,Staff
444286,Kien,Lamba,9999-01-01,Staff
444299,Moie,Cyre,9999-01-01,Senior Staff
444312,Baocai,Polajnar,9999-01-01,Senior Engineer
444353,Mansur,Zeilberger,9999-01-01,Engineer
444370,Masanao,Genin,9999-01-01,Senior Staff
444373,Sastry,Hitomi,9999-01-01,Staff
444374,Shigehito,Swen,9999-01-01,Senior Staff
444379,Atreye,Ranka,9999-01-01,Engineer
444380,Gor,Conta,9999-01-01,Engineer
444388,Gudjon,Flexer,9999-01-01,Senior Engineer
444396,Make,Highland,9999-01-01,Engineer
444420,Gita,Ramsay,9999-01-01,Senior Engineer
444421,Chaoyi,Tsunoo,9999-01-01,Senior Staff
444435,Yahiko,Narwekar,9999-01-01,Assistant Engineer
444447,Chuanti,Leuchs,9999-01-01,Senior Staff
444450,Mohua,Terwilliger,9999-01-01,Engineer
444483,Naraig,Rahimi,9999-01-01,Engineer
444494,Hugo,Merle,9999-01-01,Staff
444496,Yuriy,Jording,9999-01-01,Senior Engineer
444501,Mostafa,Bernick,9999-01-01,Technique Leader
444503,Koichi,Garnham,9999-01-01,Engineer
444505,Hyuckchul,Auyong,9999-01-01,Engineer
444508,Kaijung,Bahl,9999-01-01,Staff
444521,Lijie,Vecchi,9999-01-01,Senior Engineer
444551,Ipke,Gien,9999-01-01,Senior Staff
444553,Nikolaus,Gluchowski,9999-01-01,Senior Staff
444558,Ebru,Maliniak,9999-01-01,Engineer
444560,Jeane,Kilgour,9999-01-01,Senior Engineer
444568,Valter,Kroll,9999-01-01,Staff
444575,Masaru,Thummel,9999-01-01,Senior Staff
444590,Bouchung,Ranft,9999-01-01,Senior Engineer
444595,Masako,Papadias,9999-01-01,Senior Engineer
444605,Iara,Skafidas,9999-01-01,Senior Staff
444621,Persi,Hardjono,9999-01-01,Staff
444626,Ingemar,Heiserman,9999-01-01,Senior Staff
444641,Unal,Zallocco,9999-01-01,Assistant Engineer
444650,Cristinel,Ghelli,9999-01-01,Senior Engineer
444659,Adit,Orsini,9999-01-01,Senior Staff
444662,Huan,Olivero,9999-01-01,Engineer
444664,Odysseas,Horswill,9999-01-01,Staff
444673,Taisook,Kruskal,9999-01-01,Senior Staff
444687,Mokhtar,Braccini,9999-01-01,Engineer
444691,Arunachalam,Boreale,9999-01-01,Senior Staff
444694,Perry,Peac,9999-01-01,Staff
444697,Fuqing,Emden,9999-01-01,Senior Engineer
444707,Brewster,Huhdanpaa,9999-01-01,Senior Staff
444720,Junichi,Rosin,9999-01-01,Senior Staff
444722,Ibibia,Hiraishi,9999-01-01,Senior Engineer
444734,Shietung,Ertl,9999-01-01,Senior Engineer
444735,Phule,Hashii,9999-01-01,Senior Staff
444736,Rosli,McClure,9999-01-01,Engineer
444738,Takahira,Gargeya,9999-01-01,Senior Staff
444742,Moriyoshi,Fadgyas,9999-01-01,Staff
444758,Waiman,Hashii,9999-01-01,Engineer
444760,Kazuhiko,Brodie,9999-01-01,Staff
444771,Manton,Preusig,9999-01-01,Senior Engineer
444774,Remko,Benveniste,9999-01-01,Senior Staff
444781,Kasturi,Castellani,9999-01-01,Engineer
444814,Perry,Detkin,9999-01-01,Engineer
444829,Shuji,Redmiles,9999-01-01,Staff
444830,Rasikan,Koprowski,9999-01-01,Senior Staff
444832,Herbert,Conia,9999-01-01,Senior Engineer
444835,Mayumi,Seiwald,9999-01-01,Engineer
444837,Hinrich,Ranka,9999-01-01,Senior Engineer
444853,Mahmut,Schoegge,9999-01-01,Senior Staff
444858,Rosli,Fandrianto,9999-01-01,Staff
444867,Valter,Marshall,9999-01-01,Senior Staff
444871,Shao,Suppi,9999-01-01,Staff
444882,Masoud,Cronau,9999-01-01,Senior Engineer
444892,Eishiro,Stafford,9999-01-01,Engineer
444907,Sigeru,Manders,9999-01-01,Senior Engineer
444922,Jordanka,Naudin,9999-01-01,Senior Staff
444934,Oddvar,Attimonelli,9999-01-01,Staff
444946,Toshimori,Erva,9999-01-01,Engineer
444957,Anneke,Demeyer,9999-01-01,Engineer
444978,Subbu,Poupard,9999-01-01,Senior Staff
444979,Takahira,Iisaku,9999-01-01,Engineer
444986,Masaki,Eldridge,9999-01-01,Staff
445010,Yuqun,Brobst,9999-01-01,Senior Engineer
445013,Douadi,Rodier,9999-01-01,Senior Engineer
445020,Renny,Ligten,9999-01-01,Staff
445023,Tadahiro,Dredge,9999-01-01,Staff
445026,Kitty,Kohling,9999-01-01,Senior Engineer
445035,Ugo,Brodal,9999-01-01,Senior Engineer
445039,Manu,Stemann,9999-01-01,Senior Staff
445046,Hercules,Kusakari,9999-01-01,Engineer
445050,Yongmin,Condotta,9999-01-01,Senior Staff
445065,Sandeepan,Heinisuo,9999-01-01,Senior Engineer
445076,Limsoon,Holburn,9999-01-01,Senior Staff
445077,Parke,Marquardt,9999-01-01,Senior Staff
445080,Toshimi,Takanami,9999-01-01,Senior Engineer
445082,Gro,Iacovou,9999-01-01,Senior Staff
445085,Chenxi,Chorvat,9999-01-01,Senior Staff
445093,Masaru,Oskamp,9999-01-01,Senior Staff
445102,Niteen,Baak,9999-01-01,Senior Engineer
445110,Heeju,Beerel,9999-01-01,Engineer
445122,Brendon,Farrow,9999-01-01,Staff
445124,Mariusz,Comyn,9999-01-01,Engineer
445126,Sedat,Sadowski,9999-01-01,Senior Engineer
445132,Yinlin,Bisiani,9999-01-01,Engineer
445137,Uinam,Burnard,9999-01-01,Senior Engineer
445138,Janalee,Muhling,9999-01-01,Engineer
445139,Yahiko,Oskamp,9999-01-01,Senior Staff
445160,Rimli,Eiron,9999-01-01,Engineer
445163,Saeed,Karunanithi,9999-01-01,Senior Staff
445176,Berni,Leuchs,9999-01-01,Engineer
445181,Steve,Ranft,9999-01-01,Engineer
445182,Subhankar,Kitai,9999-01-01,Senior Staff
445190,Nimmagadda,Millington,9999-01-01,Staff
445202,Gudjon,Sanella,9999-01-01,Senior Engineer
445210,Qingxiang,Biron,9999-01-01,Technique Leader
445218,Gino,Decaestecker,9999-01-01,Staff
445220,Florina,Luft,9999-01-01,Staff
445223,Sachin,Ruemmler,9999-01-01,Staff
445228,Yucel,Pietracaprina,9999-01-01,Staff
445239,Ebru,Schapiro,9999-01-01,Senior Engineer
445240,Cordelia,Garnier,9999-01-01,Engineer
445242,Goh,Conia,9999-01-01,Staff
445248,Leandro,Bellone,9999-01-01,Technique Leader
445249,Nobuyoshi,Gargeya,9999-01-01,Senior Staff
445250,Alenka,Zaiane,9999-01-01,Senior Engineer
445251,Ingemar,Terekhov,9999-01-01,Technique Leader
445264,Yannik,Masamoto,9999-01-01,Senior Engineer
445267,Dmitri,Koblitz,9999-01-01,Senior Engineer
445274,Gou,Leonhardt,9999-01-01,Senior Staff
445283,Dmitry,Attimonelli,9999-01-01,Senior Engineer
445303,Lillian,Angel,9999-01-01,Senior Staff
445304,Francoise,Polupanov,9999-01-01,Senior Staff
445306,Arvind,Taubman,9999-01-01,Staff
445314,Adel,Caine,9999-01-01,Senior Engineer
445315,Otmar,Conde,9999-01-01,Senior Staff
445316,Moni,Straney,9999-01-01,Staff
445330,Lijie,Mitina,9999-01-01,Staff
445334,Perla,Sessa,9999-01-01,Senior Engineer
445355,Susanne,Dengi,9999-01-01,Senior Engineer
445366,Raimond,Panienski,9999-01-01,Staff
445370,Leaf,Shinomoto,9999-01-01,Senior Engineer
445371,Phillip,Tempesti,9999-01-01,Technique Leader
445381,Heekeun,Solovay,9999-01-01,Senior Staff
445389,Sariel,Begiun,9999-01-01,Engineer
445391,Tesuro,Hopewell,9999-01-01,Senior Staff
445397,Stein,Servi,9999-01-01,Engineer
445402,Hatem,Perz,9999-01-01,Staff
445410,Elvia,Brodie,9999-01-01,Senior Engineer
445412,Odinaldo,Ratzlaff,9999-01-01,Staff
445414,Subhankar,Teitelbaum,9999-01-01,Senior Staff
445416,Kasturi,Awdeh,9999-01-01,Engineer
445460,Barna,Lamma,9999-01-01,Technique Leader
445463,Gopalakrishnan,Perna,9999-01-01,Senior Staff
445479,Urs,Porotnikoff,9999-01-01,Engineer
445484,Yagil,Ventosa,9999-01-01,Senior Engineer
445493,Arvind,Ramsey,9999-01-01,Senior Engineer
445497,Jouko,Hofmeyr,9999-01-01,Staff
445499,Shem,Shumilov,9999-01-01,Senior Engineer
445501,Behnaam,Wolniewicz,9999-01-01,Technique Leader
445509,Hein,Templeman,9999-01-01,Senior Staff
445524,Djelloul,Radivojevic,9999-01-01,Senior Staff
445531,Jamaludin,Randt,9999-01-01,Senior Engineer
445534,Poorav,Picht,9999-01-01,Engineer
445546,Mandell,Encarnacion,9999-01-01,Engineer
445550,Shaz,Baik,9999-01-01,Technique Leader
445552,Ziyad,Kleiser,9999-01-01,Staff
445556,Badri,Schaar,9999-01-01,Senior Staff
445562,Alair,Pietracaprina,9999-01-01,Senior Staff
445574,Erzsebet,Murtha,9999-01-01,Engineer
445580,Mori,Lung,9999-01-01,Senior Staff
445597,Thodoros,Murthy,9999-01-01,Engineer
445600,Patricia,Schlegelmilch,9999-01-01,Engineer
445611,Chrisa,Murtafg,9999-01-01,Senior Staff
445614,Xudong,Riexinger,9999-01-01,Senior Staff
445621,Shmuel,Impagliazzo,9999-01-01,Engineer
445622,Sasan,Iisaka,9999-01-01,Staff
445626,Satoru,Lanphier,9999-01-01,Staff
445630,Bangqing,Rosch,9999-01-01,Engineer
445632,Zhiguo,Bressoud,9999-01-01,Senior Staff
445633,Michaela,Barriga,9999-01-01,Senior Engineer
445634,Erez,Chandrasekhar,9999-01-01,Staff
445654,Shietung,Hertweck,9999-01-01,Staff
445659,Jagoda,Bodoff,9999-01-01,Staff
445682,Jongsuk,Peha,9999-01-01,Staff
445688,Gunilla,Carrere,9999-01-01,Technique Leader
445689,Naraig,Shihab,9999-01-01,Senior Engineer
445701,Luigi,Naumovich,9999-01-01,Staff
445703,Badri,Murtha,9999-01-01,Staff
445715,Shooichi,Schurmann,9999-01-01,Senior Staff
445716,Sachio,Douceur,9999-01-01,Engineer
445721,Arra,Falby,9999-01-01,Senior Engineer
445728,Herb,Lorin,9999-01-01,Assistant Engineer
445742,Ayonca,Teitelbaum,9999-01-01,Engineer
445743,Nagui,Clouatre,9999-01-01,Assistant Engineer
445757,Heeju,Chiola,9999-01-01,Assistant Engineer
445760,Pohua,Schicker,9999-01-01,Engineer
445769,Theirry,Aingworth,9999-01-01,Engineer
445772,Tuval,Oehlmann,9999-01-01,Senior Engineer
445787,Conrado,Cannard,9999-01-01,Engineer
445790,Visit,Luon,9999-01-01,Engineer
445840,Marko,Czaja,9999-01-01,Staff
445844,Jeane,Slobodova,9999-01-01,Senior Engineer
445848,Qunsheng,Emden,9999-01-01,Engineer
445852,Bernt,Doering,9999-01-01,Staff
445888,Munir,Geffroy,9999-01-01,Senior Engineer
445889,Christophe,Standera,9999-01-01,Senior Engineer
445897,Oddvar,Krybus,9999-01-01,Senior Engineer
445900,Zissis,Parfitt,9999-01-01,Senior Engineer
445902,Ziyad,Dulli,9999-01-01,Senior Engineer
445910,Patricia,Fritzsche,9999-01-01,Staff
445911,JoAnne,Gide,9999-01-01,Engineer
445928,Abdulah,Ermel,9999-01-01,Senior Engineer
445931,Amabile,Falster,9999-01-01,Staff
445932,Mariusz,Schrooten,9999-01-01,Engineer
445934,Beshir,Casperson,9999-01-01,Staff
445964,Alagu,Kaelbling,9999-01-01,Technique Leader
445970,Chuanti,Polajnar,9999-01-01,Senior Staff
445985,Van,Ginesta,9999-01-01,Senior Engineer
445988,Denny,Yetto,9999-01-01,Senior Engineer
445995,Mabo,Denny,9999-01-01,Engineer
446024,Susanna,Srimani,9999-01-01,Engineer
446026,Bikash,Ritcey,9999-01-01,Senior Staff
446030,Mahmut,Peris,9999-01-01,Senior Engineer
446036,Supot,McClurg,9999-01-01,Senior Engineer
446038,Sangeeta,Ponthieu,9999-01-01,Senior Engineer
446045,Margareta,Narwekar,9999-01-01,Staff
446061,Moie,Koyama,9999-01-01,Senior Engineer
446071,Rasiah,Danner,9999-01-01,Staff
446080,Oksana,Boudaillier,9999-01-01,Staff
446083,Subir,Chiodo,9999-01-01,Technique Leader
446087,Samphel,Farris,9999-01-01,Staff
446088,Nevin,Verspoor,9999-01-01,Engineer
446089,Junsik,Serov,9999-01-01,Senior Engineer
446100,Faiza,Mitina,9999-01-01,Senior Engineer
446108,Georg,Reinhart,9999-01-01,Senior Staff
446115,Marko,Heyers,9999-01-01,Assistant Engineer
446123,Chirstian,Velasco,9999-01-01,Engineer
446128,Filipe,Rajaraman,9999-01-01,Senior Staff
446131,Carrsten,Desikan,9999-01-01,Engineer
446139,Odoardo,Schlenzig,9999-01-01,Senior Engineer
446147,Krassimir,Karunanithi,9999-01-01,Senior Staff
446178,Georg,Fiutem,9999-01-01,Engineer
446189,Kwangyoen,Muhlberg,9999-01-01,Staff
446190,Jaroslava,Baba,9999-01-01,Engineer
446193,Yoshimitsu,Gimbel,9999-01-01,Engineer
446195,Licheng,Shimshoni,9999-01-01,Senior Engineer
446209,Arumugam,Iisaka,9999-01-01,Senior Staff
446223,Gay,Perin,9999-01-01,Staff
446241,Oscar,Schrooten,9999-01-01,Senior Engineer
446243,Along,Schwartzbauer,9999-01-01,Staff
446244,Denis,Baez,9999-01-01,Staff
446259,Qingxiang,Birjandi,9999-01-01,Senior Staff
446264,Kasturi,Barriga,9999-01-01,Engineer
446274,Lucian,Penttonen,9999-01-01,Technique Leader
446276,Becky,Stroustrup,9999-01-01,Senior Staff
446283,Shrikanth,Wursthorn,9999-01-01,Senior Engineer
446285,Arto,Shanbhogue,9999-01-01,Senior Engineer
446287,Bilhanan,Nyrup,9999-01-01,Senior Engineer
446290,Itzchak,Lortz,9999-01-01,Staff
446302,Zhiguo,Siepmann,9999-01-01,Senior Engineer
446314,Yuguang,Speek,9999-01-01,Engineer
446319,Adam,Siepmann,9999-01-01,Senior Staff
446324,Marit,Matzov,9999-01-01,Assistant Engineer
446326,Basem,Peak,9999-01-01,Engineer
446328,Feixiong,Pehl,9999-01-01,Engineer
446348,Panayotis,Kalloufi,9999-01-01,Senior Staff
446350,Marl,Zolotykh,9999-01-01,Engineer
446352,Sariel,Muhlberg,9999-01-01,Senior Engineer
446355,Kiam,Vieri,9999-01-01,Engineer
446370,Bedrich,Sewelson,9999-01-01,Staff
446376,Duangkaew,DeMori,9999-01-01,Senior Staff
446380,Fumiyo,Egerstedt,9999-01-01,Staff
446391,Kauko,Camarinopoulos,9999-01-01,Engineer
446402,Goa,Snedden,9999-01-01,Engineer
446404,Malu,Luks,9999-01-01,Senior Engineer
446439,Marko,Kuszyk,9999-01-01,Engineer
446448,Lobel,Gulla,9999-01-01,Staff
446455,Mabhin,Honiden,9999-01-01,Engineer
446456,Shimshon,Usery,9999-01-01,Engineer
446468,Kagan,Lanphier,9999-01-01,Engineer
446469,Yucai,Krupka,9999-01-01,Technique Leader
446505,Lubomir,Neimat,9999-01-01,Senior Engineer
446511,Guoxiang,Hennings,9999-01-01,Staff
446512,Chiranjit,Ruther,9999-01-01,Technique Leader
446516,Kristin,Schlegelmilch,9999-01-01,Engineer
446533,Xiaoshan,Kalorkoti,9999-01-01,Engineer
446544,Conal,Kumaresan,9999-01-01,Engineer
446558,Weiyi,Braunschweig,9999-01-01,Staff
446561,Sivanarayana,Sridhar,9999-01-01,Senior Engineer
446565,Phule,Passafiume,9999-01-01,Staff
446574,Lijia,Vuskovic,9999-01-01,Staff
446602,Uzi,Reistad,9999-01-01,Senior Staff
446607,Urs,Hinsberger,9999-01-01,Senior Staff
446611,Moto,Garigliano,9999-01-01,Senior Staff
446631,Nakhoon,Biros,9999-01-01,Senior Staff
446633,Junichi,Zeidenstein,9999-01-01,Senior Engineer
446640,Stevo,Crooks,9999-01-01,Senior Staff
446645,Ferdinand,Ranst,9999-01-01,Senior Staff
446669,Gor,Pezzoli,9999-01-01,Engineer
446670,Alejandro,Gerteisen,9999-01-01,Senior Staff
446695,Filipe,Einsfeld,9999-01-01,Engineer
446727,Unal,Merks,9999-01-01,Senior Staff
446735,Taizo,Tiemann,9999-01-01,Senior Staff
446744,Vishv,Rahier,9999-01-01,Senior Engineer
446758,Chaitali,Peha,9999-01-01,Senior Staff
446768,Conor,Kroha,9999-01-01,Staff
446772,Nathan,Pettis,9999-01-01,Engineer
446788,Peer,Chaudhury,9999-01-01,Staff
446795,Cheong,Famili,9999-01-01,Senior Engineer
446801,Yolla,Kropp,9999-01-01,Senior Engineer
446802,Parviz,Rosis,9999-01-01,Engineer
446804,Hilari,Iacovou,9999-01-01,Senior Staff
446815,Zhonghui,Badr,9999-01-01,Senior Staff
446822,Patricio,Riefers,9999-01-01,Engineer
446848,Lenore,Oskamp,9999-01-01,Senior Engineer
446863,Haldon,Flowers,9999-01-01,Engineer
446871,Munenori,Brobst,9999-01-01,Engineer
446888,Ishfaq,Iisaku,9999-01-01,Senior Staff
446891,Susanta,Heuser,9999-01-01,Senior Staff
446894,Heather,Rousseau,9999-01-01,Staff
446905,Oscal,Cools,9999-01-01,Senior Staff
446931,Lihong,Openshaw,9999-01-01,Senior Engineer
446966,Shaowen,Tyugu,9999-01-01,Senior Staff
446978,Hyuckchul,Nollmann,9999-01-01,Senior Staff
446981,Yannik,Chartres,9999-01-01,Senior Staff
446982,Ipke,Siegrist,9999-01-01,Engineer
446990,Zhanqiu,Streng,9999-01-01,Senior Engineer
446991,Elgin,Polupanov,9999-01-01,Senior Engineer
447001,Moty,Beetstra,9999-01-01,Senior Engineer
447008,Zsolt,Cooman,9999-01-01,Staff
447017,Ramachenga,Vecchi,9999-01-01,Senior Engineer
447021,Shigeu,Denna,9999-01-01,Senior Staff
447023,Masaki,Joslin,9999-01-01,Technique Leader
447025,Ferdinand,Veevers,9999-01-01,Senior Engineer
447045,Xiaocheng,Baak,9999-01-01,Staff
447061,Ewing,Pluym,9999-01-01,Staff
447072,George,Mukaidono,9999-01-01,Engineer
447075,Charlene,Mellouli,9999-01-01,Senior Engineer
447076,Teruyuki,Straney,9999-01-01,Staff
447079,Dante,Stanger,9999-01-01,Senior Engineer
447081,Chinhyun,Colorni,9999-01-01,Senior Staff
447091,Suzette,Perfilyeva,9999-01-01,Staff
447092,Inderjeet,Lorho,9999-01-01,Staff
447101,Tse,Parhami,9999-01-01,Staff
447121,Girolamo,Giveon,9999-01-01,Senior Staff
447127,Shigeaki,Delaune,9999-01-01,Senior Engineer
447132,Masaru,Crelier,9999-01-01,Staff
447149,Teiji,Eppinger,9999-01-01,Senior Staff
447164,Ulises,Deverell,9999-01-01,Engineer
447194,Anneke,Rando,9999-01-01,Engineer
447195,Jaques,Ruemmler,9999-01-01,Senior Staff
447203,Gila,Lienhardt,9999-01-01,Senior Staff
447213,Adas,Warwick,9999-01-01,Senior Engineer
447215,Danae,Mullainathan,9999-01-01,Senior Engineer
447220,Inderjeet,Malinowski,9999-01-01,Senior Engineer
447238,Shigehito,Comte,9999-01-01,Senior Engineer
447240,Maja,Riefers,9999-01-01,Senior Staff
447241,Satosi,Azevdeo,9999-01-01,Senior Engineer
447242,Gino,Keustermans,9999-01-01,Engineer
447260,Ramalingam,Kalorkoti,9999-01-01,Senior Engineer
447274,Hongzhu,Journel,9999-01-01,Senior Staff
447275,Ranga,Kenevan,9999-01-01,Senior Staff
447294,Florian,Kitsuregawa,9999-01-01,Engineer
447322,Marc,Snedden,9999-01-01,Engineer
447349,Yinghua,Speel,9999-01-01,Assistant Engineer
447354,Valeska,Ghalwash,9999-01-01,Senior Engineer
447372,Bouchung,Heijenga,9999-01-01,Staff
447385,Yongqiao,Skrikant,9999-01-01,Staff
447391,Sverrir,Muhlberg,9999-01-01,Senior Staff
447395,Rosalyn,Quaggetto,9999-01-01,Senior Staff
447396,Kazuyasu,Oberman,9999-01-01,Senior Staff
447399,Brewster,Murrill,9999-01-01,Senior Engineer
447401,Perry,Feinberg,9999-01-01,Senior Staff
447413,Jayson,Schach,9999-01-01,Staff
447420,Satoru,Peot,9999-01-01,Engineer
447431,Kokou,Guting,9999-01-01,Senior Engineer
447449,Jordanka,Klyachko,9999-01-01,Staff
447454,Niteen,Improta,9999-01-01,Senior Engineer
447462,Mart,Pileggi,9999-01-01,Senior Engineer
447480,Maik,Leppanen,9999-01-01,Technique Leader
447507,Gro,Kaelbling,9999-01-01,Engineer
447530,Bodh,Zeidenstein,9999-01-01,Senior Staff
447548,Kazuhide,Cardazo,9999-01-01,Engineer
447564,Charmane,Kriebel,9999-01-01,Engineer
447565,Qunsheng,Facello,9999-01-01,Engineer
447584,Jouni,VanScheik,9999-01-01,Engineer
447614,Xinglin,Penn,9999-01-01,Engineer
447618,Sachio,Tetzlaff,9999-01-01,Staff
447622,Tokuyasu,Lipner,9999-01-01,Senior Staff
447632,Yucel,Paludetto,9999-01-01,Assistant Engineer
447635,Kitty,Ranft,9999-01-01,Staff
447637,Ung,Liesche,9999-01-01,Staff
447654,Padma,Guerreiro,9999-01-01,Senior Engineer
447656,Seongbae,Rissland,9999-01-01,Senior Engineer
447658,Fen,Ossenbruggen,9999-01-01,Senior Engineer
447665,Martien,Schaar,9999-01-01,Senior Staff
447701,Lucien,Etalle,9999-01-01,Senior Staff
447705,Giordano,Docker,9999-01-01,Staff
447727,Basem,Merel,9999-01-01,Engineer
447743,Valery,Ferretti,9999-01-01,Engineer
447748,Shooichi,Hammerschmidt,9999-01-01,Senior Engineer
447750,Fun,Engberts,9999-01-01,Senior Engineer
447764,Berna,Plotkin,9999-01-01,Technique Leader
447765,Arie,Chachaty,9999-01-01,Staff
447773,Masato,Peot,9999-01-01,Senior Engineer
447791,Huei,Pluym,9999-01-01,Staff
447800,Xiaoshan,Polupanov,9999-01-01,Staff
447808,Wanqing,Gimbel,9999-01-01,Technique Leader
447816,Abdelwaheb,Buescher,9999-01-01,Engineer
447820,Conor,Swist,9999-01-01,Technique Leader
447822,Arvind,Suomi,9999-01-01,Senior Engineer
447825,Remmert,Schueller,9999-01-01,Staff
447826,Harjit,Morris,9999-01-01,Staff
447849,Izaskun,Wissmann,9999-01-01,Senior Staff
447850,Duke,Decleir,9999-01-01,Engineer
447868,Shaw,Reeker,9999-01-01,Staff
447893,Munir,Hockney,9999-01-01,Staff
447928,Jianhao,Spell,9999-01-01,Staff
447962,Seongbin,Linares,9999-01-01,Staff
447967,Isamu,Kitai,9999-01-01,Senior Staff
447985,Sedat,Alencar,9999-01-01,Engineer
447989,Wojceich,Gini,9999-01-01,Staff
448008,Shem,Taubenfeld,9999-01-01,Senior Engineer
448014,Kristof,Selenyi,9999-01-01,Engineer
448025,Vitaly,Rosis,9999-01-01,Staff
448030,Kagan,Serna,9999-01-01,Senior Staff
448037,Niclas,Trachtenberg,9999-01-01,Senior Engineer
448044,Yakkov,Stille,9999-01-01,Engineer
448047,Xinyu,Gini,9999-01-01,Engineer
448054,Franziska,Imataki,9999-01-01,Senior Engineer
448079,Ingmar,Benaini,9999-01-01,Senior Engineer
448089,Xiong,Kalloufi,9999-01-01,Technique Leader
448096,Aksel,Rouquie,9999-01-01,Technique Leader
448102,Tamiya,Wissmann,9999-01-01,Senior Engineer
448124,Hongzhu,Roohalamini,9999-01-01,Staff
448131,Aloys,Akaboshi,9999-01-01,Staff
448136,Garnik,Ushiama,9999-01-01,Senior Engineer
448138,Izaskun,Welham,9999-01-01,Senior Engineer
448154,Nahid,Ramsay,9999-01-01,Senior Engineer
448156,Xuejia,Spataro,9999-01-01,Staff
448166,Bangqing,Schneeberger,9999-01-01,Senior Staff
448210,Marc,Hoppenstand,9999-01-01,Senior Engineer
448211,Shim,Dratva,9999-01-01,Senior Engineer
448214,Sumant,Morton,9999-01-01,Senior Engineer
448235,Giao,Flowers,9999-01-01,Senior Staff
448237,Chenxi,Tagansky,9999-01-01,Staff
448250,Susumu,Teitelbaum,9999-01-01,Senior Staff
448254,Hironobu,Gischer,9999-01-01,Engineer
448258,Fatemeh,Rusterholz,9999-01-01,Staff
448260,Gad,Garnick,9999-01-01,Staff
448282,Rosine,Peek,9999-01-01,Engineer
448287,Neven,Wynblatt,9999-01-01,Senior Staff
448297,Nahum,Ghelli,9999-01-01,Senior Staff
448307,Sibyl,Walstra,9999-01-01,Staff
448309,Yahiko,Socorro,9999-01-01,Engineer
448313,Chinhyun,Carrere,9999-01-01,Senior Staff
448323,Dipayan,Kadhim,9999-01-01,Engineer
448327,Zhonghui,Roccetti,9999-01-01,Staff
448328,Dipayan,Kavraki,9999-01-01,Senior Staff
448334,Rasikan,Turnbull,9999-01-01,Engineer
448352,Arnould,Takanami,9999-01-01,Engineer
448357,Parviz,Munch,9999-01-01,Engineer
448359,Nirmal,Comellas,9999-01-01,Engineer
448362,Denis,Erol,9999-01-01,Senior Staff
448363,Elrique,Duclos,9999-01-01,Engineer
448364,Xuedong,Sinitsyn,9999-01-01,Senior Engineer
448365,Domenico,Bernatsky,9999-01-01,Senior Staff
448369,Mohit,Ghelli,9999-01-01,Senior Engineer
448388,Shaleah,Gluchowski,9999-01-01,Engineer
448394,Parke,Atchley,9999-01-01,Senior Staff
448400,Mokhtar,Kakkad,9999-01-01,Senior Engineer
448406,Masami,Kitsuregawa,9999-01-01,Engineer
448433,IEEE,Zastre,9999-01-01,Engineer
448438,Bangqing,Anguita,9999-01-01,Senior Engineer
448440,Idoia,Bala,9999-01-01,Staff
448444,KayLiang,Armand,9999-01-01,Staff
448452,Zsolt,Flowers,9999-01-01,Staff
448460,Selwyn,Kuszyk,9999-01-01,Engineer
448466,Basil,Zockler,9999-01-01,Senior Staff
448471,Piyawadee,Luks,9999-01-01,Engineer
448475,Marl,Braunmuhl,9999-01-01,Staff
448478,Ulf,Stanger,9999-01-01,Engineer
448483,Snehasis,Tempesti,9999-01-01,Engineer
448495,Goncalo,Scharstein,9999-01-01,Senior Engineer
448498,Ishfaq,Joslin,9999-01-01,Senior Engineer
448510,Candido,Bratsberg,9999-01-01,Senior Engineer
448524,Kwangsub,Akazan,9999-01-01,Engineer
448535,Francesca,Hiroyama,9999-01-01,Engineer
448554,Sushant,Swiss,9999-01-01,Engineer
448563,Kensei,Terlouw,9999-01-01,Assistant Engineer
448565,Herb,Linares,9999-01-01,Engineer
448566,Subhada,Milicia,9999-01-01,Senior Engineer
448570,Yechiam,Figueira,9999-01-01,Senior Staff
448572,Shigeu,Szilard,9999-01-01,Senior Engineer
448583,Leon,Wolniewicz,9999-01-01,Engineer
448585,Shin,Makrucki,9999-01-01,Engineer
448606,Khoa,Zastre,9999-01-01,Senior Staff
448623,Tetsurou,Taubman,9999-01-01,Engineer
448632,Chikako,Hiroyama,9999-01-01,Senior Engineer
448639,Pintsang,Zobel,9999-01-01,Technique Leader
448647,Rosalie,dAstous,9999-01-01,Senior Engineer
448664,Mori,Khamsi,9999-01-01,Technique Leader
448681,Fayez,Gini,9999-01-01,Senior Staff
448692,Sukumar,Weisert,9999-01-01,Senior Staff
448697,Mototsugu,Pietracaprina,9999-01-01,Technique Leader
448707,Laurentiu,Basart,9999-01-01,Senior Staff
448744,Eishiro,Dichev,9999-01-01,Senior Engineer
448749,Utz,Hasenauer,9999-01-01,Engineer
448755,Masaki,Reeker,9999-01-01,Engineer
448759,Luigi,Bojadziev,9999-01-01,Senior Engineer
448762,Hirochika,Lakshmanan,9999-01-01,Staff
448766,Yinghua,Fabrizio,9999-01-01,Senior Engineer
448775,Arnould,Buescher,9999-01-01,Senior Engineer
448779,Alair,Gelosh,9999-01-01,Senior Engineer
448781,Luigi,Heering,9999-01-01,Senior Engineer
448785,Mostafa,Terwilliger,9999-01-01,Senior Engineer
448795,Jolita,Brlek,9999-01-01,Staff
448799,Shahab,Socorro,9999-01-01,Senior Staff
448808,Yannik,Adachi,9999-01-01,Engineer
448810,Tomofumi,Kropp,9999-01-01,Senior Staff
448813,Khosrow,Mullainathan,9999-01-01,Staff
448818,Alejandra,Maginnis,9999-01-01,Senior Staff
448835,Chikako,Benzmuller,9999-01-01,Engineer
448846,Abdulla,Lipner,9999-01-01,Staff
448858,Takahiro,Emmart,9999-01-01,Senior Staff
448860,Jixiang,Gecseg,9999-01-01,Senior Engineer
448861,Odysseas,Noriega,9999-01-01,Senior Engineer
448870,Sadegh,Dymetman,9999-01-01,Staff
448877,Poornachandra,Pehl,9999-01-01,Staff
448894,Rildo,Kugler,9999-01-01,Technique Leader
448899,Rance,Mattern,9999-01-01,Engineer
448908,Mountaz,Rehfuss,9999-01-01,Senior Engineer
448914,Vesna,Atrawala,9999-01-01,Staff
448928,Heon,Birch,9999-01-01,Senior Engineer
448929,Dinkar,Tyugu,9999-01-01,Senior Staff
448936,IEEE,Zongker,9999-01-01,Engineer
448941,Pascal,Rothenberg,9999-01-01,Staff
448947,Lijie,Douceur,9999-01-01,Senior Engineer
448957,Lene,Unno,9999-01-01,Senior Staff
448967,Nidapan,Lindenbaum,9999-01-01,Senior Staff
448974,Marlo,Vickson,9999-01-01,Senior Engineer
449013,Xiping,Collette,9999-01-01,Senior Staff
449023,Jinpo,Kuhnemann,9999-01-01,Senior Staff
449026,Geoff,Nergos,9999-01-01,Senior Staff
449028,Xuedong,Bhattacharjee,9999-01-01,Senior Engineer
449058,Tsutomu,Coney,9999-01-01,Senior Staff
449060,Erzsebet,Kroon,9999-01-01,Senior Staff
449069,Gilbert,Gadepally,9999-01-01,Engineer
449075,Aran,Lund,9999-01-01,Senior Engineer
449077,Cathie,Molenaar,9999-01-01,Senior Staff
449082,Barry,Merey,9999-01-01,Senior Engineer
449087,Khalid,Eppinger,9999-01-01,Staff
449103,Minghong,Mandelberg,9999-01-01,Engineer
449105,Jiakeng,Riesenhuber,9999-01-01,Technique Leader
449111,Syozo,Scharstein,9999-01-01,Senior Engineer
449115,Kellyn,Levasseur,9999-01-01,Senior Staff
449116,Rosli,Ranft,9999-01-01,Engineer
449117,Fumitake,Genin,9999-01-01,Senior Staff
449119,Tomofumi,Brickell,9999-01-01,Engineer
449121,Gil,Taubenfeld,9999-01-01,Staff
449139,Moni,Melton,9999-01-01,Senior Engineer
449141,Yuqun,Szmurlo,9999-01-01,Engineer
449170,Serenella,Mellouli,9999-01-01,Staff
449171,Divier,Luiz,9999-01-01,Staff
449181,Frederique,Tagansky,9999-01-01,Senior Engineer
449194,Francesca,Sanella,9999-01-01,Engineer
449207,Takanari,Quaggetto,9999-01-01,Senior Engineer
449213,Jordanka,Swift,9999-01-01,Staff
449215,Arvind,Trumbly,9999-01-01,Staff
449223,Gad,Peak,9999-01-01,Senior Staff
449226,Shahid,Caine,9999-01-01,Engineer
449235,Jaewoo,Rodite,9999-01-01,Senior Staff
449237,Conal,Beutelspacher,9999-01-01,Staff
449242,Basant,Chinen,9999-01-01,Senior Staff
449246,Bilhanan,Kamber,9999-01-01,Staff
449253,Iara,Tiemann,9999-01-01,Technique Leader
449261,Hidefumi,Baaleh,9999-01-01,Engineer
449262,Woody,Slobodova,9999-01-01,Senior Engineer
449263,Aemilian,Leaver,9999-01-01,Senior Staff
449264,Martins,Serra,9999-01-01,Staff
449275,Cedric,Matzen,9999-01-01,Engineer
449276,Geoff,Milicic,9999-01-01,Senior Engineer
449285,Zhenhua,Lambe,9999-01-01,Senior Engineer
449290,Snehasis,Comellas,9999-01-01,Senior Engineer
449300,Uwe,Benaini,9999-01-01,Senior Engineer
449318,Khue,DuBourdieux,9999-01-01,Engineer
449323,Woody,Fujisawa,9999-01-01,Engineer
449325,Xinan,Hebert,9999-01-01,Engineer
449359,Arvind,Dratva,9999-01-01,Assistant Engineer
449363,Marco,Schahn,9999-01-01,Senior Engineer
449369,Halsur,Litzler,9999-01-01,Senior Engineer
449379,Val,Grandbois,9999-01-01,Engineer
449381,Visit,Hennebert,9999-01-01,Staff
449386,Kwan,Montemayor,9999-01-01,Senior Staff
449387,Mokhtar,Valette,9999-01-01,Engineer
449400,Jouko,Gluchowski,9999-01-01,Staff
449411,Sverrir,Kading,9999-01-01,Engineer
449436,Hitofumi,Paciorek,9999-01-01,Staff
449450,Basim,Rijsenbrij,9999-01-01,Staff
449459,Pohua,Bakhtari,9999-01-01,Assistant Engineer
449477,Jaroslava,Zykh,9999-01-01,Engineer
449485,Along,Murtafg,9999-01-01,Engineer
449489,Naftaly,Hertweck,9999-01-01,Senior Staff
449491,Chinho,Farrel,9999-01-01,Senior Staff
449496,Rimli,Hofmeyr,9999-01-01,Senior Engineer
449504,Chaitali,Porenta,9999-01-01,Senior Engineer
449506,Mohit,Nanard,9999-01-01,Senior Engineer
449507,Teruyuki,Back,9999-01-01,Staff
449518,Berni,Krupka,9999-01-01,Senior Staff
449520,Navid,Mansanne,9999-01-01,Staff
449521,Tristan,Kalloufi,9999-01-01,Senior Engineer
449526,Sham,Pargaonkar,9999-01-01,Senior Engineer
449528,Feipei,Beilner,9999-01-01,Engineer
449530,Moni,Lamba,9999-01-01,Staff
449540,Wayne,Millington,9999-01-01,Engineer
449577,Serap,Brobst,9999-01-01,Staff
449581,Chuanti,Stamatiou,9999-01-01,Senior Staff
449596,Shigeu,Ernst,9999-01-01,Senior Staff
449599,Aloke,Baig,9999-01-01,Senior Staff
449604,Ottavia,Varman,9999-01-01,Engineer
449621,Ashish,Noriega,9999-01-01,Senior Staff
449641,Chiranjit,Demizu,9999-01-01,Senior Staff
449645,Gou,Kragelund,9999-01-01,Senior Staff
449657,Cathie,Serre,9999-01-01,Senior Staff
449661,Bartek,Raney,9999-01-01,Staff
449664,Toshimitsu,Wielonsky,9999-01-01,Engineer
449675,Ottavia,Frezza,9999-01-01,Staff
449684,Yinghua,Pleszkun,9999-01-01,Staff
449692,Idoia,Vidya,9999-01-01,Senior Staff
449693,Teruyuki,Angiulli,9999-01-01,Senior Engineer
449704,Ziyad,Garnier,9999-01-01,Staff
449710,Lokesh,Beznosov,9999-01-01,Technique Leader
449711,Florina,Verhaegen,9999-01-01,Senior Engineer
449745,Jeong,Imataki,9999-01-01,Staff
449783,Conal,Uhrig,9999-01-01,Technique Leader
449784,Kersti,Zwicker,9999-01-01,Senior Engineer
449803,Ottavia,Landherr,9999-01-01,Staff
449816,Mariangiola,Lanzelotte,9999-01-01,Senior Staff
449835,Etsuo,Armand,9999-01-01,Engineer
449838,Abdelaziz,Cmelik,9999-01-01,Engineer
449847,Junichi,Garnier,9999-01-01,Senior Engineer
449865,Shalesh,Puppo,9999-01-01,Senior Engineer
449880,Charlene,Ermel,9999-01-01,Senior Engineer
449887,Elzbieta,Lorcy,9999-01-01,Engineer
449897,Navid,Dichev,9999-01-01,Senior Staff
449903,Teruyuki,Billingsley,9999-01-01,Senior Staff
449915,Vasiliy,Maierhofer,9999-01-01,Engineer
449916,Zhonghua,Leslie,9999-01-01,Senior Engineer
449920,Domenico,Koblick,9999-01-01,Engineer
449928,Muzhong,Malinowski,9999-01-01,Senior Staff
449945,Shuzo,Peris,9999-01-01,Engineer
449950,Shen,Rissland,9999-01-01,Assistant Engineer
449957,Gen,Marrevee,9999-01-01,Senior Staff
449961,Diederik,Swist,9999-01-01,Engineer
449962,Marsal,Heystek,9999-01-01,Staff
449965,Gaetan,Gilg,9999-01-01,Staff
449988,Masami,Teitelbaum,9999-01-01,Staff
449992,Barry,Azevdeo,9999-01-01,Engineer
449996,Georg,Kavvadias,9999-01-01,Engineer
450003,Malu,Merlo,9999-01-01,Senior Engineer
450012,Byong,Ashish,9999-01-01,Senior Engineer
450032,Oguz,Weedon,9999-01-01,Engineer
450038,Godehard,Gecsei,9999-01-01,Senior Staff
450039,Anyuan,Lunt,9999-01-01,Senior Staff
450047,Yonghong,Porenta,9999-01-01,Engineer
450048,Frazer,Bondorf,9999-01-01,Staff
450078,Ranan,Itzigehl,9999-01-01,Staff
450086,Stamatina,Baer,9999-01-01,Staff
450095,Kolar,Cheshire,9999-01-01,Staff
450114,Duro,Erdmenger,9999-01-01,Senior Staff
450125,Zongyan,Kossowski,9999-01-01,Senior Staff
450133,Masanao,Preusig,9999-01-01,Staff
450138,Kensyu,Schueller,9999-01-01,Engineer
450147,Yongdong,Farris,9999-01-01,Senior Staff
450170,Taiji,Constantine,9999-01-01,Engineer
450192,Sachem,Ghalwash,9999-01-01,Staff
450194,Atreyi,Montresor,9999-01-01,Senior Staff
450196,Zeydy,Picht,9999-01-01,Senior Engineer
450197,Macha,Schapire,9999-01-01,Staff
450208,Rosalie,Leijenhorst,9999-01-01,Staff
450216,Ziya,Herath,9999-01-01,Engineer
450217,Petter,Gluchowski,9999-01-01,Senior Engineer
450219,Xiaoheng,Gruenwald,9999-01-01,Senior Staff
450239,Tokuyasu,Pardalos,9999-01-01,Staff
450243,Mayumi,Undy,9999-01-01,Assistant Engineer
450248,Nigel,Zaiane,9999-01-01,Engineer
450264,Aloke,Socorro,9999-01-01,Technique Leader
450287,Christophe,Kinley,9999-01-01,Senior Staff
450288,Angus,Braunschweig,9999-01-01,Senior Engineer
450305,Janche,Ghelli,9999-01-01,Engineer
450306,Idoia,Gurbaxani,9999-01-01,Engineer
450319,Abdelwaheb,Panienski,9999-01-01,Engineer
450322,Hsiangchu,Melichar,9999-01-01,Engineer
450347,Otilia,Lamba,9999-01-01,Senior Engineer
450354,Yagil,Cesareni,9999-01-01,Senior Staff
450360,Moriyoshi,Schmittgen,9999-01-01,Engineer
450384,Raimond,Anido,9999-01-01,Senior Engineer
450405,Radoslaw,Grospietsch,9999-01-01,Engineer
450409,Marla,Babb,9999-01-01,Senior Engineer
450412,Kazuhiro,Raney,9999-01-01,Senior Engineer
450422,Tayeb,Ebeling,9999-01-01,Engineer
450438,Anestis,Cooke,9999-01-01,Senior Engineer
450444,Gil,Vakili,9999-01-01,Senior Staff
450449,Saddek,Pagter,9999-01-01,Senior Staff
450454,Shichao,Ranft,9999-01-01,Senior Staff
450457,Fun,Ranka,9999-01-01,Senior Staff
450467,Sachin,Linares,9999-01-01,Senior Engineer
450468,Aimee,Lakshmanan,9999-01-01,Assistant Engineer
450479,Yonghong,Bressoud,9999-01-01,Senior Staff
450480,Macha,Speer,9999-01-01,Senior Engineer
450486,Jaewoo,Schwartzburd,9999-01-01,Staff
450495,Isaac,Boguraev,9999-01-01,Assistant Engineer
450496,Shuji,Rosti,9999-01-01,Senior Engineer
450497,Shietung,Molberg,9999-01-01,Senior Engineer
450498,Reinhard,Ciolek,9999-01-01,Engineer
450524,Pantung,Naumovich,9999-01-01,Senior Staff
450535,Hauke,Beutelspacher,9999-01-01,Engineer
450542,Hein,Encarnacion,9999-01-01,Engineer
450549,Hyuckchul,Sudbeck,9999-01-01,Senior Staff
450556,Douadi,Zolotykh,9999-01-01,Engineer
450563,Saddek,Ishibashi,9999-01-01,Senior Engineer
450573,Jolita,Nyrup,9999-01-01,Staff
450585,Gaetan,Remmele,9999-01-01,Senior Staff
450594,Torsten,Morrey,9999-01-01,Staff
450596,Dante,Jiafu,9999-01-01,Engineer
450599,Kagan,Rahimi,9999-01-01,Senior Staff
450611,Yuping,Siprelle,9999-01-01,Engineer
450622,Xuejun,Undy,9999-01-01,Senior Staff
450623,Mostafa,Schiper,9999-01-01,Staff
450625,Conrado,Calkin,9999-01-01,Senior Engineer
450645,Niteen,Tsukuda,9999-01-01,Senior Staff
450665,Navid,Oehlmann,9999-01-01,Staff
450667,Martine,Karner,9999-01-01,Senior Engineer
450670,Udo,Haumacher,9999-01-01,Engineer
450683,Kayoko,Genther,9999-01-01,Staff
450689,Sivanarayana,Gill,9999-01-01,Senior Staff
450709,Shaz,Nooteboom,9999-01-01,Staff
450735,Chaitali,Naumovich,9999-01-01,Staff
450737,Hailing,Krychniak,9999-01-01,Senior Staff
450748,Barun,Swist,9999-01-01,Engineer
450768,Lech,Erdi,9999-01-01,Engineer
450771,Lillian,Shanbhogue,9999-01-01,Senior Staff
450783,Sigeru,Turnbull,9999-01-01,Staff
450798,Margareta,Lorys,9999-01-01,Engineer
450799,Sugwoo,Peac,9999-01-01,Senior Staff
450812,Feiyu,Gerteisen,9999-01-01,Engineer
450822,Wuxu,Furedi,9999-01-01,Engineer
450826,Guoxiang,Farrar,9999-01-01,Staff
450829,Along,Schiper,9999-01-01,Senior Staff
450834,Boguslaw,Pelz,9999-01-01,Senior Engineer
450836,Magy,Byoun,9999-01-01,Staff
450838,Vasiliy,Demri,9999-01-01,Staff
450842,Charmane,Danner,9999-01-01,Assistant Engineer
450860,Angus,Billingsley,9999-01-01,Staff
450874,Sven,Rebaine,9999-01-01,Engineer
450878,Djelloul,Cannata,9999-01-01,Senior Engineer
450893,Ulises,Gerlach,9999-01-01,Staff
450910,Niranjan,Bodoff,9999-01-01,Senior Staff
450927,Bernice,Hempstead,9999-01-01,Engineer
450931,IEEE,Stentiford,9999-01-01,Staff
450959,Premsyl,Kusalik,9999-01-01,Engineer
450982,Takahiro,Spieker,9999-01-01,Senior Engineer
450985,Florian,Langford,9999-01-01,Senior Engineer
450990,Randi,Ramras,9999-01-01,Senior Staff
451001,Kitty,Bottner,9999-01-01,Senior Staff
451002,Fumino,Bahk,9999-01-01,Senior Engineer
451007,Mingzeng,Jeong,9999-01-01,Staff
451010,Ger,Schusler,9999-01-01,Senior Engineer
451020,Abdelwaheb,Masada,9999-01-01,Senior Staff
451028,Zengping,Bahr,9999-01-01,Senior Staff
451031,Tetsushi,Thimonier,9999-01-01,Senior Staff
451038,Genki,Lorie,9999-01-01,Staff
451040,Taisook,Backhouse,9999-01-01,Engineer
451062,Badri,Narwekar,9999-01-01,Engineer
451063,Sibyl,Irland,9999-01-01,Engineer
451068,Howell,Collavizza,9999-01-01,Staff
451073,Sedat,Couchot,9999-01-01,Senior Staff
451074,Masaru,Kowalchuk,9999-01-01,Engineer
451088,Constantine,Vuskovic,9999-01-01,Engineer
451098,Pragnesh,Fujisaki,9999-01-01,Assistant Engineer
451100,Moheb,Schlumberger,9999-01-01,Senior Engineer
451115,Zejun,Wrigley,9999-01-01,Senior Engineer
451131,Alejandra,Jervis,9999-01-01,Staff
451152,Susanna,Auria,9999-01-01,Senior Engineer
451155,Kolar,Anguita,9999-01-01,Senior Engineer
451164,Shahaf,Pargaonkar,9999-01-01,Staff
451166,Kazuyasu,Spataro,9999-01-01,Engineer
451168,Licheng,Welham,9999-01-01,Senior Staff
451173,Aloke,Lorie,9999-01-01,Staff
451180,JiYoung,Suppi,9999-01-01,Staff
451199,Masanao,Fraisse,9999-01-01,Senior Staff
451204,Rutger,Ranon,9999-01-01,Senior Staff
451208,Taegyun,Versino,9999-01-01,Engineer
451217,Changho,Nergos,9999-01-01,Senior Staff
451228,Zhanqiu,Ghemri,9999-01-01,Senior Staff
451230,Dipankar,Taubman,9999-01-01,Senior Staff
451234,Jingling,Glowinski,9999-01-01,Staff
451242,Ronghao,Reutenauer,9999-01-01,Engineer
451251,Anneli,Itschner,9999-01-01,Senior Staff
451257,Foong,Muniz,9999-01-01,Assistant Engineer
451270,Harngdar,Uludag,9999-01-01,Senior Engineer
451278,Ebru,Rosca,9999-01-01,Assistant Engineer
451286,Karoline,Shigei,9999-01-01,Engineer
451287,Kwangyoen,Lally,9999-01-01,Senior Engineer
451297,Gian,Suri,9999-01-01,Engineer
451313,Xiong,Chinin,9999-01-01,Senior Engineer
451334,Gil,Snedden,9999-01-01,Staff
451348,Mayuko,Vanwelkenhuysen,9999-01-01,Senior Staff
451361,Kristen,Petersohn,9999-01-01,Senior Staff
451364,Maia,Raney,9999-01-01,Engineer
451366,Sudhanshu,Heystek,9999-01-01,Technique Leader
451390,Youngkon,Itzigehl,9999-01-01,Senior Staff
451392,Sachar,Sadowski,9999-01-01,Senior Staff
451402,Rosella,Herber,9999-01-01,Engineer
451403,Kristen,Heuser,9999-01-01,Engineer
451416,Tru,Baig,9999-01-01,Senior Staff
451422,Ranga,Mundy,9999-01-01,Staff
451426,Tetsushi,Nitsche,9999-01-01,Senior Engineer
451441,Sahrah,Rijckaert,9999-01-01,Staff
451468,Ramalingam,Murrill,9999-01-01,Engineer
451482,Cathie,Molenkamp,9999-01-01,Engineer
451487,Shunichi,Iivonen,9999-01-01,Senior Staff
451488,Kshitij,Shackel,9999-01-01,Senior Engineer
451495,Kristin,Schrift,9999-01-01,Staff
451497,Jayson,Haraldson,9999-01-01,Senior Staff
451499,Ramya,Porenta,9999-01-01,Staff
451527,Baoqiu,Matzov,9999-01-01,Senior Staff
451534,Shahid,Vrecion,9999-01-01,Staff
451548,Mari,Sridhar,9999-01-01,Staff
451565,Vishv,Shimshoni,9999-01-01,Engineer
451567,Utz,Barreiro,9999-01-01,Staff
451579,Hyuncheol,Narahari,9999-01-01,Senior Engineer
451589,Angus,Naudin,9999-01-01,Senior Staff
451595,Kersti,Przulj,9999-01-01,Staff
451600,Abdelaziz,Thisen,9999-01-01,Senior Engineer
451606,Tesuro,Rosenbaum,9999-01-01,Senior Staff
451611,Dulce,Rouquie,9999-01-01,Senior Engineer
451621,Premsyl,Shimshoni,9999-01-01,Senior Engineer
451635,Bangqing,Pehl,9999-01-01,Staff
451637,Gudjon,Polajnar,9999-01-01,Technique Leader
451642,JoAnne,Hiyoshi,9999-01-01,Senior Engineer
451651,Margareta,Angel,9999-01-01,Staff
451665,Jingling,Berstel,9999-01-01,Staff
451701,Marsal,Hardjono,9999-01-01,Engineer
451707,Sampalli,Conte,9999-01-01,Senior Staff
451712,Poorav,Eldridge,9999-01-01,Senior Staff
451751,Kwan,Hasham,9999-01-01,Staff
451754,Arnould,Krupka,9999-01-01,Engineer
451768,Jianhao,Pettey,9999-01-01,Senior Staff
451776,Ravishankar,Coombs,9999-01-01,Senior Staff
451790,Mabry,Neiman,9999-01-01,Senior Staff
451794,Masali,Constantine,9999-01-01,Engineer
451795,Nirmal,Rosaz,9999-01-01,Senior Engineer
451799,Aiman,Anick,9999-01-01,Senior Engineer
451809,Stella,Glowinski,9999-01-01,Senior Engineer
451818,Faiza,Cincotta,9999-01-01,Staff
451823,Alejandro,Janocha,9999-01-01,Senior Engineer
451828,Pintsang,Peng,9999-01-01,Engineer
451830,Masanao,Lamba,9999-01-01,Engineer
451858,Moon,Mateescu,9999-01-01,Senior Engineer
451870,Parviz,Improta,9999-01-01,Staff
451908,Xinglin,Polajnar,9999-01-01,Senior Staff
451920,Shigeichiro,Luck,9999-01-01,Engineer
451921,Jayesh,Radhakrishnan,9999-01-01,Senior Engineer
451940,Tomoyuki,Litecky,9999-01-01,Engineer
451952,Ortrud,Spelt,9999-01-01,Senior Staff
451958,Tomofumi,Hofmeyr,9999-01-01,Staff
451964,Shaibal,Suomi,9999-01-01,Senior Staff
451970,Jeanna,Chandrasekhar,9999-01-01,Senior Staff
451992,Yuriy,Hagimont,9999-01-01,Engineer
452013,Susanne,Merel,9999-01-01,Staff
452021,Karoline,Kobuchi,9999-01-01,Senior Staff
452024,Jaideep,Haldar,9999-01-01,Senior Staff
452029,Genki,Narwekar,9999-01-01,Senior Staff
452035,Idoia,Ghelli,9999-01-01,Senior Engineer
452045,Narain,Rissanen,9999-01-01,Senior Staff
452058,Hugh,Gaughan,9999-01-01,Senior Staff
452061,Ramya,Tramer,9999-01-01,Senior Staff
452065,Odinaldo,Billingsley,9999-01-01,Senior Staff
452069,Nahum,Hiyoshi,9999-01-01,Engineer
452093,Fun,Menhoudj,9999-01-01,Senior Engineer
452096,Jahangir,Foong,9999-01-01,Staff
452099,Gian,Improta,9999-01-01,Engineer
452113,Sanjeeva,Greenaway,9999-01-01,Technique Leader
452115,Barun,Sessa,9999-01-01,Senior Engineer
452119,Dayanand,Kuhnemann,9999-01-01,Senior Staff
452141,Herbert,Slaats,9999-01-01,Staff
452149,Steen,Chinin,9999-01-01,Technique Leader
452162,Girolamo,Vecchi,9999-01-01,Staff
452163,Tesuro,Koprowski,9999-01-01,Engineer
452177,Chaosheng,Bernatsky,9999-01-01,Staff
452187,Tooru,Vilarrasa,9999-01-01,Engineer
452199,Mostafa,Thibadeau,9999-01-01,Senior Staff
452201,Guenter,Piveteau,9999-01-01,Senior Engineer
452210,Waiman,Kavanagh,9999-01-01,Engineer
452215,Arun,Macedo,9999-01-01,Senior Engineer
452221,Xinyu,Hainaut,9999-01-01,Staff
452232,Baziley,Masada,9999-01-01,Staff
452239,Stevo,Vendrig,9999-01-01,Engineer
452248,Howell,Halloran,9999-01-01,Senior Engineer
452260,Ebru,Zyda,9999-01-01,Senior Engineer
452261,Khedija,Prenel,9999-01-01,Senior Engineer
452263,Jaewon,Braccini,9999-01-01,Senior Engineer
452265,Hisao,Nastansky,9999-01-01,Engineer
452286,Vojin,Lichtman,9999-01-01,Senior Staff
452302,Toong,Maliniak,9999-01-01,Engineer
452312,Kaijung,Portugali,9999-01-01,Staff
452324,Mokhtar,Wielonsky,9999-01-01,Staff
452326,Sugwoo,Fontet,9999-01-01,Staff
452336,Oguz,Buescher,9999-01-01,Staff
452350,Heping,Erbe,9999-01-01,Engineer
452367,Martina,Georgakopoulos,9999-01-01,Engineer
452382,Bokyung,Rahier,9999-01-01,Staff
452388,Ung,Maraist,9999-01-01,Staff
452393,Hisao,Openshaw,9999-01-01,Engineer
452399,Ugo,Furudate,9999-01-01,Senior Engineer
452405,Shawna,Ulupinar,9999-01-01,Senior Engineer
452409,Jaihie,Szmurlo,9999-01-01,Senior Staff
452423,Stevo,Etalle,9999-01-01,Engineer
452436,Shahab,Businaro,9999-01-01,Senior Engineer
452444,Fatemeh,Uludag,9999-01-01,Assistant Engineer
452446,Shan,Ozeki,9999-01-01,Engineer
452451,Duro,Matzen,9999-01-01,Assistant Engineer
452461,Suvo,Heijenga,9999-01-01,Senior Engineer
452462,Demos,Esposito,9999-01-01,Senior Engineer
452472,Sreenivas,Zaiane,9999-01-01,Engineer
452481,Kazunori,Kavanagh,9999-01-01,Senior Staff
452499,DAIDA,Kitai,9999-01-01,Senior Engineer
452511,Radhia,DeMori,9999-01-01,Senior Engineer
452512,Jeong,Domenig,9999-01-01,Senior Staff
452513,Yonghong,Petersohn,9999-01-01,Senior Engineer
452527,Adamantios,Nourani,9999-01-01,Staff
452541,Morris,Strandh,9999-01-01,Staff
452550,Thanasis,Perez,9999-01-01,Technique Leader
452565,Shan,Kuszyk,9999-01-01,Senior Staff
452568,Kotesh,Mitzlaff,9999-01-01,Engineer
452569,Perla,Oxman,9999-01-01,Senior Staff
452574,Abdelaziz,Kampfer,9999-01-01,Senior Engineer
452576,Abdelkader,Chvatal,9999-01-01,Staff
452585,Shawna,Perry,9999-01-01,Staff
452608,Aimee,Yeung,9999-01-01,Engineer
452613,Jaewoo,Stellhorn,9999-01-01,Engineer
452620,Ramachenga,Ranft,9999-01-01,Senior Engineer
452626,Adas,Ertl,9999-01-01,Senior Engineer
452629,Holgard,Rouquie,9999-01-01,Senior Staff
452630,Girolamo,Stenning,9999-01-01,Senior Engineer
452634,Seongbae,Iacovou,9999-01-01,Senior Staff
452642,Takahiro,Schiettecatte,9999-01-01,Engineer
452666,Danai,Percebois,9999-01-01,Senior Staff
452675,Leszek,Lemarechal,9999-01-01,Senior Staff
452682,Shounak,Wixon,9999-01-01,Engineer
452687,Moss,Wissmann,9999-01-01,Senior Staff
452690,Maia,Hempstead,9999-01-01,Senior Staff
452700,Aral,Minakawa,9999-01-01,Technique Leader
452705,Takanari,Wursthorn,9999-01-01,Senior Engineer
452715,Taegyun,Marshall,9999-01-01,Engineer
452739,Yinghua,Thombley,9999-01-01,Engineer
452759,Kazuhide,Uehara,9999-01-01,Senior Staff
452761,Vishwani,Hellwagner,9999-01-01,Staff
452769,Domenick,Huhdanpaa,9999-01-01,Senior Engineer
452777,Rance,Chiola,9999-01-01,Engineer
452779,Berto,Verhaegen,9999-01-01,Senior Engineer
452785,Honglan,Cusworth,9999-01-01,Engineer
452792,Dmitry,Bade,9999-01-01,Staff
452796,Xinan,Flexer,9999-01-01,Senior Staff
452798,Bezalel,Tsukune,9999-01-01,Engineer
452800,Florina,Cromarty,9999-01-01,Senior Staff
452809,Tzvetan,Picel,9999-01-01,Engineer
452829,Pohua,Businaro,9999-01-01,Senior Engineer
452837,Muzhong,Garnham,9999-01-01,Assistant Engineer
452846,Phule,Dengi,9999-01-01,Staff
452851,Khatoun,Bouloucos,9999-01-01,Engineer
452858,Tiina,Bage,9999-01-01,Technique Leader
452869,Abdulla,Klassen,9999-01-01,Engineer
452877,Florina,Plump,9999-01-01,Engineer
452891,Abdelaziz,Bennet,9999-01-01,Staff
452928,Etsuo,Bondorf,9999-01-01,Senior Staff
452931,Willard,Muhling,9999-01-01,Senior Engineer
452975,Mari,Honglei,9999-01-01,Senior Engineer
452997,Jayson,Kilgour,9999-01-01,Senior Staff
453003,Xiaoheng,Attimonelli,9999-01-01,Engineer
453005,Hitofumi,Khalid,9999-01-01,Engineer
453023,Bedir,Markovitch,9999-01-01,Senior Staff
453033,Mong,Erdmenger,9999-01-01,Senior Engineer
453043,Oscal,Ressouche,9999-01-01,Senior Engineer
453069,Bowen,Marzano,9999-01-01,Senior Staff
453076,Gunilla,Azuma,9999-01-01,Engineer
453081,Seongbin,Penn,9999-01-01,Engineer
453084,Serap,Soicher,9999-01-01,Senior Engineer
453095,Minghong,Hopewell,9999-01-01,Senior Engineer
453108,Padma,Sevcikova,9999-01-01,Senior Staff
453126,Jeanna,Lowrie,9999-01-01,Senior Engineer
453133,Mani,Terekhov,9999-01-01,Staff
453137,Krisda,Caine,9999-01-01,Engineer
453150,Shahid,Deville,9999-01-01,Engineer
453151,Yuping,Rosiles,9999-01-01,Staff
453155,Rosella,Matzov,9999-01-01,Senior Staff
453161,Shuho,Mondadori,9999-01-01,Senior Engineer
453177,Lokesh,Ranai,9999-01-01,Senior Engineer
453181,Vasilii,Schaar,9999-01-01,Staff
453183,Maha,Ventosa,9999-01-01,Senior Staff
453186,Gad,Nittel,9999-01-01,Staff
453190,Kiam,Danley,9999-01-01,Senior Engineer
453206,Marsja,Schaft,9999-01-01,Engineer
453211,Tayeb,Merro,9999-01-01,Senior Engineer
453214,Xiaoheng,Hennebert,9999-01-01,Assistant Engineer
453215,Rajmohan,Hasenauer,9999-01-01,Technique Leader
453220,Munehiko,Waleschkowski,9999-01-01,Staff
453223,Tomofumi,Versino,9999-01-01,Technique Leader
453235,Unal,Harbusch,9999-01-01,Staff
453241,Utpal,Openshaw,9999-01-01,Senior Engineer
453245,Shir,Reinhart,9999-01-01,Technique Leader
453262,Manohar,Eiron,9999-01-01,Technique Leader
453265,Kauko,Auria,9999-01-01,Engineer
453268,Debaprosad,Michaeli,9999-01-01,Engineer
453273,Sandeepan,Lanteri,9999-01-01,Senior Staff
453278,Fumiyo,Camurati,9999-01-01,Staff
453308,Claude,Zeleznik,9999-01-01,Senior Staff
453316,Gennady,Conde,9999-01-01,Senior Engineer
453342,Sashi,Matzel,9999-01-01,Senior Staff
453355,Valeri,Unno,9999-01-01,Staff
453379,Aron,Beausoleil,9999-01-01,Engineer
453381,Francoise,Erie,9999-01-01,Senior Engineer
453405,Takushi,Merli,9999-01-01,Senior Engineer
453406,Nalini,Itzfeldt,9999-01-01,Senior Engineer
453448,Nahum,Coorg,9999-01-01,Staff
453464,Ferdinand,Tokunaga,9999-01-01,Staff
453466,Tonny,Stellhorn,9999-01-01,Engineer
453479,Zhensheng,Sudbeck,9999-01-01,Senior Staff
453486,Kitty,Fendler,9999-01-01,Staff
453488,Aral,Hiyoshi,9999-01-01,Technique Leader
453491,Theirry,Aloisi,9999-01-01,Technique Leader
453501,Yishai,Pocchiola,9999-01-01,Senior Engineer
453504,Selwyn,Demke,9999-01-01,Staff
453509,Douadi,Fiebach,9999-01-01,Senior Engineer
453527,Mohd,Tagansky,9999-01-01,Engineer
453529,Lokesh,Journel,9999-01-01,Engineer
453533,Sariel,Hockney,9999-01-01,Staff
453541,Fumitake,Stasinski,9999-01-01,Senior Engineer
453577,Alexius,Erie,9999-01-01,Senior Staff
453591,Odoardo,Cullers,9999-01-01,Staff
453593,Sham,Lally,9999-01-01,Senior Staff
453595,Ewing,Rubsam,9999-01-01,Assistant Engineer
453596,Boutros,Petersohn,9999-01-01,Senior Staff
453600,Billie,Bahk,9999-01-01,Engineer
453606,Teunis,Puoti,9999-01-01,Senior Staff
453621,Nobuyoshi,Dahlbom,9999-01-01,Senior Staff
453626,Basem,Swiss,9999-01-01,Senior Staff
453639,Magy,Fujisaki,9999-01-01,Assistant Engineer
453652,Shaw,Baba,9999-01-01,Engineer
453654,Thodoros,Warwick,9999-01-01,Senior Staff
453658,Gao,Thorelli,9999-01-01,Staff
453660,Supot,Lueh,9999-01-01,Senior Staff
453661,Yifei,Stanger,9999-01-01,Senior Engineer
453667,Takahiro,Swan,9999-01-01,Engineer
453698,Waiman,Garnier,9999-01-01,Senior Staff
453704,Alper,Murtafg,9999-01-01,Senior Engineer
453706,Masoud,Ritcey,9999-01-01,Engineer
453708,Brigham,Encarnacion,9999-01-01,Engineer
453718,Mohan,Kumaresan,9999-01-01,Senior Staff
453722,Maja,Ushiama,9999-01-01,Senior Staff
453726,Yakkov,Gadepally,9999-01-01,Engineer
453734,Junsik,Aloisi,9999-01-01,Senior Engineer
453736,Siamak,Schmiedel,9999-01-01,Staff
453738,Aran,Katalagarianos,9999-01-01,Engineer
453759,Abdelkader,Desikan,9999-01-01,Engineer
453766,Vatsa,Begiun,9999-01-01,Staff
453775,Gennady,Munawer,9999-01-01,Technique Leader
453793,Mario,Neiman,9999-01-01,Senior Staff
453805,Ziyad,Selvestrel,9999-01-01,Senior Engineer
453808,Hidefumi,Ruemmler,9999-01-01,Engineer
453809,Mang,Chelton,9999-01-01,Senior Engineer
453811,Mountaz,Shimshoni,9999-01-01,Staff
453817,Saniya,Slobodova,9999-01-01,Senior Engineer
453822,Claude,Piancastelli,9999-01-01,Senior Staff
453829,Yuichiro,Kamber,9999-01-01,Staff
453837,Shrikanth,Basawa,9999-01-01,Staff
453842,Satoru,Guerreiro,9999-01-01,Technique Leader
453874,Arnould,Erol,9999-01-01,Engineer
453887,DeForest,Hooghiemstra,9999-01-01,Senior Engineer
453904,Almudena,Range,9999-01-01,Staff
453917,Raimond,Morrow,9999-01-01,Technique Leader
453926,Kwee,Ginneken,9999-01-01,Senior Engineer
453928,Constantino,Underwood,9999-01-01,Senior Staff
453952,Constantino,Callaway,9999-01-01,Staff
453955,Abdelghani,Covnot,9999-01-01,Senior Engineer
453956,Salvador,Heystek,9999-01-01,Staff
453972,Shem,Molenaar,9999-01-01,Senior Staff
453985,Kenton,Merle,9999-01-01,Senior Engineer
454013,Vidar,Bressoud,9999-01-01,Staff
454032,Visit,Lipner,9999-01-01,Staff
454057,Jianwen,Sabnani,9999-01-01,Staff
454081,Paddy,Angiulli,9999-01-01,Senior Staff
454093,Leen,Taubenfeld,9999-01-01,Senior Staff
454100,Guadalupe,Chaudhury,9999-01-01,Engineer
454101,Anneke,Leslie,9999-01-01,Senior Staff
454108,Kenton,Panienski,9999-01-01,Senior Staff
454110,Franziska,Ramalingam,9999-01-01,Engineer
454132,Ugo,Boreale,9999-01-01,Senior Engineer
454136,Vishwani,Leaver,9999-01-01,Senior Staff
454178,Yoshimitsu,Genin,9999-01-01,Engineer
454182,Mack,Cooke,9999-01-01,Senior Staff
454199,Evgueni,Pezzoli,9999-01-01,Engineer
454201,Xumin,Sullins,9999-01-01,Engineer
454215,Koichi,Brender,9999-01-01,Senior Staff
454218,Mokhtar,Ducloy,9999-01-01,Engineer
454231,Giordano,Schoegge,9999-01-01,Senior Staff
454233,Ewing,Bruckman,9999-01-01,Senior Staff
454247,Xinan,Perfilyeva,9999-01-01,Staff
454248,Wuxu,Gornas,9999-01-01,Staff
454261,Gor,Schaaf,9999-01-01,Staff
454271,Uta,Sullins,9999-01-01,Engineer
454274,Masali,Bamford,9999-01-01,Engineer
454288,Mitchel,Marchesini,9999-01-01,Staff
454292,Feixiong,Schapiro,9999-01-01,Senior Engineer
454293,Mohua,Underwood,9999-01-01,Staff
454310,Khue,Speckmann,9999-01-01,Senior Engineer
454322,Dulce,Delaune,9999-01-01,Senior Staff
454340,Amabile,Alencar,9999-01-01,Technique Leader
454344,Sasan,Binkley,9999-01-01,Senior Staff
454354,Hugo,Vilarrasa,9999-01-01,Senior Engineer
454365,Kazuhisa,Koshino,9999-01-01,Engineer
454375,Nevio,Paludetto,9999-01-01,Senior Staff
454376,Fabrizio,Rosaz,9999-01-01,Senior Staff
454379,Bogdan,Gulak,9999-01-01,Senior Engineer
454383,Jungsoon,Beerel,9999-01-01,Engineer
454389,Nathan,Garnick,9999-01-01,Assistant Engineer
454398,Qunsheng,Braunmuhl,9999-01-01,Staff
454400,Gen,Vecchi,9999-01-01,Staff
454419,Vasilii,DeMori,9999-01-01,Senior Engineer
454444,Mamdouh,Wynblatt,9999-01-01,Staff
454449,Jasminko,Wilfing,9999-01-01,Senior Engineer
454450,Mandell,Hanabata,9999-01-01,Staff
454458,Boriana,Vesna,9999-01-01,Senior Engineer
454464,Hisao,Rothe,9999-01-01,Senior Engineer
454479,Hitomi,Cromarty,9999-01-01,Staff
454492,Aleksandar,Neimat,9999-01-01,Senior Staff
454497,Gaetan,Kakkar,9999-01-01,Staff
454501,Hauke,Iivonen,9999-01-01,Engineer
454514,Dung,Rosis,9999-01-01,Technique Leader
454541,Gill,Valtorta,9999-01-01,Staff
454550,Ravishankar,Zweizig,9999-01-01,Senior Staff
454560,Ziyad,Randt,9999-01-01,Engineer
454578,Leaf,Takanami,9999-01-01,Senior Staff
454598,Uinam,Ramsay,9999-01-01,Senior Staff
454607,Elgin,Unno,9999-01-01,Engineer
454617,Dmitry,Schrift,9999-01-01,Engineer
454627,Nathan,Foote,9999-01-01,Senior Staff
454633,Gil,Ariola,9999-01-01,Staff
454643,Woody,Apsitis,9999-01-01,Engineer
454649,Jovan,Crouzet,9999-01-01,Senior Engineer
454659,Xiahua,Kamber,9999-01-01,Senior Engineer
454663,Claudi,Koshiba,9999-01-01,Senior Engineer
454669,Jessie,Zeilberger,9999-01-01,Technique Leader
454678,Duke,Shigei,9999-01-01,Senior Staff
454680,Otilia,Pollock,9999-01-01,Senior Engineer
454681,Leen,Eugenio,9999-01-01,Staff
454699,Huai,Jiafu,9999-01-01,Engineer
454709,Serap,Haldar,9999-01-01,Engineer
454729,Parto,Gulak,9999-01-01,Staff
454733,Peer,Milicia,9999-01-01,Engineer
454739,Paddy,Rikino,9999-01-01,Senior Engineer
454744,Martine,Poehlman,9999-01-01,Technique Leader
454745,Marjo,Vigier,9999-01-01,Senior Engineer
454750,Fumitake,Naudin,9999-01-01,Engineer
454754,Bernd,Skogmar,9999-01-01,Senior Staff
454761,Sumant,Hmelo,9999-01-01,Senior Engineer
454767,Kerryn,Merey,9999-01-01,Senior Engineer
454774,Niranjan,Bugrara,9999-01-01,Senior Engineer
454789,Ramachenga,DuBourdieux,9999-01-01,Staff
454798,Richara,Bazzichi,9999-01-01,Senior Staff
454801,Kristin,Cronin,9999-01-01,Staff
454816,Mari,Pavlopoulou,9999-01-01,Senior Staff
454830,Ottavia,Dehkordi,9999-01-01,Senior Engineer
454836,Kazuyasu,Siprelle,9999-01-01,Senior Engineer
454862,Taiji,Mukaidono,9999-01-01,Staff
454863,Abdelghani,Krichel,9999-01-01,Senior Engineer
454891,Ugo,Simmen,9999-01-01,Staff
454900,Shalesh,Malabarba,9999-01-01,Senior Engineer
454906,Subbu,Cannard,9999-01-01,Senior Staff
454912,Roded,Hatcliff,9999-01-01,Staff
454929,Pintsang,Mateescu,9999-01-01,Senior Engineer
454931,Duangkaew,Salvesen,9999-01-01,Engineer
454932,Sampalli,Zaiane,9999-01-01,Senior Staff
454948,Emran,Setia,9999-01-01,Senior Staff
454951,Weiye,Bauknecht,9999-01-01,Senior Staff
454963,Mabo,Weedon,9999-01-01,Staff
454966,Genta,Goodrum,9999-01-01,Senior Staff
454979,Alagu,Milicic,9999-01-01,Engineer
454983,Sedat,Yamaashi,9999-01-01,Senior Staff
454987,Akemi,Fontet,9999-01-01,Assistant Engineer
454989,Jinxi,Sidou,9999-01-01,Staff
454991,Haldon,Koblick,9999-01-01,Staff
455009,Udaiprakash,Birta,9999-01-01,Staff
455015,Sachin,Rohrbach,9999-01-01,Senior Engineer
455029,Somnath,Matteis,9999-01-01,Senior Staff
455038,Bernardo,Kermarrec,9999-01-01,Senior Engineer
455054,Ingemar,Lores,9999-01-01,Senior Staff
455088,Alenka,Sevcikova,9999-01-01,Engineer
455090,Jaana,Azuma,9999-01-01,Senior Staff
455096,Masanao,Zaiane,9999-01-01,Engineer
455098,Seshu,Kambil,9999-01-01,Assistant Engineer
455103,Tremaine,Docker,9999-01-01,Engineer
455106,Susuma,Porotnikoff,9999-01-01,Senior Staff
455112,Chaoyi,Rosen,9999-01-01,Staff
455122,Chaosheng,Molenkamp,9999-01-01,Engineer
455123,Satoru,Lamparter,9999-01-01,Senior Engineer
455129,Berni,Preusig,9999-01-01,Senior Staff
455142,Youssef,Bashian,9999-01-01,Engineer
455145,Tsuneo,Papsdorf,9999-01-01,Technique Leader
455157,Ravishankar,Setiz,9999-01-01,Staff
455159,Demin,Benantar,9999-01-01,Senior Staff
455160,Mahendra,Cooley,9999-01-01,Senior Engineer
455164,Khosrow,Wilfing,9999-01-01,Senior Staff
455165,Snehasis,Pargas,9999-01-01,Senior Staff
455172,Chiradeep,Litecky,9999-01-01,Engineer
455192,Shigeichiro,Schwartzbauer,9999-01-01,Assistant Engineer
455203,Brewster,Karcich,9999-01-01,Senior Engineer
455209,Shrikanth,Rassart,9999-01-01,Senior Engineer
455223,Sariel,Fabrizio,9999-01-01,Senior Engineer
455237,Kotesh,Walston,9999-01-01,Senior Engineer
455240,Yishai,Speckmann,9999-01-01,Senior Engineer
455258,Vatsa,Leuchs,9999-01-01,Engineer
455266,Zita,Czaja,9999-01-01,Senior Engineer
455290,Heng,Jording,9999-01-01,Senior Engineer
455302,Yaghout,Deverell,9999-01-01,Staff
455318,Houman,Schaaf,9999-01-01,Senior Staff
455321,Tua,Denis,9999-01-01,Senior Engineer
455333,Souichi,Anick,9999-01-01,Senior Engineer
455335,Hisao,Akaboshi,9999-01-01,Engineer
455336,Debaprosad,Hatcliff,9999-01-01,Senior Staff
455337,Kamakshi,Berendt,9999-01-01,Senior Engineer
455355,Remko,Rotem,9999-01-01,Staff
455356,Gretta,Murthy,9999-01-01,Assistant Engineer
455373,Shimshon,Eiter,9999-01-01,Staff
455375,Sumali,Zhang,9999-01-01,Senior Engineer
455392,Wojceich,Rothenberg,9999-01-01,Engineer
455395,Amstein,Kalorkoti,9999-01-01,Assistant Engineer
455402,Nidapan,Luce,9999-01-01,Staff
455413,Roddy,Matzat,9999-01-01,Senior Engineer
455430,Miyeon,Melichar,9999-01-01,Staff
455441,Yifei,Schiper,9999-01-01,Staff
455464,Willard,Crelier,9999-01-01,Senior Staff
455470,Gal,Toyoshima,9999-01-01,Senior Engineer
455476,Limsoon,Speek,9999-01-01,Staff
455490,Sanjiv,Wielonsky,9999-01-01,Senior Staff
455496,Kasidit,Schaap,9999-01-01,Senior Staff
455506,Hailing,Penn,9999-01-01,Engineer
455512,Nevin,Pollock,9999-01-01,Senior Engineer
455525,Duro,Murtagh,9999-01-01,Senior Engineer
455529,Hidefumi,Rodier,9999-01-01,Senior Staff
455533,Raimond,Shihab,9999-01-01,Senior Staff
455554,Xinyu,Pietrzykowski,9999-01-01,Staff
455559,Shan,Papastamatiou,9999-01-01,Senior Staff
455566,Fayez,Swan,9999-01-01,Senior Staff
455579,Evgueni,Birrer,9999-01-01,Senior Staff
455590,Claude,Danlos,9999-01-01,Engineer
455622,Teiji,Klyachko,9999-01-01,Engineer
455626,Nirmal,Piancastelli,9999-01-01,Senior Staff
455630,Jiong,Muchinsky,9999-01-01,Senior Staff
455631,Barry,Gewali,9999-01-01,Technique Leader
455640,Takushi,Levasseur,9999-01-01,Engineer
455642,Yuchang,Brandsma,9999-01-01,Senior Staff
455648,Shuzo,Munawer,9999-01-01,Senior Staff
455649,Kirk,Marwedel,9999-01-01,Engineer
455669,Reuven,Giaccio,9999-01-01,Staff
455682,Jahangir,Ranka,9999-01-01,Assistant Engineer
455703,Guttorm,Jansch,9999-01-01,Staff
455727,Kolar,Veccia,9999-01-01,Senior Staff
455734,Boutros,Chachaty,9999-01-01,Senior Engineer
455755,Mihalis,Kenevan,9999-01-01,Engineer
455757,Valeri,Serot,9999-01-01,Staff
455758,Garnet,Nilsson,9999-01-01,Senior Engineer
455759,Maik,Smailagic,9999-01-01,Staff
455769,KayLiang,Braunmuhl,9999-01-01,Senior Staff
455770,Petter,Picci,9999-01-01,Senior Staff
455801,Suzette,Paludetto,9999-01-01,Engineer
455805,Sergi,Stentiford,9999-01-01,Senior Staff
455806,Bogdan,Schahn,9999-01-01,Staff
455809,Ramachenga,Dusink,9999-01-01,Senior Engineer
455837,Sachin,Lindqvist,9999-01-01,Senior Staff
455840,Naraig,Aumann,9999-01-01,Senior Staff
455844,Masadi,Rosiles,9999-01-01,Technique Leader
455848,Pramod,Penttonen,9999-01-01,Engineer
455871,Sachar,Verspoor,9999-01-01,Senior Engineer
455902,Marsha,Demos,9999-01-01,Engineer
455905,Ziyad,Peres,9999-01-01,Senior Engineer
455927,Gina,Deverell,9999-01-01,Staff
455932,Wanqing,Polupanov,9999-01-01,Engineer
455933,Danco,Beilner,9999-01-01,Technique Leader
455947,Dipankar,Veccia,9999-01-01,Senior Engineer
455957,Mack,Basagni,9999-01-01,Staff
455966,Guoxiang,Rissanen,9999-01-01,Senior Staff
455980,Masali,Chaudhuri,9999-01-01,Senior Engineer
455987,Susanta,Erol,9999-01-01,Staff
455991,Luisa,Ghelli,9999-01-01,Staff
455998,Dante,Panangaden,9999-01-01,Senior Staff
455999,Dhritiman,Nastansky,9999-01-01,Technique Leader
456005,Jordanka,Kamber,9999-01-01,Senior Engineer
456007,Souichi,Aloia,9999-01-01,Senior Staff
456015,Wuxu,Narlikar,9999-01-01,Engineer
456030,Yechezkel,Smeets,9999-01-01,Senior Engineer
456036,Hitofumi,Swist,9999-01-01,Senior Engineer
456053,Eldridge,Buescher,9999-01-01,Senior Engineer
456063,Jayesh,Bolotov,9999-01-01,Staff
456066,Howell,Chenney,9999-01-01,Engineer
456071,Harngdar,Zaccaria,9999-01-01,Senior Staff
456078,Christoper,Ranka,9999-01-01,Engineer
456079,Ayakannu,Kalefeld,9999-01-01,Staff
456089,Huican,Kamber,9999-01-01,Assistant Engineer
456093,Flemming,Ramaiah,9999-01-01,Engineer
456100,Monique,Lalonde,9999-01-01,Senior Staff
456101,Masako,Krone,9999-01-01,Senior Engineer
456111,Vincent,Legleitner,9999-01-01,Senior Staff
456133,Aleksander,Ullian,9999-01-01,Senior Staff
456144,Naraig,Hennings,9999-01-01,Senior Staff
456149,Sigeru,Grospietsch,9999-01-01,Senior Engineer
456158,Jungsoon,Takanami,9999-01-01,Engineer
456161,Pranas,Lindenbaum,9999-01-01,Senior Staff
456169,Kinh,Perl,9999-01-01,Senior Engineer
456174,Vojin,Raczkowsky,9999-01-01,Senior Staff
456183,Adamantios,Bennis,9999-01-01,Engineer
456204,Leif,Zschoche,9999-01-01,Senior Staff
456205,Faiza,Botman,9999-01-01,Senior Engineer
456216,Kenroku,Beausoleil,9999-01-01,Engineer
456227,Martina,Cappello,9999-01-01,Senior Engineer
456240,Lene,Ravishankar,9999-01-01,Senior Engineer
456241,Rafael,Bolsens,9999-01-01,Engineer
456258,Kristian,Anandan,9999-01-01,Engineer
456281,Freyja,Trystram,9999-01-01,Senior Staff
456286,Maria,Taubenfeld,9999-01-01,Senior Staff
456294,Vishv,Shinomoto,9999-01-01,Senior Engineer
456300,Demin,Chiodo,9999-01-01,Senior Engineer
456317,Lucian,Beerel,9999-01-01,Senior Engineer
456326,Huican,Stentiford,9999-01-01,Senior Staff
456350,Mooi,Suri,9999-01-01,Engineer
456355,Weiyi,Picaronny,9999-01-01,Technique Leader
456361,Bouchung,Georgatos,9999-01-01,Engineer
456364,Lunjin,Tagansky,9999-01-01,Engineer
456367,Yishai,Kleiser,9999-01-01,Senior Staff
456369,Claude,Giveon,9999-01-01,Staff
456394,Nectarios,Bellone,9999-01-01,Senior Staff
456405,Ung,Petereit,9999-01-01,Senior Engineer
456411,Masanao,Maraist,9999-01-01,Senior Staff
456414,Leandro,Marshall,9999-01-01,Senior Engineer
456415,Dinkar,Tagansky,9999-01-01,Engineer
456416,Heeju,Lupu,9999-01-01,Engineer
456429,Deborah,Stasinski,9999-01-01,Senior Staff
456430,Sukumar,Picel,9999-01-01,Staff
456440,Kersti,Stassinopoulos,9999-01-01,Engineer
456443,Moss,Merks,9999-01-01,Senior Staff
456473,Baoqiu,Ciolek,9999-01-01,Senior Staff
456480,Gritta,Lamma,9999-01-01,Senior Engineer
456487,Jouko,Dechter,9999-01-01,Senior Staff
456521,Ebbe,Wynblatt,9999-01-01,Senior Engineer
456525,Fox,Kading,9999-01-01,Staff
456532,Lijia,Penz,9999-01-01,Senior Staff
456542,Odoardo,Hanabata,9999-01-01,Senior Engineer
456553,Aram,Gulla,9999-01-01,Senior Staff
456556,Gay,Ghemri,9999-01-01,Senior Staff
456562,Sanjai,Brodie,9999-01-01,Staff
456584,Paris,Talmon,9999-01-01,Assistant Engineer
456601,Zeljko,Sanella,9999-01-01,Staff
456603,Khun,Trystram,9999-01-01,Engineer
456610,Erez,Ellozy,9999-01-01,Senior Engineer
456614,Djenana,Iisaku,9999-01-01,Engineer
456620,Dekang,Avouris,9999-01-01,Engineer
456633,Paloma,Portugali,9999-01-01,Senior Staff
456650,Vidar,Lindenbaum,9999-01-01,Senior Engineer
456657,Frederique,Akaboshi,9999-01-01,Staff
456659,Seongbae,Azuma,9999-01-01,Senior Engineer
456672,Jongsuk,Schaap,9999-01-01,Engineer
456675,Adin,Sethi,9999-01-01,Staff
456677,Kien,Lieblein,9999-01-01,Senior Staff
456683,Yishai,Qiwen,9999-01-01,Senior Engineer
456685,Gladys,Champarnaud,9999-01-01,Staff
456688,Petter,Apsitis,9999-01-01,Senior Engineer
456692,Akeel,Polupanov,9999-01-01,Senior Engineer
456702,Zorica,Tomescu,9999-01-01,Senior Staff
456718,Arumugam,Gurbaxani,9999-01-01,Senior Staff
456719,Basem,Shumilov,9999-01-01,Staff
456736,Anoosh,Pettit,9999-01-01,Staff
456744,Maia,Chandrasekhar,9999-01-01,Engineer
456745,Yishai,Ishibashi,9999-01-01,Staff
456751,Danai,Pfau,9999-01-01,Staff
456765,Duro,Kriebel,9999-01-01,Senior Staff
456766,Odoardo,Kisuki,9999-01-01,Engineer
456769,Kiam,Molenaar,9999-01-01,Engineer
456774,Shaunak,Cappelli,9999-01-01,Technique Leader
456783,Shaunak,Furudate,9999-01-01,Senior Staff
456798,Barun,Krone,9999-01-01,Senior Staff
456806,Filipp,Vingron,9999-01-01,Engineer
456822,Aram,Siochi,9999-01-01,Staff
456827,Panayotis,Chiola,9999-01-01,Assistant Engineer
456831,Houman,Brattka,9999-01-01,Senior Staff
456838,Adin,Makrucki,9999-01-01,Senior Engineer
456840,Lubomir,Papadias,9999-01-01,Assistant Engineer
456851,Terresa,Cooman,9999-01-01,Senior Engineer
456875,Kayoko,Gronowski,9999-01-01,Staff
456876,Jinya,Puoti,9999-01-01,Senior Staff
456905,Filipe,Tzvieli,9999-01-01,Senior Engineer
456913,Randy,Broder,9999-01-01,Senior Staff
456919,Garnet,Homond,9999-01-01,Senior Engineer
456927,Kensei,Comellas,9999-01-01,Staff
456929,Torsten,Capobianchi,9999-01-01,Staff
456941,Jamaludin,Ishibashi,9999-01-01,Staff
456947,Tsutomu,Porotnikoff,9999-01-01,Senior Engineer
456954,Arunachalam,Restivo,9999-01-01,Staff
456959,Giordano,Figueira,9999-01-01,Engineer
456970,Genta,Dehkordi,9999-01-01,Staff
456989,Jinpo,Sooriamurthi,9999-01-01,Senior Engineer
456990,Urs,Merks,9999-01-01,Senior Engineer
457008,Subhrajyoti,Welham,9999-01-01,Staff
457014,Hidefumi,Swiss,9999-01-01,Senior Staff
457015,Yoshinari,Biran,9999-01-01,Staff
457041,Stepehn,Demeyer,9999-01-01,Senior Staff
457047,Duke,Snedden,9999-01-01,Senior Engineer
457051,Rosli,Bain,9999-01-01,Staff
457054,Pascal,Litecky,9999-01-01,Assistant Engineer
457062,Bilhanan,Lores,9999-01-01,Senior Staff
457071,Gino,Herath,9999-01-01,Assistant Engineer
457087,Spyrose,Demke,9999-01-01,Staff
457089,Jacqueline,Lambe,9999-01-01,Engineer
457092,Serif,Kriebel,9999-01-01,Technique Leader
457103,Shaunak,Khasidashvili,9999-01-01,Senior Staff
457113,Barry,Cummings,9999-01-01,Senior Staff
457125,Leah,Krupka,9999-01-01,Staff
457126,Hongzue,Warwick,9999-01-01,Senior Staff
457131,Visit,Herbst,9999-01-01,Staff
457138,Stepehn,Baek,9999-01-01,Engineer
457184,Akemi,Makrucki,9999-01-01,Staff
457189,Alain,Schnabel,9999-01-01,Engineer
457191,Barun,Iacovou,9999-01-01,Assistant Engineer
457196,Sanjiv,Chachaty,9999-01-01,Senior Staff
457201,Bowen,Muhling,9999-01-01,Engineer
457202,Uzi,Mersereau,9999-01-01,Staff
457206,Zhiguo,Nitta,9999-01-01,Senior Engineer
457219,Sedat,Matheson,9999-01-01,Senior Engineer
457225,Hironoby,Seuren,9999-01-01,Senior Staff
457237,Mansur,Kalsbeek,9999-01-01,Engineer
457240,Masali,Kitsuregawa,9999-01-01,Senior Staff
457248,Anyuan,Camurati,9999-01-01,Senior Staff
457267,Dung,Androutsos,9999-01-01,Engineer
457291,Charlene,Kitsuregawa,9999-01-01,Senior Engineer
457295,Janalee,Rusterholz,9999-01-01,Technique Leader
457299,Zito,Molenkamp,9999-01-01,Engineer
457319,Tristan,Pews,9999-01-01,Senior Staff
457360,Fumitaka,Rosar,9999-01-01,Senior Staff
457372,Byong,Pettit,9999-01-01,Senior Staff
457387,Nikolaus,Redmiles,9999-01-01,Senior Staff
457392,Taisook,Terlouw,9999-01-01,Senior Engineer
457417,Hongzue,Kirkerud,9999-01-01,Senior Engineer
457422,Dung,Fasbender,9999-01-01,Staff
457441,Woody,Flexer,9999-01-01,Engineer
457442,Lillian,Gilg,9999-01-01,Senior Engineer
457443,Wonhee,Sethi,9999-01-01,Senior Staff
457450,Jinya,Bael,9999-01-01,Senior Staff
457457,Nahid,Moehrke,9999-01-01,Senior Engineer
457461,Sachio,Chenoweth,9999-01-01,Engineer
457487,Padma,Valtorta,9999-01-01,Senior Staff
457510,Christoper,Chachaty,9999-01-01,Senior Staff
457541,Jovan,Furudate,9999-01-01,Engineer
457548,Leszek,Lorho,9999-01-01,Technique Leader
457550,Mingdong,Schlegelmilch,9999-01-01,Staff
457564,Heather,Riefers,9999-01-01,Senior Staff
457577,Adin,Rosay,9999-01-01,Staff
457584,Sandeepan,Teitelbaum,9999-01-01,Senior Staff
457591,Jaewoo,Imataki,9999-01-01,Senior Engineer
457594,Ebru,Kermarrec,9999-01-01,Senior Engineer
457597,Manton,Berstel,9999-01-01,Senior Engineer
457598,Marla,Vidya,9999-01-01,Technique Leader
457601,Magdalena,Leuchs,9999-01-01,Engineer
457606,Bodo,Janocha,9999-01-01,Senior Staff
457612,Nimmagadda,Delaune,9999-01-01,Staff
457627,Hiroyasu,Giaccio,9999-01-01,Engineer
457636,Tokuyasu,Flexer,9999-01-01,Senior Staff
457651,Hongzhu,Pauthner,9999-01-01,Senior Engineer
457652,Weiru,Alpay,9999-01-01,Senior Staff
457667,Mahmut,Kumaresan,9999-01-01,Staff
457674,Niranjan,Lindenbaum,9999-01-01,Staff
457683,Janalee,Zultner,9999-01-01,Staff
457701,Sibyl,Miara,9999-01-01,Senior Staff
457709,Somnath,Gewali,9999-01-01,Engineer
457717,Jeong,Iwayama,9999-01-01,Engineer
457722,Arco,Alpay,9999-01-01,Senior Engineer
457726,Jinpo,Lortz,9999-01-01,Staff
457744,Zorica,Benaini,9999-01-01,Staff
457759,Heng,Chorvat,9999-01-01,Senior Engineer
457770,Ute,Nitsch,9999-01-01,Staff
457799,Shakhar,Veccia,9999-01-01,Senior Staff
457801,Abdulla,Antonakopoulos,9999-01-01,Senior Staff
457811,Jiong,Rindone,9999-01-01,Senior Engineer
457836,Yoshinari,Veeraraghavan,9999-01-01,Senior Engineer
457842,Xianlong,Sidou,9999-01-01,Senior Engineer
457846,Krisda,Alblas,9999-01-01,Senior Staff
457849,Vugranam,Benveniste,9999-01-01,Senior Staff
457852,Gor,Emmerich,9999-01-01,Senior Staff
457853,Adib,Morrey,9999-01-01,Engineer
457856,Sudharsan,Cusworth,9999-01-01,Senior Staff
457859,Yaghout,Beausoleil,9999-01-01,Senior Engineer
457862,Masamitsu,Holburn,9999-01-01,Engineer
457866,Eckart,Potthoff,9999-01-01,Senior Engineer
457880,Chrisa,Segond,9999-01-01,Senior Staff
457894,Augustine,Ranst,9999-01-01,Engineer
457901,Weiye,Gluchowski,9999-01-01,Staff
457924,Sumali,Perin,9999-01-01,Staff
457925,Tianruo,Lund,9999-01-01,Senior Staff
457943,Heng,Varley,9999-01-01,Senior Engineer
457948,Fayez,Basagni,9999-01-01,Senior Engineer
457964,Nigel,Zallocco,9999-01-01,Engineer
457968,Seongbin,Wissmann,9999-01-01,Engineer
457970,Herb,Matteis,9999-01-01,Technique Leader
457972,Stamatina,Luck,9999-01-01,Senior Engineer
457973,Shahid,Maksimenko,9999-01-01,Senior Staff
457982,Arumugam,Vecchi,9999-01-01,Technique Leader
457988,Wilmer,Spieker,9999-01-01,Senior Engineer
457990,Taiji,Oaver,9999-01-01,Senior Engineer
457995,Byong,Hiraishi,9999-01-01,Staff
458009,Rosine,Laventhal,9999-01-01,Senior Engineer
458015,Amalendu,Noriega,9999-01-01,Senior Engineer
458017,Sampalli,Pellegrinelli,9999-01-01,Senior Staff
458026,Vesna,Veeraraghavan,9999-01-01,Senior Staff
458032,Kiyokazu,Bultermann,9999-01-01,Senior Engineer
458034,Jacopo,Rodier,9999-01-01,Staff
458054,Yagil,Benaini,9999-01-01,Senior Engineer
458056,Garnet,Pocchiola,9999-01-01,Senior Staff
458058,Marjo,Klassen,9999-01-01,Senior Engineer
458063,Krassimir,Piazza,9999-01-01,Staff
458090,Teunis,Hofstetter,9999-01-01,Engineer
458105,Zejun,Jonsson,9999-01-01,Senior Engineer
458106,Odoardo,Saoudi,9999-01-01,Senior Staff
458135,Navid,Olivero,9999-01-01,Assistant Engineer
458147,Erzsebet,Ramsey,9999-01-01,Senior Staff
458162,Pragnesh,Pearson,9999-01-01,Technique Leader
458172,Taizo,Reistad,9999-01-01,Senior Engineer
458196,Brendon,Llado,9999-01-01,Technique Leader
458199,Yuguang,Isard,9999-01-01,Senior Engineer
458203,Monique,Fargier,9999-01-01,Engineer
458217,Sashi,Worfolk,9999-01-01,Senior Staff
458222,Djenana,Kavvadias,9999-01-01,Senior Staff
458228,Fen,Kalloufi,9999-01-01,Technique Leader
458236,Tadahiko,Kumaresan,9999-01-01,Senior Engineer
458238,Barton,Baumann,9999-01-01,Senior Engineer
458252,Aimee,Lorys,9999-01-01,Staff
458257,Kayoko,Sabnani,9999-01-01,Senior Engineer
458259,Kristina,Malinowski,9999-01-01,Engineer
458266,Shahid,Badache,9999-01-01,Staff
458286,Bokyung,Doering,9999-01-01,Engineer
458297,Youssef,Ranst,9999-01-01,Senior Staff
458300,Dharmaraja,Gischer,9999-01-01,Senior Engineer
458321,Mahmut,Orlowski,9999-01-01,Senior Engineer
458326,Christfried,Penttonen,9999-01-01,Engineer
458356,Mari,Stenning,9999-01-01,Senior Engineer
458377,Hidekazu,Lieblein,9999-01-01,Senior Engineer
458384,Rutger,Bashian,9999-01-01,Staff
458398,Macha,Farris,9999-01-01,Senior Engineer
458404,Mandell,Fabrizio,9999-01-01,Engineer
458412,Gilbert,Pearson,9999-01-01,Staff
458416,Lucian,Krybus,9999-01-01,Senior Engineer
458419,Munir,Avouris,9999-01-01,Engineer
458441,Jovan,Ebeling,9999-01-01,Engineer
458452,Mamdouh,Suwa,9999-01-01,Staff
458465,Peternela,Shimshoni,9999-01-01,Senior Engineer
458479,Arto,Schwaller,9999-01-01,Technique Leader
458480,Christ,Ritzmann,9999-01-01,Technique Leader
458494,Sukumar,Jeong,9999-01-01,Senior Staff
458495,Ayonca,Bardell,9999-01-01,Staff
458498,Jayson,Rahimi,9999-01-01,Staff
458525,Amstein,Angiulli,9999-01-01,Senior Staff
458528,Danco,Famili,9999-01-01,Senior Staff
458532,Limsoon,Ossenbruggen,9999-01-01,Technique Leader
458535,Shaowei,Krohm,9999-01-01,Senior Staff
458538,Zissis,Prenel,9999-01-01,Senior Staff
458550,Geoffry,Setlzner,9999-01-01,Senior Staff
458561,Percy,Glowinski,9999-01-01,Senior Staff
458564,Shmuel,Portugali,9999-01-01,Staff
458570,Utpal,Snyers,9999-01-01,Engineer
458571,Siamak,Gargeya,9999-01-01,Staff
458596,Diederik,Lubachevsky,9999-01-01,Engineer
458597,Valeri,Feldmann,9999-01-01,Senior Staff
458612,Zsolt,Suppi,9999-01-01,Staff
458615,Paraskevi,Aingworth,9999-01-01,Engineer
458621,JoAnna,Luks,9999-01-01,Senior Staff
458653,Stabislas,Haddadi,9999-01-01,Engineer
458663,Zongyan,Itschner,9999-01-01,Senior Engineer
458664,Oldrich,Syang,9999-01-01,Senior Staff
458665,Xiaopeng,Chepyzhov,9999-01-01,Senior Engineer
458676,Sanjiv,Anandan,9999-01-01,Senior Engineer
458677,Susanne,Stroustrup,9999-01-01,Engineer
458688,Munehiro,Hopewell,9999-01-01,Staff
458690,Yagil,Osgood,9999-01-01,Assistant Engineer
458695,Dmitry,Schreiter,9999-01-01,Staff
458700,Frazer,Cannard,9999-01-01,Senior Engineer
458710,Uwe,Willoner,9999-01-01,Senior Engineer
458712,Bingning,Miake,9999-01-01,Senior Engineer
458739,Jacqueline,Lienhardt,9999-01-01,Senior Engineer
458742,Fay,Ranze,9999-01-01,Senior Engineer
458752,Dzung,Ernst,9999-01-01,Senior Engineer
458756,Jagoda,Georg,9999-01-01,Senior Staff
458766,Xiong,Benzmuller,9999-01-01,Senior Staff
458768,Rosella,Danner,9999-01-01,Senior Staff
458787,Katsuyuki,Brandsma,9999-01-01,Senior Staff
458798,Persi,Rotem,9999-01-01,Engineer
458830,Denny,Murillo,9999-01-01,Technique Leader
458840,Martien,Pashtan,9999-01-01,Staff
458841,Youpyo,Paciorek,9999-01-01,Engineer
458845,Arunas,Erdmenger,9999-01-01,Senior Engineer
458847,Xiping,Trystram,9999-01-01,Senior Engineer
458851,Larisa,Monarch,9999-01-01,Senior Staff
458868,Xudong,Olano,9999-01-01,Senior Engineer
458870,Kokou,Raoux,9999-01-01,Engineer
458875,Hatim,Vesna,9999-01-01,Engineer
458887,Ioana,Halloran,9999-01-01,Staff
458888,Mechthild,Bratten,9999-01-01,Senior Engineer
458891,Kiam,Bala,9999-01-01,Engineer
458904,Yuichiro,Ariola,9999-01-01,Staff
458905,Mingzeng,Kusakabe,9999-01-01,Senior Staff
458909,Gunilla,Pluym,9999-01-01,Engineer
458914,Arch,McAffer,9999-01-01,Senior Engineer
458922,Anneli,Demir,9999-01-01,Senior Engineer
458936,Jacqueline,Siksek,9999-01-01,Senior Staff
458941,Tru,Vingron,9999-01-01,Staff
458948,Mang,Boissier,9999-01-01,Staff
458957,Munenori,Szemeredi,9999-01-01,Senior Engineer
458963,Mayuri,Krider,9999-01-01,Engineer
458966,Billie,Ciolek,9999-01-01,Engineer
458968,Turgut,Schwartzbauer,9999-01-01,Senior Staff
458971,Atreye,Godskesen,9999-01-01,Senior Staff
458972,Emdad,Nergos,9999-01-01,Engineer
458987,Shushma,Prenel,9999-01-01,Technique Leader
459016,Vatsa,Yoshizawa,9999-01-01,Staff
459018,Ziya,Shanbhogue,9999-01-01,Engineer
459020,Shiv,Peha,9999-01-01,Engineer
459026,Kazuhisa,Gyimothy,9999-01-01,Senior Engineer
459031,Kazuhiro,Raoux,9999-01-01,Senior Staff
459042,Lena,Hiyoshi,9999-01-01,Senior Engineer
459045,Phillip,Lunn,9999-01-01,Senior Staff
459046,JoAnna,Comellas,9999-01-01,Engineer
459056,Jeanne,Decleir,9999-01-01,Senior Staff
459064,Danco,Isaac,9999-01-01,Senior Engineer
459069,Charmane,Geffroy,9999-01-01,Engineer
459075,Barry,Chinen,9999-01-01,Senior Staff
459083,Eishiro,Morton,9999-01-01,Senior Engineer
459085,Freyja,Pearson,9999-01-01,Senior Staff
459100,Mohammad,Thibadeau,9999-01-01,Senior Engineer
459116,Souichi,Lund,9999-01-01,Engineer
459127,Gill,Flanders,9999-01-01,Senior Engineer
459154,Odoardo,Garigliano,9999-01-01,Senior Engineer
459158,Naftali,Anger,9999-01-01,Senior Staff
459164,Nimmagadda,Landherr,9999-01-01,Engineer
459173,Lein,Basawa,9999-01-01,Senior Staff
459177,Duangkaew,Velardi,9999-01-01,Senior Engineer
459178,Tiina,Prampolini,9999-01-01,Technique Leader
459189,Marsja,Thebaut,9999-01-01,Engineer
459225,Saniya,Baaleh,9999-01-01,Staff
459228,Kwun,Reinhard,9999-01-01,Senior Engineer
459240,Randi,Henders,9999-01-01,Senior Engineer
459247,Teunis,Aseltine,9999-01-01,Senior Engineer
459248,Mingsen,Alblas,9999-01-01,Staff
459262,Ger,Majewski,9999-01-01,Engineer
459269,Akhilish,Baek,9999-01-01,Technique Leader
459273,Genki,Oaver,9999-01-01,Engineer
459278,Gill,Rosar,9999-01-01,Senior Engineer
459279,Serenella,Lampe,9999-01-01,Staff
459286,Oscar,Raczkowsky,9999-01-01,Senior Engineer
459287,Premsyl,Ranta,9999-01-01,Technique Leader
459307,Garnik,Pouyioutas,9999-01-01,Technique Leader
459332,Krassimir,Luan,9999-01-01,Senior Staff
459339,Khalil,Henseler,9999-01-01,Senior Staff
459342,Niclas,Vidal,9999-01-01,Staff
459347,Martijn,Baca,9999-01-01,Senior Staff
459351,Zorica,Jeansoulin,9999-01-01,Senior Engineer
459363,Adam,Walston,9999-01-01,Senior Engineer
459365,Udo,Preusig,9999-01-01,Engineer
459397,Kersti,Simmen,9999-01-01,Senior Engineer
459409,DeForest,Szilard,9999-01-01,Senior Engineer
459416,Niclas,Joslin,9999-01-01,Senior Engineer
459420,Shietung,Iisaku,9999-01-01,Senior Engineer
459450,Kersti,Sullins,9999-01-01,Engineer
459456,Stepehn,Dahlbom,9999-01-01,Engineer
459462,Dzung,Lortz,9999-01-01,Engineer
459463,Akeel,Denis,9999-01-01,Senior Staff
459467,Arunas,Bahl,9999-01-01,Staff
459469,Roselyn,Meriste,9999-01-01,Senior Staff
459470,Vishv,Heiserman,9999-01-01,Senior Staff
459478,Danai,Vuskovic,9999-01-01,Engineer
459483,Shmuel,Docker,9999-01-01,Staff
459489,Pascal,Comellas,9999-01-01,Senior Engineer
459497,Phillip,Facello,9999-01-01,Senior Engineer
459514,Weiye,Pettit,9999-01-01,Senior Engineer
459531,Gian,Kawashimo,9999-01-01,Assistant Engineer
459547,Pohua,Hardjono,9999-01-01,Senior Engineer
459551,Amalendu,Jervis,9999-01-01,Staff
459562,Lillian,Ferriere,9999-01-01,Staff
459572,Houman,Sewelson,9999-01-01,Staff
459596,Constantino,Bernardinello,9999-01-01,Senior Engineer
459609,Lenore,Peris,9999-01-01,Senior Staff
459614,Eishiro,Bojadziev,9999-01-01,Engineer
459617,Sangeeta,Pollacia,9999-01-01,Senior Staff
459621,Kamran,Bottner,9999-01-01,Engineer
459623,Marjo,Camarinopoulos,9999-01-01,Engineer
459625,Stella,Lammel,9999-01-01,Engineer
459633,Bilhanan,Poupard,9999-01-01,Senior Engineer
459635,Valeri,Gaughan,9999-01-01,Senior Staff
459636,DAIDA,Bardell,9999-01-01,Senior Staff
459639,Valery,Shumilov,9999-01-01,Senior Engineer
459646,Uri,Rouquie,9999-01-01,Staff
459650,Przemyslawa,Pepe,9999-01-01,Senior Staff
459651,Jinpo,Maierhofer,9999-01-01,Engineer
459653,Magdalena,Monkewich,9999-01-01,Engineer
459662,Jasminko,Krybus,9999-01-01,Engineer
459671,Mark,Flowers,9999-01-01,Senior Engineer
459673,Tiina,Qiwen,9999-01-01,Assistant Engineer
459679,Bikash,Budinsky,9999-01-01,Engineer
459691,Munenori,Brodal,9999-01-01,Technique Leader
459692,Kyoichi,Flasterstein,9999-01-01,Staff
459711,Fusako,Junot,9999-01-01,Staff
459730,Shuho,Erni,9999-01-01,Engineer
459747,Shigeichiro,Stille,9999-01-01,Staff
459750,Danai,Ernst,9999-01-01,Staff
459757,Duri,Chimia,9999-01-01,Engineer
459767,Badri,Michaels,9999-01-01,Staff
459783,Conrado,Olivero,9999-01-01,Staff
459805,Kiyotoshi,Chandrasekhar,9999-01-01,Staff
459806,Serap,Garrabrants,9999-01-01,Senior Staff
459811,Gopalakrishnan,Meszaros,9999-01-01,Engineer
459813,Fuqing,Giveon,9999-01-01,Senior Engineer
459854,Filipp,Kadhim,9999-01-01,Senior Engineer
459867,Nechama,Theuretzbacher,9999-01-01,Assistant Engineer
459877,Shem,Demir,9999-01-01,Senior Staff
459883,Richara,Businaro,9999-01-01,Senior Engineer
459890,Angel,Gyorkos,9999-01-01,Assistant Engineer
459899,Mansur,Saoudi,9999-01-01,Technique Leader
459918,Yakkov,Quittner,9999-01-01,Engineer
459921,Chirstian,Quittner,9999-01-01,Senior Staff
459930,Genevieve,Przulj,9999-01-01,Senior Engineer
459934,Kenroku,Gronowski,9999-01-01,Staff
459937,Uma,Munch,9999-01-01,Senior Engineer
459952,Mohammed,Cooman,9999-01-01,Staff
459953,Woody,Butterworth,9999-01-01,Senior Engineer
459978,Sadegh,Swan,9999-01-01,Staff
459988,Fatemeh,Radivojevic,9999-01-01,Senior Engineer
459989,Otilia,Kirkerud,9999-01-01,Senior Engineer
459991,Nevin,Salinas,9999-01-01,Senior Engineer
459993,Shaowei,Farrel,9999-01-01,Engineer
460000,Yifei,Cooman,9999-01-01,Engineer
460010,Marl,Masada,9999-01-01,Engineer
460014,Bernardo,Comte,9999-01-01,Senior Engineer
460032,Kenroku,Cusworth,9999-01-01,Engineer
460033,Paris,Ariola,9999-01-01,Staff
460044,Houman,Litecky,9999-01-01,Engineer
460046,Domenick,Codenie,9999-01-01,Senior Engineer
460048,Basem,Conti,9999-01-01,Technique Leader
460053,Oscar,Kroon,9999-01-01,Senior Staff
460059,Huei,Bahl,9999-01-01,Engineer
460088,Elvia,Kusakari,9999-01-01,Technique Leader
460091,Toshimi,Iisaka,9999-01-01,Senior Staff
460105,Joydip,Plesums,9999-01-01,Engineer
460114,Sailaja,Perna,9999-01-01,Senior Staff
460135,Hirochika,Kuzuoka,9999-01-01,Senior Staff
460144,Gadiel,Azuma,9999-01-01,Senior Engineer
460157,Sudhanshu,Parascandalo,9999-01-01,Senior Staff
460174,Udo,Felcyn,9999-01-01,Engineer
460186,Zhanqiu,Papastamatiou,9999-01-01,Senior Staff
460205,Masaru,Minakawa,9999-01-01,Senior Staff
460216,Cullen,Warwick,9999-01-01,Staff
460229,Aimee,Avouris,9999-01-01,Senior Staff
460238,Yucai,Akiyama,9999-01-01,Staff
460244,Danae,Menhardt,9999-01-01,Engineer
460286,Shen,Litecky,9999-01-01,Staff
460296,Janalee,Kinley,9999-01-01,Staff
460300,Berhard,Stemann,9999-01-01,Technique Leader
460302,Valeri,Bakhtari,9999-01-01,Staff
460304,Van,Rosin,9999-01-01,Senior Engineer
460307,Tsuneo,Carrera,9999-01-01,Staff
460323,Tse,Erbe,9999-01-01,Senior Engineer
460325,Manton,Ghelli,9999-01-01,Engineer
460331,Sham,Bierman,9999-01-01,Senior Staff
460335,Toney,Sethi,9999-01-01,Senior Staff
460340,Arun,Shanbhogue,9999-01-01,Senior Engineer
460346,Stafford,Dalphin,9999-01-01,Senior Staff
460348,Utz,Alameldin,9999-01-01,Engineer
460351,Magy,Jiang,9999-01-01,Senior Engineer
460355,Jeanna,Aloisi,9999-01-01,Staff
460359,Elgin,Lundstrom,9999-01-01,Engineer
460361,Roddy,Vieth,9999-01-01,Staff
460368,Sudhanshu,Baik,9999-01-01,Technique Leader
460381,Atilio,Pietracaprina,9999-01-01,Staff
460394,Aluzio,Rusmann,9999-01-01,Staff
460395,Salvador,Rosar,9999-01-01,Senior Staff
460402,Holgard,Pehl,9999-01-01,Senior Staff
460404,Lunjin,Clouatre,9999-01-01,Staff
460407,Sham,Gargeya,9999-01-01,Senior Staff
460419,Manton,Ecklund,9999-01-01,Senior Staff
460425,Inderjeet,Sidhu,9999-01-01,Engineer
460473,Gregory,Aingworth,9999-01-01,Staff
460478,Masadi,Talmon,9999-01-01,Senior Engineer
460487,Masamitsu,Delaune,9999-01-01,Senior Staff
460491,Xiaopeng,Birge,9999-01-01,Engineer
460497,Shugo,Domenig,9999-01-01,Senior Staff
460498,Jacopo,Ponthieu,9999-01-01,Senior Staff
460501,Khaled,Choobineh,9999-01-01,Senior Engineer
460511,Hyuncheol,Ponthieu,9999-01-01,Senior Engineer
460522,Dinkar,Weedman,9999-01-01,Staff
460531,Satyanarayana,Lagarias,9999-01-01,Senior Staff
460545,Toney,Goldhammer,9999-01-01,Staff
460549,Boriana,Pillow,9999-01-01,Staff
460564,Marie,Percebois,9999-01-01,Senior Engineer
460568,Zhiwei,Schiettecatte,9999-01-01,Engineer
460576,Pascal,Arlazarov,9999-01-01,Senior Engineer
460585,Geoffrey,Rissanen,9999-01-01,Senior Engineer
460588,Chuanyi,DasSarma,9999-01-01,Engineer
460593,Sreenivas,Brattka,9999-01-01,Staff
460613,Odysseas,Alpin,9999-01-01,Engineer
460619,Huei,Weedon,9999-01-01,Staff
460652,Joydip,Back,9999-01-01,Senior Engineer
460655,Alenka,Azuma,9999-01-01,Senior Staff
460660,Pranav,Azevdeo,9999-01-01,Senior Staff
460673,Houman,Zallocco,9999-01-01,Engineer
460693,Shuzo,Chenoweth,9999-01-01,Engineer
460696,Jinya,Byoun,9999-01-01,Engineer
460716,Shridhar,Birjandi,9999-01-01,Senior Staff
460723,Christfried,Pollock,9999-01-01,Senior Staff
460739,Yinlin,Wossner,9999-01-01,Engineer
460747,Gladys,Tibblin,9999-01-01,Staff
460749,Uma,Taubenfeld,9999-01-01,Senior Staff
460750,Tadahiko,Narahari,9999-01-01,Engineer
460755,Werner,McClurg,9999-01-01,Senior Staff
460766,Jaewon,Encarnacion,9999-01-01,Engineer
460811,Basem,Rettelbach,9999-01-01,Staff
460814,Sadegh,Birnbaum,9999-01-01,Engineer
460817,Ewing,Worfolk,9999-01-01,Staff
460825,Minghong,Molenaar,9999-01-01,Senior Engineer
460851,Uzi,Anily,9999-01-01,Senior Staff
460853,Guther,Stasinski,9999-01-01,Staff
460854,Minghong,Pelc,9999-01-01,Staff
460859,Duke,Sadowsky,9999-01-01,Assistant Engineer
460871,Stein,Kilgore,9999-01-01,Staff
460876,Vidar,Aingworth,9999-01-01,Engineer
460891,Emran,Zultner,9999-01-01,Staff
460894,Hideyuki,Suppi,9999-01-01,Senior Engineer
460897,Fei,Krohn,9999-01-01,Assistant Engineer
460902,Nimmagadda,Aamodt,9999-01-01,Engineer
460913,Kwangho,Baer,9999-01-01,Technique Leader
460918,Noritoshi,McClure,9999-01-01,Senior Engineer
460938,Foong,Koblitz,9999-01-01,Engineer
460951,Diederik,Worfolk,9999-01-01,Senior Staff
460956,Gad,Vieri,9999-01-01,Engineer
460972,Sadun,Ritcey,9999-01-01,Senior Staff
460978,Tse,Coors,9999-01-01,Technique Leader
460987,Visit,Smeets,9999-01-01,Senior Staff
460995,Heather,Borovoy,9999-01-01,Technique Leader
461000,Goncalo,Plesums,9999-01-01,Senior Engineer
461002,Greger,Maksimenko,9999-01-01,Staff
461005,Vugranam,Zaccaria,9999-01-01,Staff
461006,Stafford,Petereit,9999-01-01,Technique Leader
461022,Munehiko,Krichel,9999-01-01,Assistant Engineer
461027,Raimond,Acton,9999-01-01,Engineer
461054,Slavian,Delgrange,9999-01-01,Staff
461061,Van,Awdeh,9999-01-01,Engineer
461062,Ennio,Eterovic,9999-01-01,Staff
461066,Sanjeeva,Osgood,9999-01-01,Senior Staff
461082,Chikako,Kossowski,9999-01-01,Senior Staff
461091,Faiza,Marciano,9999-01-01,Engineer
461094,Sumant,Cardazo,9999-01-01,Staff
461096,Alper,Zockler,9999-01-01,Assistant Engineer
461102,Zengping,Bhattacharjee,9999-01-01,Staff
461118,Itzchak,Kaiser,9999-01-01,Engineer
461123,Jongsuk,Maraist,9999-01-01,Senior Engineer
461140,Khun,Ramsay,9999-01-01,Technique Leader
461145,Filipp,Selenyi,9999-01-01,Engineer
461157,Fai,Kaiser,9999-01-01,Senior Engineer
461170,Yuichiro,Kusakabe,9999-01-01,Staff
461178,Masasuke,Verhoeff,9999-01-01,Senior Staff
461185,Kerryn,Mungall,9999-01-01,Staff
461210,Kish,Chleq,9999-01-01,Staff
461212,KayLiang,Bultermann,9999-01-01,Senior Engineer
461219,Martina,Ushiama,9999-01-01,Technique Leader
461225,Insup,Birrer,9999-01-01,Staff
461264,Anwar,Conte,9999-01-01,Staff
461271,Constantijn,Erva,9999-01-01,Staff
461295,Insup,Bierman,9999-01-01,Senior Staff
461303,Badri,Simmen,9999-01-01,Engineer
461309,Nahum,Zaumen,9999-01-01,Senior Engineer
461317,Leni,Chartres,9999-01-01,Technique Leader
461318,Fatemeh,Aamodt,9999-01-01,Staff
461319,Kenton,Rotem,9999-01-01,Engineer
461328,Mohit,McAffer,9999-01-01,Staff
461347,Hisao,Chepyzhov,9999-01-01,Staff
461358,Bernice,Boguraev,9999-01-01,Engineer
461364,Vasilii,Huttel,9999-01-01,Senior Staff
461373,Yonghoan,Collette,9999-01-01,Senior Engineer
461417,Jianhui,Cromarty,9999-01-01,Senior Staff
461422,Tesuro,Schach,9999-01-01,Engineer
461452,Oksana,Tiemann,9999-01-01,Senior Staff
461472,Barry,Kawashimo,9999-01-01,Senior Staff
461474,King,Hammerschmidt,9999-01-01,Senior Staff
461480,Guttorm,Trystram,9999-01-01,Engineer
461485,Vivian,Angot,9999-01-01,Senior Engineer
461531,Kenton,Speek,9999-01-01,Senior Staff
461535,Apostol,Suwa,9999-01-01,Senior Staff
461545,Mooi,Highland,9999-01-01,Engineer
461556,Gina,Shokrollahi,9999-01-01,Senior Engineer
461566,Tamiya,Sessa,9999-01-01,Engineer
461573,Sachar,Zedlitz,9999-01-01,Senior Staff
461582,Golgen,Mapelli,9999-01-01,Staff
461605,Tesuya,Garnham,9999-01-01,Senior Staff
461608,Matk,Brendel,9999-01-01,Engineer
461615,Flemming,Borovoy,9999-01-01,Senior Staff
461625,Margareta,Bael,9999-01-01,Senior Staff
461638,Gad,Hettesheimer,9999-01-01,Technique Leader
461640,Krassimir,Auyong,9999-01-01,Senior Engineer
461654,Douadi,Kropp,9999-01-01,Senior Engineer
461672,Adib,Cardazo,9999-01-01,Engineer
461691,Gadiel,Lichtman,9999-01-01,Staff
461693,Fusako,Cappello,9999-01-01,Senior Engineer
461694,Arup,Dratva,9999-01-01,Senior Staff
461704,Akhilish,Bultermann,9999-01-01,Senior Staff
461711,Evgueni,Dulay,9999-01-01,Engineer
461718,Florina,Gruenwald,9999-01-01,Engineer
461721,Dinah,Schiper,9999-01-01,Staff
461751,Billie,Terlouw,9999-01-01,Engineer
461757,Hailing,Isaac,9999-01-01,Senior Engineer
461758,Niclas,Weiland,9999-01-01,Senior Engineer
461762,Yechiam,Speer,9999-01-01,Staff
461763,Arunachalam,Marsiglia,9999-01-01,Engineer
461768,Geoffry,Breugel,9999-01-01,Senior Engineer
461769,Bodo,Birge,9999-01-01,Senior Engineer
461776,Bernt,Improta,9999-01-01,Senior Staff
461803,Charmane,Radwan,9999-01-01,Senior Staff
461807,Shan,Rossi,9999-01-01,Senior Engineer
461808,Malu,Radivojevic,9999-01-01,Senior Staff
461812,Kristine,Kaiser,9999-01-01,Senior Staff
461818,Serap,Rosen,9999-01-01,Senior Staff
461820,Lansing,Prenel,9999-01-01,Senior Engineer
461833,Shuho,Rosar,9999-01-01,Engineer
461835,Serenella,Pell,9999-01-01,Staff
461848,Randi,Lemarechal,9999-01-01,Senior Staff
461860,Chaosheng,Syrotiuk,9999-01-01,Assistant Engineer
461861,Aron,Marsiglia,9999-01-01,Senior Staff
461876,Golgen,Hebden,9999-01-01,Engineer
461877,Kousuke,Pepe,9999-01-01,Senior Engineer
461885,Sreenivas,Gluchowski,9999-01-01,Engineer
461891,Ranan,Stranks,9999-01-01,Technique Leader
461903,Hironoby,Puppe,9999-01-01,Senior Engineer
461907,Van,Negoita,9999-01-01,Staff
461909,Jagoda,Porotnikoff,9999-01-01,Senior Engineer
461912,Ugo,Kowalchuk,9999-01-01,Senior Staff
461915,Alejandro,Sambasivam,9999-01-01,Senior Staff
461928,Gopalakrishnan,Wolniewicz,9999-01-01,Senior Engineer
461936,Akeno,Nishimukai,9999-01-01,Engineer
461949,Duro,Laurillard,9999-01-01,Senior Staff
461950,Hidefumi,Streng,9999-01-01,Senior Engineer
461956,Hitomi,Zuberek,9999-01-01,Engineer
461957,Harjit,Biran,9999-01-01,Staff
461958,Mohit,Slobodova,9999-01-01,Senior Staff
461960,Remko,Ramsay,9999-01-01,Senior Staff
461964,Ennio,Lund,9999-01-01,Senior Engineer
461976,Berry,Papadias,9999-01-01,Engineer
461979,Fayez,Mandelberg,9999-01-01,Senior Engineer
461990,Jacopo,Norsworthy,9999-01-01,Senior Staff
461997,Fumitake,Hempstead,9999-01-01,Senior Staff
462004,Ymte,Snyers,9999-01-01,Senior Staff
462016,Taiji,Danner,9999-01-01,Staff
462017,Cheong,Cronau,9999-01-01,Engineer
462028,Rasiah,Angot,9999-01-01,Engineer
462034,Geoffry,Lund,9999-01-01,Senior Engineer
462035,Mohammed,Egerstedt,9999-01-01,Engineer
462036,Bojan,Hasenauer,9999-01-01,Staff
462038,Gianluca,Angot,9999-01-01,Staff
462044,Ziya,Salverda,9999-01-01,Engineer
462049,Sachar,Antonisse,9999-01-01,Senior Staff
462051,Jayesh,Stemann,9999-01-01,Senior Staff
462059,Naftaly,Zockler,9999-01-01,Technique Leader
462062,Francoise,Einsfeld,9999-01-01,Staff
462070,Mahmut,Marsiglia,9999-01-01,Staff
462073,Alassane,Plump,9999-01-01,Senior Staff
462076,Katsuyuki,Guting,9999-01-01,Senior Engineer
462080,Guther,Larfeldt,9999-01-01,Engineer
462085,Marco,Gulla,9999-01-01,Engineer
462086,Fayez,Bressoud,9999-01-01,Engineer
462091,Patricia,Stemann,9999-01-01,Senior Engineer
462097,Mircea,Keohane,9999-01-01,Senior Staff
462111,Udo,Sudbeck,9999-01-01,Engineer
462116,Mahmut,Ramras,9999-01-01,Engineer
462119,Dmitri,Masamoto,9999-01-01,Staff
462128,Divine,Angelopoulos,9999-01-01,Engineer
462132,Phule,Gronowski,9999-01-01,Engineer
462140,Josyula,Chleq,9999-01-01,Senior Engineer
462145,Gurbir,Thimonier,9999-01-01,Senior Staff
462151,Akeel,Templeman,9999-01-01,Engineer
462157,Mabhin,Emmart,9999-01-01,Senior Staff
462186,Mikhail,Fontet,9999-01-01,Engineer
462190,Kazuhira,Erdi,9999-01-01,Senior Staff
462197,Yakkov,Thiran,9999-01-01,Engineer
462208,Stafford,Hopewell,9999-01-01,Staff
462231,Anneke,Albarhamtoshy,9999-01-01,Staff
462237,Achilleas,Mundy,9999-01-01,Senior Engineer
462246,Kenton,Cooley,9999-01-01,Engineer
462248,Manton,Vrecion,9999-01-01,Engineer
462259,Tomoyuki,Huttel,9999-01-01,Engineer
462264,Kirk,Baar,9999-01-01,Staff
462271,Feiyu,Redmiles,9999-01-01,Staff
462282,Adly,Morton,9999-01-01,Staff
462284,Samphel,Farrow,9999-01-01,Senior Staff
462286,Pintsang,Anger,9999-01-01,Senior Staff
462289,Kenroku,Adachi,9999-01-01,Engineer
462330,Krassimir,Shanbhogue,9999-01-01,Senior Staff
462331,Sushant,Binkley,9999-01-01,Senior Staff
462332,Yechezkel,Jenevein,9999-01-01,Staff
462345,Taisook,Pileggi,9999-01-01,Senior Engineer
462351,Ohad,Jullig,9999-01-01,Senior Engineer
462355,Shahar,Besselaar,9999-01-01,Technique Leader
462368,Bodo,Tsukune,9999-01-01,Senior Engineer
462372,Shaibal,Giaccio,9999-01-01,Senior Staff
462386,Parviz,Rullman,9999-01-01,Senior Staff
462387,Bezalel,Rossi,9999-01-01,Senior Staff
462403,Kensei,Segond,9999-01-01,Assistant Engineer
462407,Sastry,Motley,9999-01-01,Staff
462419,Chinho,Peris,9999-01-01,Staff
462443,Miomir,Ranka,9999-01-01,Senior Staff
462470,Satyanarayana,Worfolk,9999-01-01,Assistant Engineer
462473,Honesty,Butterworth,9999-01-01,Technique Leader
462484,Ronghao,Masamoto,9999-01-01,Senior Engineer
462506,Achilleas,Bugaenko,9999-01-01,Engineer
462510,Kshitij,Barvinok,9999-01-01,Senior Engineer
462512,Youjian,Leuchs,9999-01-01,Senior Engineer
462518,Ishfaq,Stavenow,9999-01-01,Senior Staff
462539,Shin,Mikschl,9999-01-01,Engineer
462549,Gretta,Bakhtari,9999-01-01,Senior Engineer
462552,Hironobu,Michaels,9999-01-01,Senior Engineer
462557,Lobel,Androutsos,9999-01-01,Technique Leader
462559,Adas,Swift,9999-01-01,Engineer
462561,Vishwani,Azulay,9999-01-01,Staff
462563,Toshimori,Weedon,9999-01-01,Technique Leader
462590,DeForest,Zucker,9999-01-01,Engineer
462595,Mohamadou,Pramanik,9999-01-01,Senior Staff
462607,Arif,Qiwen,9999-01-01,Technique Leader
462618,Mingdong,Munoz,9999-01-01,Technique Leader
462648,Fatemeh,Sridhar,9999-01-01,Senior Engineer
462668,Bedrich,Jenevein,9999-01-01,Staff
462685,Temple,Candan,9999-01-01,Staff
462690,Shaunak,Hettesheimer,9999-01-01,Staff
462698,Tzvetan,Blokdijk,9999-01-01,Senior Engineer
462703,Jaber,Terkki,9999-01-01,Staff
462705,Mohit,Norsworthy,9999-01-01,Staff
462706,Caolyn,VanScheik,9999-01-01,Staff
462734,Shridhar,Jansch,9999-01-01,Senior Engineer
462737,Yuguang,Szemeredi,9999-01-01,Senior Engineer
462742,Jayson,Kruskal,9999-01-01,Staff
462749,Yunming,Ramsay,9999-01-01,Senior Engineer
462759,Bodo,Kaiserswerth,9999-01-01,Engineer
462760,Chenye,Baja,9999-01-01,Staff
462765,Yurii,Rohrbach,9999-01-01,Senior Staff
462767,Uri,Ranai,9999-01-01,Staff
462776,Mostafa,Dechter,9999-01-01,Senior Staff
462792,Shim,Merkl,9999-01-01,Senior Engineer
462800,Sariel,Auria,9999-01-01,Senior Engineer
462809,Mana,Brlek,9999-01-01,Engineer
462819,Dmitry,Zwicker,9999-01-01,Engineer
462829,Moss,Range,9999-01-01,Engineer
462831,Heather,Wolniewicz,9999-01-01,Senior Staff
462844,Khatoun,Gini,9999-01-01,Engineer
462849,Tadahiro,Pintelas,9999-01-01,Staff
462857,Kwangsub,Hoogerwoord,9999-01-01,Senior Staff
462859,Xinglin,Gire,9999-01-01,Senior Engineer
462863,Jamaludin,Cullers,9999-01-01,Senior Engineer
462865,Kensei,Schaad,9999-01-01,Senior Staff
462866,Babette,Ritcey,9999-01-01,Technique Leader
462872,Shahaf,Zirintsis,9999-01-01,Senior Staff
462875,Francoise,Picaronny,9999-01-01,Engineer
462890,Jinya,Peak,9999-01-01,Staff
462919,Taizo,Atrawala,9999-01-01,Engineer
462924,Sanjay,Veevers,9999-01-01,Engineer
462925,Dharmaraja,Comyn,9999-01-01,Senior Staff
462933,Randy,Hemaspaandra,9999-01-01,Senior Engineer
462955,Eben,Kusakabe,9999-01-01,Senior Engineer
462982,Kankanahalli,Mundy,9999-01-01,Staff
462987,Nevio,Shrader,9999-01-01,Staff
462994,Horward,Haldar,9999-01-01,Senior Staff
462999,Venkatesan,Gonthier,9999-01-01,Senior Staff
463010,Abdelwaheb,Prochazka,9999-01-01,Senior Engineer
463019,Jovan,Figueira,9999-01-01,Senior Staff
463027,Peer,Pews,9999-01-01,Engineer
463030,Kazuhito,Oppitz,9999-01-01,Staff
463041,Navid,Litecky,9999-01-01,Senior Engineer
463042,Billie,Peron,9999-01-01,Engineer
463076,Mechthild,Swen,9999-01-01,Engineer
463078,Shirish,Mateescu,9999-01-01,Senior Staff
463081,Leen,Chaudhury,9999-01-01,Engineer
463092,Arnould,Peres,9999-01-01,Engineer
463093,Evgueni,Frolund,9999-01-01,Staff
463098,Howell,Merlo,9999-01-01,Technique Leader
463131,Cathie,Bolsens,9999-01-01,Senior Engineer
463141,Marsha,Masaki,9999-01-01,Senior Engineer
463147,Georgy,Terwilliger,9999-01-01,Staff
463149,Valeska,Kamber,9999-01-01,Staff
463152,Premsyl,Schiper,9999-01-01,Engineer
463155,Aemilian,Sabnani,9999-01-01,Senior Engineer
463156,Vojin,Miake,9999-01-01,Senior Staff
463161,Subhash,Milicia,9999-01-01,Senior Engineer
463185,Yahiko,Rosay,9999-01-01,Senior Staff
463187,Sachin,Penn,9999-01-01,Technique Leader
463214,Toshimo,Acton,9999-01-01,Engineer
463250,Arup,Ranta,9999-01-01,Senior Engineer
463252,Demin,Krzyzanowski,9999-01-01,Senior Engineer
463256,Mabhin,Demos,9999-01-01,Staff
463260,Masako,Muntz,9999-01-01,Senior Engineer
463286,Kwangho,Avouris,9999-01-01,Senior Staff
463310,Yoshimitsu,Melichar,9999-01-01,Engineer
463311,Fuqing,Scharstein,9999-01-01,Engineer
463312,Keung,Godskesen,9999-01-01,Staff
463316,Seongbae,Iwayama,9999-01-01,Senior Engineer
463317,Marco,Baar,9999-01-01,Senior Staff
463327,Udo,Keirsey,9999-01-01,Engineer
463334,Tran,Peak,9999-01-01,Assistant Engineer
463340,Danae,Buchter,9999-01-01,Senior Engineer
463360,Ung,Benantar,9999-01-01,Senior Staff
463368,Kotesh,Irland,9999-01-01,Senior Engineer
463370,Khue,Eiter,9999-01-01,Staff
463377,Greger,Ranai,9999-01-01,Staff
463388,Udaiprakash,Wrigley,9999-01-01,Senior Staff
463392,Masoud,Vandervoorde,9999-01-01,Senior Staff
463393,Bilhanan,Takkinen,9999-01-01,Engineer
463397,Gay,Kenevan,9999-01-01,Senior Staff
463401,Chrisa,Boyle,9999-01-01,Staff
463413,Kristinn,Lorys,9999-01-01,Senior Engineer
463426,Tetsurou,DuCasse,9999-01-01,Senior Engineer
463431,Lalit,Samarati,9999-01-01,Staff
463444,Patricia,Zambonelli,9999-01-01,Senior Engineer
463449,Aemilian,Varman,9999-01-01,Senior Engineer
463459,Mohammed,Farrag,9999-01-01,Senior Engineer
463463,Katsuyuki,Klerer,9999-01-01,Senior Staff
463464,Conor,Adachi,9999-01-01,Senior Engineer
463491,Jouko,Dichev,9999-01-01,Engineer
463500,Lorien,Terkki,9999-01-01,Staff
463519,Navid,Munch,9999-01-01,Senior Staff
463524,Koldo,Papadias,9999-01-01,Assistant Engineer
463529,Inderjeet,Kusakabe,9999-01-01,Engineer
463537,Sashi,Kulisch,9999-01-01,Senior Staff
463548,Chinho,Huhdanpaa,9999-01-01,Engineer
463551,Luerbio,Ramaiah,9999-01-01,Engineer
463552,Boaz,Brodie,9999-01-01,Staff
463554,Kristina,Kranzdorf,9999-01-01,Senior Engineer
463556,Monique,Emmart,9999-01-01,Staff
463615,Sariel,Quittner,9999-01-01,Senior Staff
463621,Lidong,Kobara,9999-01-01,Engineer
463649,Leaf,Picaronny,9999-01-01,Senior Staff
463658,Weiyi,Kroha,9999-01-01,Staff
463659,Gretta,Driscoll,9999-01-01,Senior Engineer
463660,Bedir,Ratnakar,9999-01-01,Senior Staff
463661,Minghong,Janocha,9999-01-01,Senior Staff
463665,Berthier,Hutter,9999-01-01,Engineer
463672,Jixiang,Kobara,9999-01-01,Senior Engineer
463679,Constantijn,Thimonier,9999-01-01,Engineer
463681,Gian,Kalefeld,9999-01-01,Engineer
463696,Sigeru,Babu,9999-01-01,Senior Staff
463699,Roded,Bardell,9999-01-01,Technique Leader
463700,Giao,Maraist,9999-01-01,Staff
463717,Mari,Pell,9999-01-01,Staff
463725,Wonhee,Zumaque,9999-01-01,Senior Engineer
463731,Weidon,Erev,9999-01-01,Senior Staff
463736,Howell,Smeets,9999-01-01,Senior Engineer
463738,Hairong,Pellegrinelli,9999-01-01,Senior Engineer
463746,Berhard,Reistad,9999-01-01,Staff
463748,Francesca,Yeung,9999-01-01,Engineer
463751,Toshimi,Sommer,9999-01-01,Engineer
463760,Charmane,Carrera,9999-01-01,Senior Engineer
463768,Mihalis,Pillow,9999-01-01,Engineer
463777,Gor,Rosca,9999-01-01,Staff
463781,Val,Heystek,9999-01-01,Staff
463785,Marlo,Felder,9999-01-01,Senior Staff
463793,Jongsuk,Takanami,9999-01-01,Senior Staff
463804,Ymte,Potthoff,9999-01-01,Engineer
463806,Freyja,Borstler,9999-01-01,Engineer
463808,Berni,Mitchem,9999-01-01,Senior Engineer
463814,Lena,Kandlur,9999-01-01,Senior Engineer
463825,Gao,Coombs,9999-01-01,Staff
463845,Kiyomitsu,Steinauer,9999-01-01,Senior Engineer
463862,Baocai,Compeau,9999-01-01,Senior Engineer
463869,Tooru,Zumaque,9999-01-01,Staff
463917,Harngdar,Cummings,9999-01-01,Senior Engineer
463921,Lalit,Bahr,9999-01-01,Staff
463932,Conrado,Marakhovsky,9999-01-01,Staff
463936,Giri,Schlenzig,9999-01-01,Staff
463945,Mads,Sifakis,9999-01-01,Senior Staff
463959,Lein,Zaccaria,9999-01-01,Engineer
463973,Christ,Bierbaum,9999-01-01,Senior Staff
463978,Pasqua,Pillow,9999-01-01,Engineer
463980,Howell,Etalle,9999-01-01,Senior Staff
463993,Debaprosad,Serot,9999-01-01,Engineer
464001,Shakhar,Lanphier,9999-01-01,Engineer
464005,Gino,Merli,9999-01-01,Senior Engineer
464020,Leaf,Kuzuoka,9999-01-01,Engineer
464022,Bartek,Beznosov,9999-01-01,Staff
464024,Bangqing,Yavatkar,9999-01-01,Senior Engineer
464025,Brigham,Baezner,9999-01-01,Engineer
464033,Fan,Beilner,9999-01-01,Senior Engineer
464040,Hyuncheol,Kavraki,9999-01-01,Staff
464050,Shan,Bratten,9999-01-01,Senior Staff
464051,Horward,Worfolk,9999-01-01,Senior Staff
464054,Ger,Ranai,9999-01-01,Senior Engineer
464059,Harngdar,Rullman,9999-01-01,Senior Staff
464089,Fox,Sommer,9999-01-01,Senior Staff
464102,Sibyl,Maraist,9999-01-01,Engineer
464125,Volkmar,Schrooten,9999-01-01,Senior Staff
464140,Kolar,Broomell,9999-01-01,Staff
464144,Mostafa,Ashish,9999-01-01,Staff
464151,Fumitake,Zumaque,9999-01-01,Senior Staff
464153,Adly,Stavenow,9999-01-01,Senior Staff
464154,Lena,Baaz,9999-01-01,Senior Staff
464155,Sachar,Horswill,9999-01-01,Assistant Engineer
464160,Xiaoqiu,Knightly,9999-01-01,Engineer
464174,Palash,Broomell,9999-01-01,Technique Leader
464179,Weiru,Krogh,9999-01-01,Senior Engineer
464194,Sakthirel,Brobst,9999-01-01,Engineer
464200,Junichi,Foong,9999-01-01,Senior Staff
464206,Mantis,Hedayat,9999-01-01,Senior Staff
464220,Sibyl,Shrader,9999-01-01,Senior Engineer
464242,Gen,Androutsos,9999-01-01,Staff
464282,Chriss,Winter,9999-01-01,Senior Engineer
464295,Jackson,Hebden,9999-01-01,Engineer
464310,Marit,Molenkamp,9999-01-01,Senior Staff
464312,Gunilla,Terwilliger,9999-01-01,Engineer
464319,Uzi,Lyonns,9999-01-01,Senior Engineer
464322,Sandeepan,Sessa,9999-01-01,Senior Staff
464338,Cathie,Vickson,9999-01-01,Technique Leader
464339,Chriss,Braccini,9999-01-01,Staff
464346,Bernardo,Bazzichi,9999-01-01,Staff
464356,Baruch,Sigstam,9999-01-01,Senior Staff
464365,Shaowen,Krogh,9999-01-01,Senior Staff
464366,Demos,Krupka,9999-01-01,Senior Engineer
464367,Achilleas,Zhang,9999-01-01,Technique Leader
464372,Masadi,Dalton,9999-01-01,Senior Staff
464374,Peternela,Slutz,9999-01-01,Senior Engineer
464383,Chandrasekaran,Nooteboom,9999-01-01,Senior Staff
464386,Radhakrishnan,Koblick,9999-01-01,Staff
464417,Seongbin,Isaak,9999-01-01,Senior Engineer
464425,Shaunak,Murtafg,9999-01-01,Senior Staff
464437,Steve,Kamble,9999-01-01,Senior Engineer
464439,Zhiguo,Verhaegen,9999-01-01,Staff
464447,Youngkon,DuCasse,9999-01-01,Staff
464454,Rosalyn,Anandan,9999-01-01,Engineer
464477,Xinan,Yurek,9999-01-01,Senior Staff
464478,Nathan,Denna,9999-01-01,Senior Engineer
464494,Eishiro,Veevers,9999-01-01,Senior Staff
464504,Weiwu,Shrader,9999-01-01,Senior Staff
464515,Owen,Baezner,9999-01-01,Engineer
464524,Youssef,Minakawa,9999-01-01,Senior Engineer
464534,Idoia,Angelopoulos,9999-01-01,Senior Engineer
464542,Masako,Holburn,9999-01-01,Senior Engineer
464544,Duke,Koshiba,9999-01-01,Staff
464550,Xuedong,Lamparter,9999-01-01,Staff
464555,Kellyn,Zastre,9999-01-01,Staff
464573,Kitty,Roison,9999-01-01,Senior Engineer
464588,Xiaoshan,Pargas,9999-01-01,Staff
464599,Ramya,Collavizza,9999-01-01,Staff
464600,Martijn,Osgood,9999-01-01,Engineer
464601,Honesty,Garigliano,9999-01-01,Senior Engineer
464604,Tsutomu,Fiutem,9999-01-01,Engineer
464614,Arto,Siksek,9999-01-01,Senior Engineer
464622,Minghong,Liesche,9999-01-01,Senior Staff
464631,Greger,Vesna,9999-01-01,Engineer
464639,Elgin,Hardjono,9999-01-01,Senior Engineer
464640,Elvia,Fontet,9999-01-01,Senior Staff
464650,Sugwoo,Pramanik,9999-01-01,Engineer
464654,Ohad,Pillow,9999-01-01,Senior Staff
464657,Martine,Baba,9999-01-01,Staff
464692,Paraskevi,Katiyar,9999-01-01,Senior Staff
464695,Lech,Angel,9999-01-01,Senior Engineer
464699,TRUE,Barriga,9999-01-01,Technique Leader
464701,Hongzhu,Paludetto,9999-01-01,Senior Staff
464708,Taizo,Bierman,9999-01-01,Staff
464724,Thanasis,Luon,9999-01-01,Senior Staff
464725,Sedat,Peac,9999-01-01,Senior Engineer
464730,Susanna,Halloran,9999-01-01,Senior Staff
464744,Ranan,Anick,9999-01-01,Senior Staff
464757,Mingzeng,Brattka,9999-01-01,Senior Engineer
464773,Yahiko,Leslie,9999-01-01,Senior Engineer
464799,Dipankar,Undy,9999-01-01,Engineer
464805,Sushant,Quittner,9999-01-01,Senior Staff
464818,Rasiah,Perez,9999-01-01,Senior Engineer
464820,Seshu,Linnainmaa,9999-01-01,Engineer
464839,Youjian,Marshall,9999-01-01,Senior Staff
464845,Toong,Hooghiemstra,9999-01-01,Engineer
464853,Zhiwei,Schreiter,9999-01-01,Engineer
464857,Limsoon,Magliocco,9999-01-01,Senior Staff
464859,Hyuncheol,Bonifati,9999-01-01,Senior Engineer
464864,Shen,Schmittgen,9999-01-01,Senior Staff
464865,Jordanka,Hofmeyr,9999-01-01,Engineer
464871,Tze,Alameldin,9999-01-01,Technique Leader
464889,Berry,Hettesheimer,9999-01-01,Engineer
464906,Sachem,Stille,9999-01-01,Engineer
464909,Claudi,Escriba,9999-01-01,Engineer
464913,Shaunak,McDermid,9999-01-01,Staff
464914,Jinxi,Bolotov,9999-01-01,Engineer
464924,Tayeb,Auyong,9999-01-01,Assistant Engineer
464933,Alair,Kriebel,9999-01-01,Technique Leader
464935,Nimmagadda,Ranst,9999-01-01,Engineer
464937,Fai,Luit,9999-01-01,Assistant Engineer
464939,Woody,Eugenio,9999-01-01,Senior Staff
464942,Shiv,Alpin,9999-01-01,Staff
464953,Toshimitsu,Winter,9999-01-01,Engineer
464974,Kiyokazu,Birdsall,9999-01-01,Senior Engineer
464976,Licheng,Ecklund,9999-01-01,Engineer
464996,Takahira,Lagarias,9999-01-01,Senior Engineer
464999,Terresa,Nanard,9999-01-01,Engineer
465027,Valter,Schneeberger,9999-01-01,Engineer
465033,Yuriy,Yetim,9999-01-01,Senior Staff
465053,Adam,Navazio,9999-01-01,Senior Staff
465054,Troy,Remmers,9999-01-01,Senior Staff
465096,Denny,Facello,9999-01-01,Senior Engineer
465098,Mircea,Iivonen,9999-01-01,Engineer
465119,Radhakrishnan,Portugali,9999-01-01,Senior Staff
465131,Heather,Buescher,9999-01-01,Staff
465134,Marlo,Rullman,9999-01-01,Senior Engineer
465135,Jayson,Birge,9999-01-01,Staff
465137,Shigeaki,Ermel,9999-01-01,Staff
465146,Naftaly,Naumovich,9999-01-01,Staff
465162,Iara,Hashii,9999-01-01,Senior Staff
465194,Yechiam,Aloia,9999-01-01,Senior Engineer
465195,Khun,Birch,9999-01-01,Engineer
465199,Wojceich,Plotkin,9999-01-01,Senior Engineer
465207,Saddek,Moffat,9999-01-01,Senior Staff
465268,Changho,Laventhal,9999-01-01,Senior Staff
465279,Charlene,Vuskovic,9999-01-01,Staff
465289,Troy,Perez,9999-01-01,Staff
465290,Toshimo,Masaki,9999-01-01,Engineer
465293,Hilary,Bresenham,9999-01-01,Senior Engineer
465311,Mitchel,Lenart,9999-01-01,Assistant Engineer
465319,Pradeep,Caine,9999-01-01,Senior Staff
465321,Fumitaka,Slobodova,9999-01-01,Senior Staff
465326,Munenori,Coney,9999-01-01,Engineer
465328,Xianlong,Cesareni,9999-01-01,Senior Engineer
465361,Gretta,Veccia,9999-01-01,Senior Staff
465367,Chiranjit,Cappello,9999-01-01,Technique Leader
465370,Kazuhiko,Chvatal,9999-01-01,Senior Engineer
465384,Pohua,Attimonelli,9999-01-01,Engineer
465391,Dipankar,Foote,9999-01-01,Engineer
465392,Laurentiu,Ruemmler,9999-01-01,Senior Staff
465413,Francoise,Oxenboll,9999-01-01,Senior Staff
465443,Freyja,Straney,9999-01-01,Staff
465447,Mahmut,Kabayashi,9999-01-01,Senior Engineer
465460,Shawna,Meszaros,9999-01-01,Senior Engineer
465468,Chrisa,Cairo,9999-01-01,Engineer
465471,Wilmer,Birta,9999-01-01,Staff
465480,Rayond,Atrawala,9999-01-01,Staff
465510,Kazuhira,Marciano,9999-01-01,Senior Engineer
465521,KayLiang,Mersereau,9999-01-01,Engineer
465524,Falguni,Falck,9999-01-01,Senior Staff
465537,Jaideep,Plessier,9999-01-01,Engineer
465547,Bernice,Alpin,9999-01-01,Senior Staff
465548,Godehard,Cappelletti,9999-01-01,Engineer
465550,Chaosheng,Basagni,9999-01-01,Staff
465558,Zengping,Kolinko,9999-01-01,Senior Staff
465560,Berhard,Wrigley,9999-01-01,Technique Leader
465581,Kiyomitsu,Highland,9999-01-01,Senior Engineer
465582,Licheng,Lukaszewicz,9999-01-01,Engineer
465596,Moss,Murtha,9999-01-01,Senior Staff
465603,Uma,Lorch,9999-01-01,Staff
465609,Insup,England,9999-01-01,Senior Staff
465616,Bernt,Moffat,9999-01-01,Staff
465649,Vidar,Bresenham,9999-01-01,Staff
465651,Tesuro,Ramamoorthy,9999-01-01,Engineer
465657,Aiman,Garigliano,9999-01-01,Senior Engineer
465661,Mohammad,Raoux,9999-01-01,Senior Engineer
465663,Anoosh,Llado,9999-01-01,Staff
465679,Georgy,Segond,9999-01-01,Senior Engineer
465680,Gen,Czap,9999-01-01,Senior Engineer
465681,Stevo,Peral,9999-01-01,Senior Staff
465696,Roselyn,Thiran,9999-01-01,Engineer
465698,Ranan,Demos,9999-01-01,Senior Staff
465699,Aral,Schwabacher,9999-01-01,Senior Staff
465723,Eben,Siochi,9999-01-01,Engineer
465725,Youngkon,Moffat,9999-01-01,Senior Engineer
465739,Wilmer,Verhaegen,9999-01-01,Technique Leader
465740,Mohammed,Jahnichen,9999-01-01,Senior Engineer
465751,Elzbieta,Thorensen,9999-01-01,Assistant Engineer
465757,Brewster,Morris,9999-01-01,Senior Engineer
465760,Tristan,Cullers,9999-01-01,Senior Staff
465783,Constantino,Tchuente,9999-01-01,Senior Staff
465791,Atreye,Azuma,9999-01-01,Staff
465793,Make,Baek,9999-01-01,Senior Engineer
465809,Shigeichiro,Herath,9999-01-01,Senior Staff
465818,Eben,Rosiles,9999-01-01,Senior Engineer
465819,Ibibia,Hambrick,9999-01-01,Engineer
465829,Dante,Beidas,9999-01-01,Senior Engineer
465857,Nahla,Peron,9999-01-01,Staff
465865,Anneli,Braunschweig,9999-01-01,Senior Engineer
465872,Maria,Litzler,9999-01-01,Senior Engineer
465873,Paddy,Ishibashi,9999-01-01,Engineer
465880,Khoa,Wolniewicz,9999-01-01,Engineer
465885,Gian,Randt,9999-01-01,Engineer
465893,Kish,Moffat,9999-01-01,Senior Staff
465900,Hatim,Maginnis,9999-01-01,Staff
465901,Magdalena,Facello,9999-01-01,Engineer
465904,Lorien,Schmezko,9999-01-01,Engineer
465932,Mori,Stifter,9999-01-01,Staff
465936,Yongqiao,Roison,9999-01-01,Senior Staff
465950,Baocai,Koshiba,9999-01-01,Staff
465956,Arto,Erbe,9999-01-01,Engineer
465967,Mani,Liedekerke,9999-01-01,Engineer
465977,Kiyotoshi,Suermann,9999-01-01,Senior Engineer
465980,Kazuhito,Hmelo,9999-01-01,Senior Engineer
466001,Ashish,Levasseur,9999-01-01,Engineer
466034,Saniya,Lovengreen,9999-01-01,Senior Staff
466042,Debaprosad,Yetto,9999-01-01,Senior Engineer
466051,Keiichiro,Giaccio,9999-01-01,Staff
466058,Zhonghui,Murtha,9999-01-01,Staff
466063,Heon,Wendorf,9999-01-01,Senior Staff
466070,Xiaoqiu,Ranta,9999-01-01,Engineer
466076,Shahaf,Vitiello,9999-01-01,Engineer
466082,Alejandra,Sooriamurthi,9999-01-01,Senior Staff
466095,Candido,Stemann,9999-01-01,Technique Leader
466101,Manibrata,Kropp,9999-01-01,Staff
466103,Phule,Homond,9999-01-01,Senior Engineer
466104,Valter,Junot,9999-01-01,Engineer
466121,Fuqing,Trumbly,9999-01-01,Staff
466128,Duke,Viele,9999-01-01,Staff
466134,Mansur,Kamble,9999-01-01,Engineer
466159,Ebbe,Azevdeo,9999-01-01,Staff
466168,Khun,McFarlin,9999-01-01,Engineer
466170,Jacqueline,Zaumen,9999-01-01,Senior Engineer
466180,Troy,Lukaszewicz,9999-01-01,Engineer
466186,Alenka,Redmiles,9999-01-01,Senior Staff
466188,Adly,Landherr,9999-01-01,Senior Staff
466205,Zeydy,Callaway,9999-01-01,Senior Engineer
466226,Gianluca,Talmor,9999-01-01,Engineer
466227,Palash,Manderick,9999-01-01,Engineer
466244,Radhakrishnan,Antonisse,9999-01-01,Technique Leader
466247,Zongyan,Furedi,9999-01-01,Engineer
466251,Ger,Halevi,9999-01-01,Engineer
466260,Lijia,Zongker,9999-01-01,Senior Engineer
466264,Bingning,Ramsak,9999-01-01,Senior Staff
466272,Pohua,DeMori,9999-01-01,Engineer
466273,Gina,Shihab,9999-01-01,Senior Staff
466279,Adil,Goodrum,9999-01-01,Senior Staff
466282,Yishay,Setlzner,9999-01-01,Staff
466297,Jaques,Ramras,9999-01-01,Staff
466299,Kwee,Greenaway,9999-01-01,Staff
466315,Dante,Majewski,9999-01-01,Engineer
466320,Shigehiro,Janetzko,9999-01-01,Staff
466323,Luerbio,Prochazka,9999-01-01,Staff
466342,Leandro,Wissmann,9999-01-01,Staff
466345,Baoqiu,Sluis,9999-01-01,Staff
466404,Gil,Hatcliff,9999-01-01,Staff
466408,Tremaine,Fritzsche,9999-01-01,Senior Staff
466416,Weiyi,Pargaonkar,9999-01-01,Senior Engineer
466431,Taegyun,Gladwell,9999-01-01,Senior Engineer
466440,Gill,Morton,9999-01-01,Senior Staff
466462,Duke,Pillow,9999-01-01,Senior Engineer
466468,Irena,Granlund,9999-01-01,Staff
466487,Makato,Strooper,9999-01-01,Staff
466490,Masako,Lenart,9999-01-01,Senior Engineer
466493,Giordano,Naumovich,9999-01-01,Engineer
466496,Utz,Raoux,9999-01-01,Senior Engineer
466511,Ramya,Tagansky,9999-01-01,Senior Engineer
466521,Huican,Chaudhury,9999-01-01,Engineer
466527,Shawna,Eterovic,9999-01-01,Senior Staff
466531,Sachar,Rindone,9999-01-01,Assistant Engineer
466539,Van,Chappelet,9999-01-01,Engineer
466550,Monique,Narahara,9999-01-01,Senior Staff
466556,Xinglin,Karnin,9999-01-01,Engineer
466572,Babette,Coullard,9999-01-01,Staff
466575,Otmar,Langford,9999-01-01,Senior Engineer
466584,Irene,Demizu,9999-01-01,Senior Staff
466599,Arunachalam,Stifter,9999-01-01,Engineer
466605,Harngdar,Sury,9999-01-01,Technique Leader
466615,Mats,Wixon,9999-01-01,Senior Engineer
466621,Mohit,Fabrizio,9999-01-01,Senior Staff
466629,Hailing,Marchegay,9999-01-01,Staff
466632,Sumant,Burnard,9999-01-01,Staff
466635,Harngdar,Nations,9999-01-01,Staff
466662,Bojan,Buescher,9999-01-01,Staff
466666,Visit,Gente,9999-01-01,Senior Engineer
466679,Yuriy,Peral,9999-01-01,Staff
466698,Thanasis,Makrucki,9999-01-01,Senior Staff
466701,Frederique,Ashish,9999-01-01,Staff
466704,Masami,Braccini,9999-01-01,Technique Leader
466710,Becky,Chachaty,9999-01-01,Senior Engineer
466711,Adib,Zeidenstein,9999-01-01,Senior Staff
466724,Yuichiro,Gronowski,9999-01-01,Senior Engineer
466739,Navid,Birge,9999-01-01,Engineer
466740,Oddvar,Feldhoffer,9999-01-01,Senior Staff
466743,Bogdan,Salvesen,9999-01-01,Engineer
466749,Eckart,Sridhar,9999-01-01,Senior Engineer
466753,Stevo,Kushner,9999-01-01,Senior Staff
466755,Zhongwei,Gill,9999-01-01,Staff
466758,Hugo,Anandan,9999-01-01,Staff
466759,Ferdinand,Ashish,9999-01-01,Engineer
466764,Tadanori,Tsukuda,9999-01-01,Staff
466767,Behnaam,Hasenauer,9999-01-01,Senior Engineer
466784,Mohit,Schiper,9999-01-01,Senior Engineer
466787,Heekeun,Piazza,9999-01-01,Engineer
466797,Raimond,Thimonier,9999-01-01,Senior Staff
466807,Haldun,Wroclawski,9999-01-01,Staff
466835,Shridhar,Jenevein,9999-01-01,Staff
466837,Josyula,Bruckman,9999-01-01,Engineer
466867,Kwangjo,Klerer,9999-01-01,Assistant Engineer
466869,Flemming,Magalhaes,9999-01-01,Staff
466878,Zine,Chenoweth,9999-01-01,Staff
466958,Patricio,Snedden,9999-01-01,Technique Leader
466969,Sariel,Skogmar,9999-01-01,Senior Engineer
466972,Aamer,Haldar,9999-01-01,Engineer
466983,Sachio,Meszaros,9999-01-01,Engineer
466984,Maya,Rosar,9999-01-01,Engineer
466996,Etsuo,Cronin,9999-01-01,Senior Engineer
467011,Adib,Srimani,9999-01-01,Senior Staff
467017,Kolar,Gente,9999-01-01,Assistant Engineer
467020,Kyoichi,Provine,9999-01-01,Senior Engineer
467050,Manohar,Birta,9999-01-01,Senior Engineer
467058,Gift,Kaltofen,9999-01-01,Staff
467060,Aimee,Baik,9999-01-01,Senior Staff
467065,Jeanne,Ginneken,9999-01-01,Engineer
467080,Jessie,Buchter,9999-01-01,Senior Staff
467112,Tsvetan,Eppinger,9999-01-01,Senior Staff
467116,Shirish,Straney,9999-01-01,Staff
467129,Richara,Reinhard,9999-01-01,Senior Staff
467130,Cristinel,Passafiume,9999-01-01,Senior Staff
467134,Xuedong,Wendorf,9999-01-01,Senior Staff
467136,Candido,Munke,9999-01-01,Engineer
467146,Hinrich,Chappelet,9999-01-01,Senior Engineer
467160,Geraldo,Lyonns,9999-01-01,Senior Engineer
467161,Visit,Demos,9999-01-01,Engineer
467163,Sadok,Heering,9999-01-01,Staff
467203,Leaf,Bolsens,9999-01-01,Senior Engineer
467204,Shiv,Tyugu,9999-01-01,Staff
467219,Yongmao,Baaleh,9999-01-01,Staff
467222,Xiaoheng,Suri,9999-01-01,Engineer
467242,Abdulah,Kalefeld,9999-01-01,Staff
467288,Tze,Feinberg,9999-01-01,Staff
467292,Ioana,Byoun,9999-01-01,Senior Staff
467303,Chaosheng,Schach,9999-01-01,Engineer
467308,Ishfaq,Cappello,9999-01-01,Staff
467331,Jeane,Boreale,9999-01-01,Technique Leader
467345,Florian,Kobuchi,9999-01-01,Staff
467357,Suebskul,Lichtman,9999-01-01,Senior Engineer
467360,Bodh,Garnier,9999-01-01,Engineer
467362,Zhensheng,Codenie,9999-01-01,Engineer
467375,Genta,Felcyn,9999-01-01,Senior Staff
467381,Satyanarayana,Perez,9999-01-01,Engineer
467385,Hugo,Caine,9999-01-01,Senior Engineer
467397,Nahum,Benzmuller,9999-01-01,Engineer
467410,Zdislav,Chaudhuri,9999-01-01,Senior Staff
467418,Marl,Ranai,9999-01-01,Engineer
467430,Angel,Ossenbruggen,9999-01-01,Technique Leader
467443,Xiadong,Ramamoorthy,9999-01-01,Senior Engineer
467447,Sakthirel,Kandlur,9999-01-01,Engineer
467448,Halsur,Collette,9999-01-01,Engineer
467452,Sailaja,Waeselynck,9999-01-01,Engineer
467460,Parviz,Michaeli,9999-01-01,Engineer
467461,Mohamadou,Muntz,9999-01-01,Senior Engineer
467472,Idoia,Hooghiemstra,9999-01-01,Engineer
467480,Kiyokazu,Fadgyas,9999-01-01,Senior Staff
467497,Phillip,Schach,9999-01-01,Engineer
467500,Sanjiv,Syang,9999-01-01,Staff
467502,Sukumar,Danner,9999-01-01,Senior Engineer
467511,Akemi,Thambidurai,9999-01-01,Senior Staff
467514,Khalid,Mateescu,9999-01-01,Engineer
467520,Xianlong,Onuegbe,9999-01-01,Staff
467521,Juichirou,Giarratana,9999-01-01,Engineer
467524,Youngkon,Pearson,9999-01-01,Senior Staff
467554,Shalesh,Zockler,9999-01-01,Senior Staff
467559,Nathalie,Wilharm,9999-01-01,Assistant Engineer
467581,Dines,Dalphin,9999-01-01,Senior Engineer
467593,Mayuko,Reghbati,9999-01-01,Staff
467607,Gio,Randt,9999-01-01,Senior Staff
467609,Jongsuk,Masada,9999-01-01,Senior Engineer
467616,Manton,Kitai,9999-01-01,Senior Engineer
467618,Jasminko,Isard,9999-01-01,Engineer
467620,Abdelaziz,Melichar,9999-01-01,Staff
467626,Kolar,Vasanthakumar,9999-01-01,Engineer
467629,Kristof,Solares,9999-01-01,Senior Staff
467630,Radhika,Smeets,9999-01-01,Technique Leader
467645,Parviz,Suessmith,9999-01-01,Staff
467663,Florian,Talmon,9999-01-01,Senior Engineer
467665,Gio,Lamma,9999-01-01,Staff
467680,Ravishankar,Luon,9999-01-01,Senior Staff
467697,Freyja,Hebert,9999-01-01,Engineer
467705,Jayesh,Fendler,9999-01-01,Senior Staff
467706,Xianlong,Nastansky,9999-01-01,Senior Staff
467712,Maik,Iisaka,9999-01-01,Engineer
467714,Guadalupe,Kleiser,9999-01-01,Senior Staff
467725,Lein,Bridgland,9999-01-01,Engineer
467728,Chaosheng,Rodiger,9999-01-01,Engineer
467730,Miyeon,Eldridge,9999-01-01,Assistant Engineer
467738,Kien,Zielinski,9999-01-01,Senior Staff
467760,Taiji,Pocchiola,9999-01-01,Senior Staff
467771,Breannda,Schaad,9999-01-01,Senior Staff
467773,Xuejia,Guenter,9999-01-01,Senior Staff
467787,Xiaoqiang,Ferriere,9999-01-01,Senior Staff
467804,Billie,Merli,9999-01-01,Senior Staff
467816,Vasiliy,Rohrbach,9999-01-01,Engineer
467818,Radhia,Glinert,9999-01-01,Engineer
467820,Jaewon,Buescher,9999-01-01,Engineer
467823,Pohua,Ranft,9999-01-01,Senior Engineer
467828,Fox,Butner,9999-01-01,Engineer
467876,Zeydy,Mondadori,9999-01-01,Senior Staff
467889,Chenyi,Sichman,9999-01-01,Senior Engineer
467901,Subhash,Schaft,9999-01-01,Technique Leader
467904,Gadiel,Eppinger,9999-01-01,Engineer
467909,Marlo,Birge,9999-01-01,Staff
467937,Jeanne,Lupu,9999-01-01,Engineer
467942,Teunis,Sichman,9999-01-01,Engineer
467943,Marko,Krychniak,9999-01-01,Engineer
467946,Randi,Baar,9999-01-01,Staff
467960,Huan,Lichtner,9999-01-01,Staff
467970,Utz,Kuzuoka,9999-01-01,Senior Staff
467971,Xiaoqiu,DeMori,9999-01-01,Senior Engineer
467972,Xiaoshan,Magalhaes,9999-01-01,Assistant Engineer
467973,Gopalakrishnan,Cannard,9999-01-01,Engineer
467986,Ekawit,Sundgren,9999-01-01,Senior Staff
467992,Mang,Solares,9999-01-01,Staff
468004,Sanjoy,Koblick,9999-01-01,Senior Staff
468006,Sajjan,Gewali,9999-01-01,Senior Staff
468020,Mayumi,Koblick,9999-01-01,Engineer
468021,Mandell,Meszaros,9999-01-01,Technique Leader
468027,Venkatesan,Besancenot,9999-01-01,Engineer
468028,Jessie,Schaft,9999-01-01,Senior Staff
468029,Felicidad,Hofting,9999-01-01,Senior Engineer
468030,Anoosh,Poujol,9999-01-01,Engineer
468043,Mohamadou,Pappas,9999-01-01,Engineer
468046,Perry,Perez,9999-01-01,Senior Engineer
468058,Martina,Polupanov,9999-01-01,Staff
468073,Tomofumi,Zaumen,9999-01-01,Senior Engineer
468076,Susuma,Hofting,9999-01-01,Technique Leader
468077,Mingsen,Begiun,9999-01-01,Staff
468100,Guoxiang,Lambe,9999-01-01,Senior Staff
468103,Demin,Remmers,9999-01-01,Engineer
468106,Adly,Kambil,9999-01-01,Technique Leader
468117,Chikako,Bugrara,9999-01-01,Technique Leader
468122,Sarita,Vieth,9999-01-01,Senior Staff
468129,Tzvetan,Hanratty,9999-01-01,Staff
468141,Janalee,Peir,9999-01-01,Staff
468150,Mohammad,Staelin,9999-01-01,Engineer
468153,Duke,Cannata,9999-01-01,Engineer
468160,Remko,Fendler,9999-01-01,Senior Engineer
468161,Mats,Prenel,9999-01-01,Technique Leader
468165,Armond,Slutz,9999-01-01,Staff
468175,Girolamo,Ranft,9999-01-01,Staff
468184,Xiong,Klerer,9999-01-01,Engineer
468185,Nakhoon,Pietracaprina,9999-01-01,Senior Engineer
468194,Jinxi,Saoudi,9999-01-01,Technique Leader
468200,Munehiko,VanScheik,9999-01-01,Senior Engineer
468230,Marc,Bolotov,9999-01-01,Engineer
468231,Minghong,Gerteisen,9999-01-01,Staff
468239,Amabile,Onuegbe,9999-01-01,Staff
468245,Xiaoqiang,Erev,9999-01-01,Engineer
468248,DAIDA,Brookman,9999-01-01,Engineer
468249,Domenick,Schmiedel,9999-01-01,Engineer
468251,Kish,Kieras,9999-01-01,Senior Engineer
468256,Gudjon,Lieberherr,9999-01-01,Engineer
468266,Cathie,Wilfing,9999-01-01,Engineer
468272,Aria,Baak,9999-01-01,Engineer
468273,Yechezkel,Usery,9999-01-01,Staff
468279,Marco,Auria,9999-01-01,Senior Engineer
468280,Prasadram,Ernst,9999-01-01,Engineer
468285,Yefim,Nollmann,9999-01-01,Staff
468291,Mohit,Avouris,9999-01-01,Senior Staff
468296,Shan,Bardell,9999-01-01,Senior Staff
468303,Stamatina,Beerel,9999-01-01,Staff
468306,Mircea,Argence,9999-01-01,Engineer
468320,Goetz,Ravishankar,9999-01-01,Staff
468321,Teruyuki,Reeker,9999-01-01,Senior Staff
468324,Shounak,Rosenbaum,9999-01-01,Senior Staff
468325,Rosli,Papadias,9999-01-01,Engineer
468344,Urs,Hertweck,9999-01-01,Senior Staff
468354,Nishit,Kolvik,9999-01-01,Senior Staff
468355,Huai,Matzen,9999-01-01,Senior Engineer
468369,Trygve,Iacovou,9999-01-01,Senior Engineer
468371,Stamatina,Viele,9999-01-01,Staff
468381,Zhilian,Cangellaris,9999-01-01,Staff
468387,Kaijung,Pews,9999-01-01,Staff
468393,Kendra,Puppo,9999-01-01,Senior Engineer
468406,Alois,Michaels,9999-01-01,Senior Engineer
468436,Vatsa,Griswold,9999-01-01,Senior Engineer
468445,Roddy,Krybus,9999-01-01,Senior Engineer
468446,Boguslaw,Morris,9999-01-01,Staff
468449,Soenke,Improta,9999-01-01,Assistant Engineer
468465,Yuping,McDermid,9999-01-01,Staff
468472,Sreekrishna,Tsukuda,9999-01-01,Engineer
468476,Prasadram,Mitina,9999-01-01,Senior Engineer
468477,Yuguang,Conde,9999-01-01,Engineer
468490,Sudhanshu,Hainaut,9999-01-01,Senior Staff
468494,Aris,Willoner,9999-01-01,Senior Staff
468497,Odinaldo,Rettelbach,9999-01-01,Senior Staff
468500,Zito,Auria,9999-01-01,Senior Engineer
468518,Manu,Tempesti,9999-01-01,Engineer
468524,Geraldo,Bellone,9999-01-01,Staff
468527,Sibyl,Luan,9999-01-01,Senior Staff
468534,Ipke,Staelin,9999-01-01,Senior Engineer
468550,Richard,Hiroyama,9999-01-01,Senior Staff
468574,Dines,Leijenhorst,9999-01-01,Engineer
468597,Masako,Polajnar,9999-01-01,Senior Engineer
468615,Tzvetan,Zaiane,9999-01-01,Staff
468629,Arno,Heydon,9999-01-01,Staff
468650,Alexius,Huttel,9999-01-01,Engineer
468671,Hailing,Calkin,9999-01-01,Engineer
468686,Wuxu,Biron,9999-01-01,Senior Engineer
468689,Vitali,Fujisaki,9999-01-01,Staff
468717,Dekang,Soloway,9999-01-01,Engineer
468724,Bangqing,Molenkamp,9999-01-01,Engineer
468730,Xiaoqiu,Christianini,9999-01-01,Senior Staff
468743,Constantine,Rosin,9999-01-01,Senior Engineer
468764,Gor,Ramsak,9999-01-01,Senior Engineer
468779,Aemilian,Guting,9999-01-01,Senior Engineer
468802,Bodh,Karnin,9999-01-01,Senior Engineer
468804,Atreye,Axelband,9999-01-01,Engineer
468806,Howell,Tsukuda,9999-01-01,Engineer
468816,Jiang,Bennet,9999-01-01,Staff
468825,Aruna,Breugel,9999-01-01,Senior Staff
468840,Sarita,Nitsch,9999-01-01,Senior Staff
468844,Chiradeep,Jenevein,9999-01-01,Staff
468846,Zengping,Gilg,9999-01-01,Senior Staff
468871,Chikara,Kaltofen,9999-01-01,Senior Staff
468878,Anwar,Rubsam,9999-01-01,Senior Engineer
468884,Marin,Cusworth,9999-01-01,Senior Staff
468887,Weiru,Willoner,9999-01-01,Technique Leader
468899,Yunming,Pehl,9999-01-01,Senior Engineer
468920,Randy,Bahk,9999-01-01,Senior Engineer
468924,Zita,Wossner,9999-01-01,Senior Engineer
468937,Siddarth,Katiyar,9999-01-01,Senior Engineer
468942,Jouni,Matzat,9999-01-01,Senior Staff
468950,Jovan,Mundy,9999-01-01,Senior Engineer
468961,Rafael,Piancastelli,9999-01-01,Engineer
468974,Faiza,Mateescu,9999-01-01,Senior Staff
468979,Tomoyuki,Straney,9999-01-01,Engineer
468986,Srinidhi,McAlpine,9999-01-01,Senior Staff
469004,Baocai,Grabner,9999-01-01,Engineer
469029,Nidapan,Remmele,9999-01-01,Technique Leader
469048,Chuanti,Choobineh,9999-01-01,Technique Leader
469053,Vidya,Dymetman,9999-01-01,Senior Staff
469058,Byong,Brender,9999-01-01,Senior Engineer
469078,Moheb,Horswill,9999-01-01,Senior Engineer
469108,Constantino,Bashian,9999-01-01,Senior Staff
469137,Kwangsub,Rikino,9999-01-01,Engineer
469145,Berhard,Szilard,9999-01-01,Staff
469152,Odysseas,Vandervoorde,9999-01-01,Staff
469153,Gad,Masaki,9999-01-01,Staff
469160,Shan,Haldar,9999-01-01,Staff
469164,Baruch,Lenart,9999-01-01,Senior Engineer
469168,Leif,Kugler,9999-01-01,Staff
469174,Khoa,Rousseau,9999-01-01,Senior Staff
469193,Lunjin,Mitzlaff,9999-01-01,Senior Staff
469204,Kayoko,Madeira,9999-01-01,Senior Staff
469230,Serap,Brizzi,9999-01-01,Senior Engineer
469232,Prodip,Zambonelli,9999-01-01,Senior Staff
469243,Sadegh,Rissland,9999-01-01,Staff
469267,Zhigen,Merey,9999-01-01,Technique Leader
469281,Shawna,Picht,9999-01-01,Senior Staff
469284,Karlis,Anido,9999-01-01,Technique Leader
469290,Mostafa,Varker,9999-01-01,Engineer
469293,Phule,Koyama,9999-01-01,Senior Staff
469311,Jenwei,Shimshoni,9999-01-01,Senior Engineer
469313,Tiina,Hebden,9999-01-01,Senior Staff
469314,Eberhardt,Krupka,9999-01-01,Senior Engineer
469319,Uinam,Foote,9999-01-01,Senior Engineer
469340,Thanasis,Godskesen,9999-01-01,Technique Leader
469357,Taisook,Domenig,9999-01-01,Technique Leader
469358,Beshir,Haraldson,9999-01-01,Staff
469362,Martine,Nishimukai,9999-01-01,Senior Engineer
469365,Abdelaziz,Schiper,9999-01-01,Senior Staff
469383,Uli,Malinowski,9999-01-01,Engineer
469384,Shahab,Nivat,9999-01-01,Staff
469386,Cristinel,Cangellaris,9999-01-01,Staff
469408,Shridhar,Reeken,9999-01-01,Engineer
469426,Naraig,Vakili,9999-01-01,Senior Staff
469431,Yuguang,Gist,9999-01-01,Senior Staff
469434,Yuuichi,Gils,9999-01-01,Technique Leader
469439,Manibrata,Erva,9999-01-01,Staff
469447,Anneli,Zirintsis,9999-01-01,Staff
469466,Barton,Birnbaum,9999-01-01,Senior Engineer
469475,Hein,Munos,9999-01-01,Senior Engineer
469493,Hugo,Talmon,9999-01-01,Staff
469502,Xiaoqiang,Lung,9999-01-01,Senior Engineer
469509,Constantijn,Kaiserswerth,9999-01-01,Senior Engineer
469533,Insup,Kamble,9999-01-01,Senior Engineer
469536,Kinh,Chenney,9999-01-01,Staff
469546,Krassimir,Ginesta,9999-01-01,Engineer
469575,Mircea,Collavizza,9999-01-01,Senior Staff
469580,Weiye,Escriba,9999-01-01,Engineer
469598,Hitomi,Escriba,9999-01-01,Senior Staff
469599,Arunas,Keirsey,9999-01-01,Senior Engineer
469600,Mircea,Conry,9999-01-01,Senior Staff
469665,Manibrata,Bressoud,9999-01-01,Engineer
469670,Kasidit,Lyonns,9999-01-01,Staff
469671,Conal,Garrabrants,9999-01-01,Engineer
469672,Guadalupe,Hashii,9999-01-01,Senior Staff
469678,Dmitry,Clemencon,9999-01-01,Staff
469696,Makato,Harnett,9999-01-01,Senior Staff
469699,Xuejia,Rothe,9999-01-01,Staff
469705,Denis,Kamber,9999-01-01,Senior Staff
469712,Yolla,Gargeya,9999-01-01,Assistant Engineer
469713,Weicheng,Lukaszewicz,9999-01-01,Senior Engineer
469720,Sarita,Rissland,9999-01-01,Senior Engineer
469726,Ranga,Stasinski,9999-01-01,Engineer
469728,Randy,Dratva,9999-01-01,Engineer
469731,Ramya,Bierman,9999-01-01,Senior Staff
469733,Vishu,Khasidashvili,9999-01-01,Senior Staff
469740,Tetsurou,Butterworth,9999-01-01,Senior Staff
469758,Krisda,Pell,9999-01-01,Senior Engineer
469769,Ewing,Pelz,9999-01-01,Staff
469770,Yongmin,Lieberherr,9999-01-01,Senior Staff
469779,Dayanand,Kaltofen,9999-01-01,Staff
469799,Genki,Bahl,9999-01-01,Engineer
469806,Renny,Gelosh,9999-01-01,Engineer
469807,Bangqing,Huxford,9999-01-01,Technique Leader
469811,Marco,Braccini,9999-01-01,Staff
469830,Lillian,Cummings,9999-01-01,Technique Leader
469839,Godehard,Luga,9999-01-01,Senior Engineer
469855,Arto,Cherinka,9999-01-01,Senior Engineer
469887,Gad,Highland,9999-01-01,Engineer
469894,Fumiyo,Pargas,9999-01-01,Senior Engineer
469899,Make,Streng,9999-01-01,Senior Staff
469910,Huiqun,Baranowski,9999-01-01,Senior Engineer
469918,Tsz,Zongker,9999-01-01,Senior Engineer
469919,Maya,Isaac,9999-01-01,Senior Engineer
469929,Isaac,Cardazo,9999-01-01,Senior Staff
469931,Panayotis,Ruther,9999-01-01,Engineer
469944,Tianruo,Frijda,9999-01-01,Senior Staff
469951,Kien,Ebeling,9999-01-01,Engineer
469958,Mikhail,Orlowska,9999-01-01,Staff
469972,Zhenhua,Litzler,9999-01-01,Staff
469974,Djenana,Cochrane,9999-01-01,Engineer
469975,Akeel,Kusalik,9999-01-01,Engineer
469976,Mamdouh,Loncour,9999-01-01,Senior Engineer
469985,Adit,Magliocco,9999-01-01,Senior Engineer
469995,Kerhong,Birjandi,9999-01-01,Senior Staff
469996,Yuping,Orlowska,9999-01-01,Senior Engineer
470004,Sham,Couchot,9999-01-01,Senior Staff
470014,Gro,Khasidashvili,9999-01-01,Senior Engineer
470017,Nidapan,Swift,9999-01-01,Staff
470018,Fuqing,Erez,9999-01-01,Staff
470033,Carrsten,Ciolek,9999-01-01,Senior Staff
470047,Heeju,Bridgland,9999-01-01,Senior Staff
470064,Jiong,Haldar,9999-01-01,Engineer
470078,Guther,Varley,9999-01-01,Staff
470082,Goa,Kenevan,9999-01-01,Senior Engineer
470084,Tsvetan,Krychniak,9999-01-01,Technique Leader
470085,Xiaoshan,Rajala,9999-01-01,Engineer
470088,Henk,Brookner,9999-01-01,Senior Engineer
470102,Tze,Stamatiou,9999-01-01,Senior Staff
470116,Xiaocheng,Anily,9999-01-01,Engineer
470117,Hailing,Varman,9999-01-01,Assistant Engineer
470127,Jahangir,Limongiello,9999-01-01,Engineer
470137,Nahum,Llado,9999-01-01,Staff
470150,Richard,Foong,9999-01-01,Senior Staff
470200,Dipankar,Rosar,9999-01-01,Senior Engineer
470212,Mark,Fraisse,9999-01-01,Senior Staff
470216,Luise,Gornas,9999-01-01,Senior Engineer
470234,Zhonghui,Vanwelkenhuysen,9999-01-01,Engineer
470235,Yuqun,Hanratty,9999-01-01,Engineer
470264,Premal,Undy,9999-01-01,Senior Staff
470276,Ishfaq,Kalorkoti,9999-01-01,Engineer
470278,Martial,Busillo,9999-01-01,Senior Engineer
470292,Danco,Swiler,9999-01-01,Senior Staff
470297,Jaewon,Peha,9999-01-01,Engineer
470309,Xuedong,Gerlach,9999-01-01,Senior Engineer
470318,Remmert,Kolinko,9999-01-01,Senior Staff
470319,Leen,Heping,9999-01-01,Senior Staff
470336,Kwun,Farrel,9999-01-01,Engineer
470343,Godehard,Kaelbling,9999-01-01,Engineer
470364,Pranas,Munawer,9999-01-01,Engineer
470366,Jianhao,Llado,9999-01-01,Technique Leader
470386,Yongmin,dAstous,9999-01-01,Staff
470391,Eishiro,Baezner,9999-01-01,Engineer
470393,Khatoun,Botman,9999-01-01,Senior Staff
470400,Kenroku,Chinal,9999-01-01,Staff
470401,Inderjeet,Roohalamini,9999-01-01,Senior Staff
470411,Eric,Worfolk,9999-01-01,Senior Engineer
470419,Fusako,Woycyznski,9999-01-01,Staff
470428,Gladys,Beausoleil,9999-01-01,Staff
470443,Ioana,Ciolek,9999-01-01,Engineer
470475,Josyula,Siepmann,9999-01-01,Staff
470478,Masaru,Azadmanesh,9999-01-01,Staff
470494,Fabrizio,Argence,9999-01-01,Staff
470497,Unal,Reinhard,9999-01-01,Senior Staff
470507,Kwun,McAlpine,9999-01-01,Senior Staff
470511,Uno,Kawashima,9999-01-01,Senior Engineer
470531,Willard,Makrucki,9999-01-01,Staff
470533,Sakthirel,Comellas,9999-01-01,Staff
470546,Susanne,Barvinok,9999-01-01,Senior Staff
470550,Uno,Perng,9999-01-01,Engineer
470554,Mack,Mungall,9999-01-01,Senior Engineer
470574,Chrisa,Schaar,9999-01-01,Senior Staff
470578,Reuven,Staelin,9999-01-01,Senior Staff
470590,Changho,Birsak,9999-01-01,Engineer
470592,Debatosh,Munke,9999-01-01,Technique Leader
470603,Chikara,Kaiser,9999-01-01,Senior Staff
470610,Jacqueline,Berztiss,9999-01-01,Engineer
470619,Rimli,Junot,9999-01-01,Senior Staff
470630,Huican,Jarecki,9999-01-01,Senior Staff
470639,Xiaoqiang,Thebaut,9999-01-01,Senior Staff
470651,Aleksandar,Stellhorn,9999-01-01,Senior Engineer
470657,Richara,Wissmann,9999-01-01,Senior Engineer
470662,Kenton,Beilner,9999-01-01,Senior Staff
470665,Mats,Uhrik,9999-01-01,Senior Staff
470666,Niteen,Pusterhofer,9999-01-01,Engineer
470669,Shaowei,Dehkordi,9999-01-01,Staff
470673,Yongqiao,Neiman,9999-01-01,Engineer
470681,Abdulah,Plump,9999-01-01,Senior Engineer
470687,Arunas,Gargeya,9999-01-01,Technique Leader
470689,Tomofumi,Koprowski,9999-01-01,Senior Staff
470715,Gill,Lorys,9999-01-01,Senior Engineer
470716,Munehiko,Nitsche,9999-01-01,Engineer
470734,Zhonghua,Heyers,9999-01-01,Senior Engineer
470739,Alagu,Kornyak,9999-01-01,Engineer
470741,Gor,Rijsenbrij,9999-01-01,Technique Leader
470758,Tsz,Reistad,9999-01-01,Senior Staff
470762,Ebbe,Cooke,9999-01-01,Senior Engineer
470767,Sachin,Poehlman,9999-01-01,Senior Engineer
470774,Tsz,Falster,9999-01-01,Technique Leader
470782,Fen,Henders,9999-01-01,Staff
470808,Werner,Dulay,9999-01-01,Senior Engineer
470830,Paloma,Backhouse,9999-01-01,Senior Staff
470834,Jianwen,Siochi,9999-01-01,Staff
470840,Barry,Bernick,9999-01-01,Senior Staff
470845,Denis,Ozery,9999-01-01,Technique Leader
470861,Gian,Schaad,9999-01-01,Senior Engineer
470866,Huai,Berztiss,9999-01-01,Staff
470882,Mabhin,Sabnani,9999-01-01,Staff
470901,Aral,Rajaraman,9999-01-01,Senior Staff
470905,Tesuro,Goodrum,9999-01-01,Staff
470973,Juyoung,Zastre,9999-01-01,Senior Engineer
470976,Snehasis,Dredge,9999-01-01,Staff
470979,Nahum,dAstous,9999-01-01,Engineer
471001,Parke,Schade,9999-01-01,Senior Engineer
471017,Miomir,Erie,9999-01-01,Engineer
471036,Yishay,Muhlberg,9999-01-01,Engineer
471038,Arumugam,Marrakchi,9999-01-01,Engineer
471039,Satoru,Menhoudj,9999-01-01,Staff
471047,Sadok,Karunanithi,9999-01-01,Senior Staff
471050,Mingdong,Sluis,9999-01-01,Senior Engineer
471064,Anoosh,Perl,9999-01-01,Senior Engineer
471065,Herbert,Stafford,9999-01-01,Staff
471073,Vugranam,Bresenham,9999-01-01,Senior Engineer
471079,Kasturi,Swiss,9999-01-01,Senior Staff
471080,Jeane,Morton,9999-01-01,Staff
471096,Ingmar,Merli,9999-01-01,Senior Engineer
471103,Zissis,Bouloucos,9999-01-01,Assistant Engineer
471107,Akeno,Muhlberg,9999-01-01,Senior Engineer
471124,Shakhar,Falck,9999-01-01,Technique Leader
471131,Subhankar,Wixon,9999-01-01,Staff
471136,Arvind,Birch,9999-01-01,Engineer
471139,Kiyotoshi,Collavizza,9999-01-01,Engineer
471140,Noritoshi,Halloran,9999-01-01,Senior Engineer
471151,Murthy,Curless,9999-01-01,Staff
471153,Dante,Willoner,9999-01-01,Engineer
471155,Samphel,Kaiser,9999-01-01,Senior Engineer
471156,Venkatesan,Shimshoni,9999-01-01,Engineer
471160,Shounak,Unni,9999-01-01,Senior Engineer
471162,Renee,Pouyioutas,9999-01-01,Senior Staff
471173,Bedrich,Kaiser,9999-01-01,Senior Engineer
471180,Gianluca,Mitchem,9999-01-01,Senior Engineer
471183,Remco,Trumbly,9999-01-01,Technique Leader
471198,Bouchung,Peck,9999-01-01,Senior Engineer
471203,Jianhao,Serot,9999-01-01,Engineer
471233,Shigehito,Kalefeld,9999-01-01,Senior Staff
471239,Adas,Marletta,9999-01-01,Senior Staff
471244,Brigham,Kalorkoti,9999-01-01,Senior Staff
471250,Sivanarayana,Ferretti,9999-01-01,Staff
471255,Mohua,Luck,9999-01-01,Engineer
471271,Domenico,Kushnir,9999-01-01,Staff
471276,Sajjad,Munck,9999-01-01,Technique Leader
471293,Christoper,Ranon,9999-01-01,Senior Engineer
471295,Pragnesh,Cronau,9999-01-01,Senior Staff
471297,Zeljko,Ramras,9999-01-01,Engineer
471300,Jaana,Rassart,9999-01-01,Staff
471304,Shrikanth,Barvinok,9999-01-01,Engineer
471322,Aloys,Poupard,9999-01-01,Engineer
471327,Ziva,Paciorek,9999-01-01,Engineer
471332,Terresa,Bolotov,9999-01-01,Senior Engineer
471336,Florian,Diderrich,9999-01-01,Staff
471353,Ayonca,Naumovich,9999-01-01,Staff
471361,Gaurav,Gewali,9999-01-01,Staff
471363,Isamu,Sridhar,9999-01-01,Staff
471375,Youssef,Beeson,9999-01-01,Staff
471383,Mohammed,Aamodt,9999-01-01,Engineer
471385,Nirmal,Ratzlaff,9999-01-01,Engineer
471388,Amalendu,Poupard,9999-01-01,Staff
471391,Janche,Ghandeharizadeh,9999-01-01,Senior Engineer
471395,Rasikan,Eickenmeyer,9999-01-01,Senior Staff
471396,Monique,Itschner,9999-01-01,Senior Staff
471404,Toshimo,Kopetz,9999-01-01,Staff
471418,Chinhyun,Ishibashi,9999-01-01,Senior Staff
471419,Gully,Monarch,9999-01-01,Senior Engineer
471422,Teunis,Atchley,9999-01-01,Staff
471424,Freyja,Jiang,9999-01-01,Senior Staff
471425,Shen,Asmuth,9999-01-01,Senior Engineer
471433,Takanari,Khamsi,9999-01-01,Engineer
471437,Christoper,Impagliazzo,9999-01-01,Engineer
471439,Theirry,Czaja,9999-01-01,Staff
471444,Xinan,Welham,9999-01-01,Senior Staff
471445,Duangkaew,Zaccaria,9999-01-01,Senior Engineer
471461,Jovan,Brickell,9999-01-01,Staff
471467,Nimmagadda,Gien,9999-01-01,Engineer
471472,Youjian,Halloran,9999-01-01,Engineer
471483,Janalee,Ozeki,9999-01-01,Staff
471517,Arnd,Siochi,9999-01-01,Staff
471529,Munir,Aloia,9999-01-01,Senior Staff
471540,Odoardo,Baca,9999-01-01,Senior Engineer
471546,Cedric,Picht,9999-01-01,Senior Staff
471549,Alejandro,Ramsak,9999-01-01,Engineer
471550,Sadegh,Fujisaki,9999-01-01,Senior Staff
471577,Xiaoheng,Maccarone,9999-01-01,Senior Engineer
471584,Volkmar,Ranon,9999-01-01,Engineer
471589,Jiong,Vuskovic,9999-01-01,Senior Staff
471606,Masadi,Kropp,9999-01-01,Engineer
471622,Baziley,Rothenberg,9999-01-01,Staff
471631,Mingsen,Ibel,9999-01-01,Senior Staff
471633,Kyoichi,Jervis,9999-01-01,Staff
471637,Jaihie,Butner,9999-01-01,Engineer
471646,Leandro,Unni,9999-01-01,Senior Engineer
471647,Zhiwei,Puppe,9999-01-01,Senior Staff
471664,Breannda,Bharadwaj,9999-01-01,Assistant Engineer
471678,Babette,Koshiba,9999-01-01,Senior Engineer
471679,Suzette,Bazelow,9999-01-01,Senior Staff
471683,Christ,Yetto,9999-01-01,Senior Staff
471707,Ramachenga,Serra,9999-01-01,Engineer
471708,Nagui,Candan,9999-01-01,Senior Engineer
471710,Soenke,Junot,9999-01-01,Senior Staff
471715,Pasqua,Schusler,9999-01-01,Senior Staff
471716,Yuichiro,Billingsley,9999-01-01,Technique Leader
471719,Basant,Gerteisen,9999-01-01,Senior Staff
471726,Xiadong,Hashii,9999-01-01,Engineer
471728,Tadahiko,Heystek,9999-01-01,Senior Engineer
471747,Tadahiro,Krider,9999-01-01,Senior Staff
471748,Mayumi,Picel,9999-01-01,Senior Engineer
471753,Arlette,Pero,9999-01-01,Senior Engineer
471764,Gao,Schaaf,9999-01-01,Engineer
471766,Tadanori,Miake,9999-01-01,Senior Engineer
471768,Rutger,Cannard,9999-01-01,Engineer
471773,Conrado,Demri,9999-01-01,Senior Engineer
471782,Alexius,Strehl,9999-01-01,Senior Engineer
471790,Charmane,Asrin,9999-01-01,Senior Staff
471799,Heather,Flanders,9999-01-01,Senior Staff
471800,Guttorm,Diderrich,9999-01-01,Staff
471809,Moty,Paciorek,9999-01-01,Staff
471814,Saeed,Keustermans,9999-01-01,Engineer
471815,Adas,Sidje,9999-01-01,Engineer
471839,Christoph,Honiden,9999-01-01,Staff
471849,Jaihie,Benner,9999-01-01,Engineer
471858,Chinya,Ruther,9999-01-01,Senior Staff
471861,Morris,Orlowski,9999-01-01,Engineer
471867,Zhensheng,Katalagarianos,9999-01-01,Senior Engineer
471870,Tze,Seiwald,9999-01-01,Staff
471887,Volkmar,Renear,9999-01-01,Senior Engineer
471899,Eran,Molberg,9999-01-01,Senior Staff
471904,Youssef,Brender,9999-01-01,Staff
471921,Claude,Mikschl,9999-01-01,Senior Engineer
471929,Kristen,Bale,9999-01-01,Engineer
471942,Heekeun,Hardjono,9999-01-01,Engineer
471943,Alselm,Pleszkun,9999-01-01,Senior Engineer
471948,Debaprosad,Perng,9999-01-01,Senior Staff
471960,Junichi,Cooley,9999-01-01,Senior Engineer
471962,Joydip,Bach,9999-01-01,Senior Staff
471964,Janche,Leaver,9999-01-01,Staff
471970,Lalit,Demos,9999-01-01,Senior Staff
471975,Otilia,Zschoche,9999-01-01,Senior Engineer
471976,Torsten,Henseler,9999-01-01,Engineer
471985,Mana,Ushiama,9999-01-01,Staff
471986,Mads,Ranst,9999-01-01,Assistant Engineer
471989,Tomokazu,Kadhim,9999-01-01,Senior Engineer
471991,Janche,Farrag,9999-01-01,Engineer
472008,Fen,Salvesen,9999-01-01,Senior Engineer
472009,Kotesh,Basart,9999-01-01,Senior Staff
472012,Evgueni,Kavraki,9999-01-01,Senior Engineer
472020,Leszek,Litzler,9999-01-01,Assistant Engineer
472021,Marsha,Wielonsky,9999-01-01,Senior Staff
472022,Somnath,Bennis,9999-01-01,Engineer
472026,Ronghao,Savasere,9999-01-01,Senior Engineer
472038,Garnet,Thombley,9999-01-01,Senior Engineer
472047,Florian,Beutelspacher,9999-01-01,Staff
472064,Temple,Litecky,9999-01-01,Senior Engineer
472066,Hugo,Schurmann,9999-01-01,Assistant Engineer
472096,Lubomir,Ernst,9999-01-01,Engineer
472108,Yechiam,Yoshizawa,9999-01-01,Senior Engineer
472116,Jaroslava,Azevdeo,9999-01-01,Senior Engineer
472121,Jenwei,Serra,9999-01-01,Senior Engineer
472130,Leucio,Biran,9999-01-01,Senior Engineer
472133,Nathan,Boreale,9999-01-01,Senior Engineer
472149,Sverrir,Luck,9999-01-01,Senior Engineer
472159,Vasilii,Ashish,9999-01-01,Engineer
472172,Janalee,Dengi,9999-01-01,Senior Engineer
472186,Dung,Janetzko,9999-01-01,Senior Staff
472192,Padma,Wrigley,9999-01-01,Senior Staff
472194,Bokyung,Zultner,9999-01-01,Staff
472203,Deborah,Brendel,9999-01-01,Senior Staff
472209,Kasturi,Thambidurai,9999-01-01,Senior Engineer
472221,Takahiro,Naumovich,9999-01-01,Engineer
472223,Hidde,Birke,9999-01-01,Staff
472234,Kensyu,Lunt,9999-01-01,Senior Staff
472250,Roded,Maierhofer,9999-01-01,Senior Engineer
472255,Marlo,Krohn,9999-01-01,Senior Staff
472268,Satoru,Lemarechal,9999-01-01,Senior Staff
472282,Takahira,Chachaty,9999-01-01,Senior Engineer
472303,Kiam,Schmiedel,9999-01-01,Staff
472307,Rance,Burnard,9999-01-01,Senior Engineer
472309,Arunas,Chimia,9999-01-01,Staff
472310,Sashi,Dulin,9999-01-01,Staff
472335,Zeljko,Jansen,9999-01-01,Senior Staff
472340,Gaurav,Jonsson,9999-01-01,Senior Engineer
472349,Zeljko,Ouhyoung,9999-01-01,Senior Staff
472366,Aral,Rattan,9999-01-01,Technique Leader
472375,Ranan,Weedon,9999-01-01,Staff
472381,Yucel,Maraist,9999-01-01,Engineer
472391,Mohammed,Simmel,9999-01-01,Senior Staff
472392,Uzi,Masada,9999-01-01,Senior Staff
472399,Heping,Falck,9999-01-01,Engineer
472402,Susanna,Rande,9999-01-01,Engineer
472403,Leah,Woycyznski,9999-01-01,Senior Staff
472411,Tianruo,Veldwijk,9999-01-01,Engineer
472412,Zine,Eiter,9999-01-01,Senior Engineer
472423,Claude,Itzfeldt,9999-01-01,Staff
472426,Baocai,Markovitch,9999-01-01,Senior Staff
472429,Gully,Cyre,9999-01-01,Senior Staff
472459,Emdad,Peternell,9999-01-01,Senior Engineer
472485,Tetsushi,Farrar,9999-01-01,Senior Engineer
472496,Satosi,Marakhovsky,9999-01-01,Senior Engineer
472504,Nobuyoshi,Riefers,9999-01-01,Senior Staff
472509,Jaroslava,Bolotov,9999-01-01,Senior Engineer
472512,Mayuri,Edelhoff,9999-01-01,Senior Staff
472513,Sanjoy,Birta,9999-01-01,Staff
472518,Mong,Swift,9999-01-01,Senior Engineer
472565,Qunsheng,Henders,9999-01-01,Engineer
472574,Mingdong,Stassinopoulos,9999-01-01,Technique Leader
472588,Mary,Rosti,9999-01-01,Senior Engineer
472591,Eckart,Bondorf,9999-01-01,Senior Staff
472598,Xuejun,Levasseur,9999-01-01,Senior Engineer
472611,Susanne,Malinowski,9999-01-01,Senior Staff
472622,Kensei,Bage,9999-01-01,Senior Staff
472633,Rosalyn,Picaronny,9999-01-01,Senior Staff
472635,Jixiang,Tagansky,9999-01-01,Senior Engineer
472640,Khun,Kobara,9999-01-01,Senior Staff
472644,Toney,Gecseg,9999-01-01,Engineer
472650,Theirry,Ratnakar,9999-01-01,Senior Staff
472657,Ingemar,Shumilov,9999-01-01,Senior Staff
472665,Rajmohan,Lueh,9999-01-01,Senior Engineer
472678,Mitsuyuki,Gruenwald,9999-01-01,Senior Staff
472681,Richara,Kilgore,9999-01-01,Engineer
472686,Prasadram,Oxman,9999-01-01,Engineer
472692,IEEE,Danecki,9999-01-01,Senior Staff
472701,Jiann,Isaac,9999-01-01,Technique Leader
472705,Chaoyi,Gimarc,9999-01-01,Senior Engineer
472706,Kerryn,Morrin,9999-01-01,Senior Staff
472708,Kokou,Streit,9999-01-01,Senior Staff
472709,Anestis,Majewski,9999-01-01,Senior Staff
472719,Arunas,Lammel,9999-01-01,Staff
472720,Gal,Sudbeck,9999-01-01,Senior Engineer
472723,Arvind,Kowalchuk,9999-01-01,Senior Staff
472735,Zejun,Miyakawa,9999-01-01,Senior Engineer
472736,Franziska,Silva,9999-01-01,Engineer
472740,Mong,Demian,9999-01-01,Staff
472743,Lunjin,Zweizig,9999-01-01,Senior Engineer
472748,Malu,Denny,9999-01-01,Staff
472764,Boalin,Emden,9999-01-01,Engineer
472781,Huan,Hasham,9999-01-01,Senior Engineer
472795,Teiji,Knightly,9999-01-01,Staff
472797,Behnaam,Griswold,9999-01-01,Engineer
472808,Duangkaew,Landherr,9999-01-01,Senior Engineer
472829,Baziley,Highland,9999-01-01,Staff
472834,Giordano,Lanphier,9999-01-01,Staff
472853,Gila,Limongiello,9999-01-01,Staff
472857,Xiaoqiang,Aseltine,9999-01-01,Engineer
472867,Zito,Bondorf,9999-01-01,Engineer
472900,Shahaf,Copas,9999-01-01,Senior Engineer
472907,Sanjit,Chepyzhov,9999-01-01,Assistant Engineer
472914,Weidon,Lorho,9999-01-01,Senior Staff
472920,Shuichi,Cronin,9999-01-01,Senior Staff
472925,Fusako,Prampolini,9999-01-01,Senior Staff
472931,Hsiangchu,Vandervoorde,9999-01-01,Senior Staff
472939,Naraig,Dalton,9999-01-01,Staff
472957,Guiseppe,Brookman,9999-01-01,Staff
472959,Mingdong,Leslie,9999-01-01,Staff
472964,Shigeo,Beznosov,9999-01-01,Senior Engineer
472977,Hauke,Peot,9999-01-01,Staff
472978,Vishu,Zschoche,9999-01-01,Senior Staff
472981,Nikolaos,Lally,9999-01-01,Assistant Engineer
472984,Achilleas,Molberg,9999-01-01,Senior Staff
472985,Khun,Lieblein,9999-01-01,Engineer
472990,Kyoichi,Hitomi,9999-01-01,Staff
473015,Filipe,Ranst,9999-01-01,Staff
473021,Akemi,Attimonelli,9999-01-01,Engineer
473038,Radhika,Furudate,9999-01-01,Assistant Engineer
473049,Arie,Lyonns,9999-01-01,Senior Engineer
473076,Shaowei,Chelton,9999-01-01,Senior Engineer
473078,Feiyu,Bernatsky,9999-01-01,Technique Leader
473100,Falguni,Speer,9999-01-01,Engineer
473113,Toshimitsu,Angelov,9999-01-01,Senior Staff
473116,Sadun,Bultermann,9999-01-01,Staff
473128,Weijing,Dredge,9999-01-01,Engineer
473134,Navid,Perz,9999-01-01,Senior Engineer
473140,Jiakeng,Rosti,9999-01-01,Senior Engineer
473160,Fuqing,Rosay,9999-01-01,Staff
473166,Masamitsu,Erde,9999-01-01,Senior Staff
473178,Mototsugu,Verhoeff,9999-01-01,Senior Staff
473184,Patricio,Slutz,9999-01-01,Senior Engineer
473186,Jiann,Tagansky,9999-01-01,Senior Engineer
473200,Kerhong,Famili,9999-01-01,Senior Engineer
473202,Sadun,Benzmuller,9999-01-01,Senior Engineer
473214,Miomir,Validov,9999-01-01,Senior Staff
473215,Keung,Ritzmann,9999-01-01,Staff
473224,Arup,Crabtree,9999-01-01,Senior Engineer
473232,Jagoda,Baez,9999-01-01,Staff
473275,Leaf,Janetzko,9999-01-01,Senior Engineer
473287,Odysseas,Bednarek,9999-01-01,Senior Engineer
473307,Marla,Warwick,9999-01-01,Staff
473314,Hironobu,Ruemmler,9999-01-01,Senior Staff
473318,Khalil,Underwood,9999-01-01,Senior Engineer
473322,Pantung,Lodder,9999-01-01,Senior Staff
473329,Rajmohan,Chaudhury,9999-01-01,Engineer
473330,Naraig,Perfilyeva,9999-01-01,Staff
473350,Maia,Hammerschmidt,9999-01-01,Senior Engineer
473357,Weidon,Auyong,9999-01-01,Senior Engineer
473365,Luisa,Eterovic,9999-01-01,Staff
473370,Takushi,Zwicker,9999-01-01,Engineer
473377,Mrinalini,Zumaque,9999-01-01,Technique Leader
473379,Avishai,Callaway,9999-01-01,Engineer
473398,Vojin,Ouhyoung,9999-01-01,Engineer
473411,Piyush,Leaver,9999-01-01,Senior Staff
473445,Koldo,Janetzko,9999-01-01,Senior Staff
473454,Yonghoan,Masaki,9999-01-01,Staff
473455,Shawna,Fabrizio,9999-01-01,Staff
473469,Subhrajyoti,Bhattacharjee,9999-01-01,Senior Engineer
473471,Stabislas,Basawa,9999-01-01,Senior Staff
473475,Dinkar,Moffat,9999-01-01,Senior Engineer
473477,Giap,Lindqvist,9999-01-01,Engineer
473492,Doohun,Vuskovic,9999-01-01,Engineer
473502,Satyanarayana,Fontet,9999-01-01,Senior Staff
473514,Valeri,Kawashimo,9999-01-01,Engineer
473519,Douadi,Sifakis,9999-01-01,Staff
473521,Malu,Katalagarianos,9999-01-01,Staff
473530,Chenye,Schrift,9999-01-01,Senior Staff
473560,Subir,Ouhyoung,9999-01-01,Staff
473564,Serge,Basagni,9999-01-01,Senior Engineer
473577,Bodo,Vesna,9999-01-01,Senior Engineer
473579,Srinidhi,Champarnaud,9999-01-01,Staff
473585,Doowon,Ushiama,9999-01-01,Technique Leader
473593,Marla,Esteva,9999-01-01,Senior Staff
473599,Gennady,Rissanen,9999-01-01,Senior Staff
473605,Nectarios,Monarch,9999-01-01,Engineer
473619,Goo,Doering,9999-01-01,Engineer
473644,Ortrun,Makrucki,9999-01-01,Staff
473645,Richard,Lichtner,9999-01-01,Engineer
473659,Eishiro,Antonisse,9999-01-01,Senior Staff
473669,Maya,Doering,9999-01-01,Engineer
473688,Valeri,Auyong,9999-01-01,Engineer
473690,Zhanqiu,Junot,9999-01-01,Engineer
473701,Richard,Angel,9999-01-01,Engineer
473715,Kwangho,Bultermann,9999-01-01,Senior Staff
473718,Noritoshi,Luff,9999-01-01,Senior Engineer
473719,Bader,Mattern,9999-01-01,Senior Staff
473740,Yaghout,Gladwell,9999-01-01,Senior Staff
473741,Miomir,Chepyzhov,9999-01-01,Engineer
473757,Xuejia,Bamford,9999-01-01,Staff
473776,Aemilian,Demir,9999-01-01,Staff
473779,Qingxiang,Verspoor,9999-01-01,Senior Engineer
473783,Steve,Marchegay,9999-01-01,Senior Staff
473800,Herb,Lakshmanan,9999-01-01,Staff
473801,Rosine,Manderick,9999-01-01,Engineer
473804,Gopalakrishnan,Baba,9999-01-01,Senior Engineer
473805,Shunichi,Hoogerwoord,9999-01-01,Senior Engineer
473806,Suebskul,Janocha,9999-01-01,Senior Staff
473808,Mitsuyuki,Wissmann,9999-01-01,Senior Staff
473812,Khue,Levergood,9999-01-01,Staff
473822,Gina,Chaudhury,9999-01-01,Senior Engineer
473825,Renny,Luke,9999-01-01,Engineer
473834,Kish,Zobel,9999-01-01,Senior Staff
473845,Munehiko,Lung,9999-01-01,Technique Leader
473848,Magdalena,Butner,9999-01-01,Engineer
473857,Vesna,Tetzlaff,9999-01-01,Technique Leader
473897,Seongbae,Rattan,9999-01-01,Engineer
473899,Yucai,Badache,9999-01-01,Staff
473903,Stella,Sichman,9999-01-01,Senior Staff
473911,Kwangyoen,Coorg,9999-01-01,Technique Leader
473913,Sanjay,Munro,9999-01-01,Senior Engineer
473916,Leaf,Uludag,9999-01-01,Senior Staff
473919,Achilleas,Scallan,9999-01-01,Senior Engineer
473921,Pragnesh,Kamber,9999-01-01,Senior Staff
473944,Kazuhiko,Rahier,9999-01-01,Engineer
473947,Van,Alencar,9999-01-01,Senior Engineer
473953,Janche,Heystek,9999-01-01,Staff
473954,Kristin,Bugrara,9999-01-01,Senior Staff
473964,Sanjeeva,Hempstead,9999-01-01,Senior Staff
473975,Nagui,Yoshizawa,9999-01-01,Senior Engineer
474022,Hironoby,Llado,9999-01-01,Senior Engineer
474063,Seongbin,Wilfing,9999-01-01,Staff
474073,Nishit,Vigier,9999-01-01,Senior Staff
474076,Masoud,Pusterhofer,9999-01-01,Engineer
474086,Florian,Peroz,9999-01-01,Engineer
474124,Magy,Koblick,9999-01-01,Engineer
474131,Shridhar,Riexinger,9999-01-01,Engineer
474138,Yagil,Cairo,9999-01-01,Engineer
474154,Jackson,Taneja,9999-01-01,Staff
474158,Jongsuk,Heijenga,9999-01-01,Staff
474168,Ulises,Bala,9999-01-01,Staff
474173,Xiahua,Slaats,9999-01-01,Engineer
474176,Shimshon,Azuma,9999-01-01,Engineer
474183,Padma,Garnick,9999-01-01,Senior Staff
474193,Phillip,Speckmann,9999-01-01,Senior Engineer
474194,Ult,Iisaka,9999-01-01,Engineer
474200,Masako,Sabnani,9999-01-01,Staff
474209,Charmane,Masand,9999-01-01,Staff
474220,Vishwani,Munawer,9999-01-01,Senior Engineer
474221,Bojan,Heuser,9999-01-01,Engineer
474232,Masamitsu,Jahnichen,9999-01-01,Technique Leader
474254,Rosine,Munck,9999-01-01,Senior Engineer
474260,Willard,Pellegrinelli,9999-01-01,Senior Engineer
474276,Kazunori,Randt,9999-01-01,Senior Engineer
474290,Fei,Zhiwei,9999-01-01,Senior Staff
474303,Marco,Hockney,9999-01-01,Senior Staff
474324,Jackson,Ariola,9999-01-01,Staff
474344,Feixiong,Imataki,9999-01-01,Technique Leader
474353,Kannan,Zizka,9999-01-01,Staff
474370,Susanna,Chelton,9999-01-01,Staff
474376,Jovan,Bage,9999-01-01,Senior Engineer
474386,Collette,Ohori,9999-01-01,Engineer
474388,Shooichi,Bach,9999-01-01,Staff
474400,Herb,Ushiama,9999-01-01,Staff
474410,Souichi,Potthoff,9999-01-01,Senior Engineer
474421,Lech,McAlpine,9999-01-01,Senior Staff
474439,Genta,Bauknecht,9999-01-01,Engineer
474447,Taizo,Fiutem,9999-01-01,Senior Engineer
474453,Zhenbing,Poujol,9999-01-01,Senior Staff
474474,Kazuhira,Lammel,9999-01-01,Senior Staff
474480,Shuji,Bisiani,9999-01-01,Senior Engineer
474490,Stafford,Koshiba,9999-01-01,Engineer
474505,Percy,Schaft,9999-01-01,Senior Engineer
474519,Paloma,Kawashima,9999-01-01,Senior Staff
474527,Tsz,Delgrange,9999-01-01,Staff
474528,Billie,Georg,9999-01-01,Assistant Engineer
474556,Duri,Hartvigsen,9999-01-01,Staff
474569,Paraskevi,Nyanchama,9999-01-01,Senior Staff
474577,Manohar,Plump,9999-01-01,Staff
474580,Elvia,Grabner,9999-01-01,Senior Staff
474586,Masamitsu,Wrigley,9999-01-01,Senior Staff
474619,Douadi,Lieberherr,9999-01-01,Engineer
474636,Cristinel,Farrel,9999-01-01,Senior Staff
474641,Xinan,Nastansky,9999-01-01,Engineer
474646,Nikolaos,Cannane,9999-01-01,Senior Engineer
474654,Rayond,Schach,9999-01-01,Senior Staff
474657,Bodo,Rothe,9999-01-01,Senior Engineer
474684,Chinhyun,Klyachko,9999-01-01,Staff
474690,Tristan,Rosin,9999-01-01,Senior Staff
474697,Jenwei,Collette,9999-01-01,Staff
474710,Hirochika,Roison,9999-01-01,Senior Engineer
474725,Mayuko,Copas,9999-01-01,Staff
474728,Kousuke,Fandrianto,9999-01-01,Senior Staff
474735,Kendra,Peir,9999-01-01,Staff
474739,Vitali,Pargas,9999-01-01,Engineer
474755,Christ,Varker,9999-01-01,Assistant Engineer
474787,Jaideep,Molenaar,9999-01-01,Engineer
474797,Nitsan,Talmor,9999-01-01,Senior Engineer
474798,Chiranjit,Gide,9999-01-01,Senior Staff
474801,Aleksandar,Slaats,9999-01-01,Assistant Engineer
474818,Narain,Ghemri,9999-01-01,Senior Engineer
474837,Chenyi,Schaaf,9999-01-01,Senior Staff
474851,Tomoyuki,Gerlach,9999-01-01,Senior Engineer
474859,Sibyl,Matzen,9999-01-01,Senior Engineer
474862,Youpyo,Chinin,9999-01-01,Senior Staff
474872,Elvis,Emden,9999-01-01,Senior Staff
474883,Kwangyoen,Stasinski,9999-01-01,Engineer
474895,Michaela,Hertweck,9999-01-01,Senior Staff
474898,Xiaoheng,Marletta,9999-01-01,Senior Engineer
474912,Nirmal,Lemarechal,9999-01-01,Senior Staff
474913,Piyawadee,Oehlmann,9999-01-01,Staff
474921,Aimee,Baak,9999-01-01,Senior Staff
474943,Kazuhiko,Pileggi,9999-01-01,Staff
474948,Gil,Stentiford,9999-01-01,Senior Staff
474950,Lijia,Cannane,9999-01-01,Staff
474980,Achilleas,Rindone,9999-01-01,Senior Staff
474981,Baoqiu,Danner,9999-01-01,Engineer
474990,Ewing,Fioravanti,9999-01-01,Senior Engineer
474996,Saeed,Gelosh,9999-01-01,Assistant Engineer
475001,Heather,Chaudhuri,9999-01-01,Senior Staff
475003,Branimir,Miara,9999-01-01,Staff
475009,Aral,Takkinen,9999-01-01,Senior Engineer
475013,Zdislav,Marciano,9999-01-01,Senior Engineer
475016,Takahira,Douceur,9999-01-01,Senior Engineer
475037,Shaowei,Hasenauer,9999-01-01,Senior Engineer
475039,Kotesh,Ertl,9999-01-01,Senior Engineer
475051,Ulises,Vitiello,9999-01-01,Senior Engineer
475054,Dipankar,Buescher,9999-01-01,Engineer
475071,Chinho,Assaf,9999-01-01,Senior Staff
475072,Aluzio,Benzaken,9999-01-01,Engineer
475077,Claude,Ouhyoung,9999-01-01,Senior Staff
475082,Elvia,Flexer,9999-01-01,Engineer
475089,Sasan,Haraldson,9999-01-01,Senior Engineer
475093,Almudena,Streit,9999-01-01,Senior Staff
475097,Marek,Koblick,9999-01-01,Staff
475125,Martial,Dredge,9999-01-01,Senior Engineer
475140,Shigeu,Jayawardene,9999-01-01,Engineer
475148,Srinidhi,Pero,9999-01-01,Senior Engineer
475167,Younwoo,Baja,9999-01-01,Engineer
475181,Ebbe,Terwilliger,9999-01-01,Staff
475190,Yuqun,Figueira,9999-01-01,Engineer
475205,Maris,Rusterholz,9999-01-01,Technique Leader
475218,Basant,Muhling,9999-01-01,Technique Leader
475221,Yuqun,Rassart,9999-01-01,Engineer
475226,Yoshimitsu,Majewski,9999-01-01,Staff
475229,Shim,Pero,9999-01-01,Staff
475240,Yurij,Babu,9999-01-01,Senior Engineer
475241,Mayuri,Garnick,9999-01-01,Technique Leader
475259,Zhensheng,Radivojevic,9999-01-01,Senior Engineer
475265,Fan,Simkin,9999-01-01,Senior Engineer
475266,Rance,Engelmann,9999-01-01,Technique Leader
475269,Rance,Cullers,9999-01-01,Senior Engineer
475283,Sarita,Cherinka,9999-01-01,Senior Engineer
475284,Dzung,Roohalamini,9999-01-01,Senior Engineer
475299,Luigi,Cincotta,9999-01-01,Senior Staff
475300,Jongsuk,Schaar,9999-01-01,Senior Staff
475304,Shushma,Rajaraman,9999-01-01,Senior Staff
475327,Arve,Sommer,9999-01-01,Engineer
475334,Dietrich,Hiltgen,9999-01-01,Senior Staff
475338,Oscal,Desikan,9999-01-01,Staff
475348,Kazunori,Merkl,9999-01-01,Engineer
475351,Barna,Garigliano,9999-01-01,Engineer
475358,Ramachenga,Ebeling,9999-01-01,Senior Engineer
475367,Premal,Caine,9999-01-01,Staff
475371,Gay,Cappello,9999-01-01,Staff
475377,Xinyu,Dayana,9999-01-01,Senior Engineer
475383,Visit,Isard,9999-01-01,Staff
475384,Kiyokazu,Domenig,9999-01-01,Senior Staff
475385,Yunming,Anger,9999-01-01,Engineer
475389,Kazuhisa,Nations,9999-01-01,Senior Engineer
475394,Gully,Ramaiah,9999-01-01,Engineer
475403,Freyja,Otillio,9999-01-01,Senior Engineer
475426,Vidya,Eugenio,9999-01-01,Senior Engineer
475436,Kirk,Cummings,9999-01-01,Senior Engineer
475441,Bernardo,Lorcy,9999-01-01,Senior Engineer
475448,Ingemar,Lorys,9999-01-01,Staff
475462,Bikash,Marquardt,9999-01-01,Staff
475463,Kendra,Kawashima,9999-01-01,Technique Leader
475468,Shigeu,Improta,9999-01-01,Engineer
475475,Baruch,Lichtner,9999-01-01,Senior Staff
475477,Guozhong,Dratva,9999-01-01,Engineer
475483,Moto,Baalen,9999-01-01,Senior Staff
475490,Piyush,Cyre,9999-01-01,Senior Engineer
475493,George,Joslin,9999-01-01,Engineer
475506,Uwe,Kermarrec,9999-01-01,Technique Leader
475508,Heng,Miculan,9999-01-01,Staff
475521,Magdalena,Hopewell,9999-01-01,Senior Staff
475523,Tomoyuki,Socorro,9999-01-01,Senior Engineer
475525,Shaunak,Sullins,9999-01-01,Staff
475564,Elgin,Gladwell,9999-01-01,Staff
475573,Jackson,Luga,9999-01-01,Senior Staff
475576,Herb,Merey,9999-01-01,Senior Engineer
475581,Perla,Veccia,9999-01-01,Engineer
475599,Mototsugu,Versino,9999-01-01,Senior Engineer
475611,Sailaja,Bruckman,9999-01-01,Senior Staff
475613,Irene,Steinauer,9999-01-01,Senior Staff
475632,Mohamadou,Angiulli,9999-01-01,Engineer
475634,Alagu,Alameldin,9999-01-01,Senior Engineer
475639,Maha,Ranka,9999-01-01,Staff
475641,Girolamo,Azevdeo,9999-01-01,Senior Staff
475642,Danel,Zeilberger,9999-01-01,Engineer
475651,Poorav,Gubsky,9999-01-01,Senior Engineer
475652,Clyde,Zuberek,9999-01-01,Engineer
475654,Fumiyo,Tibblin,9999-01-01,Senior Engineer
475657,Shahid,Constantine,9999-01-01,Senior Engineer
475663,Mamdouh,Borstler,9999-01-01,Engineer
475666,Kazuhiko,Veevers,9999-01-01,Senior Staff
475670,Hitomi,Billawala,9999-01-01,Engineer
475671,Sangeeta,Rosar,9999-01-01,Senior Engineer
475676,Bowen,Vakili,9999-01-01,Senior Engineer
475681,Dinkar,Kinley,9999-01-01,Senior Engineer
475687,Aimee,Anandan,9999-01-01,Engineer
475692,Inderjeet,Crabtree,9999-01-01,Engineer
475706,Yannik,Marrakchi,9999-01-01,Engineer
475707,Randy,Kaltofen,9999-01-01,Engineer
475709,Godehard,Restivo,9999-01-01,Engineer
475719,Gererd,Kaiserswerth,9999-01-01,Senior Engineer
475722,Greger,Boudaillier,9999-01-01,Senior Engineer
475724,Susanta,Figueira,9999-01-01,Senior Engineer
475725,Bokyung,Khalid,9999-01-01,Staff
475746,Tze,Tsunoo,9999-01-01,Engineer
475756,Susumu,Ballarin,9999-01-01,Engineer
475760,Billur,Hockney,9999-01-01,Engineer
475767,Renee,Jansch,9999-01-01,Engineer
475769,Kazuhisa,Ritzmann,9999-01-01,Senior Staff
475774,Vincent,Coombs,9999-01-01,Technique Leader
475781,Chinhyun,Plump,9999-01-01,Staff
475787,Zhiwei,Ramsak,9999-01-01,Staff
475790,Honglan,Goldhammer,9999-01-01,Senior Engineer
475809,Parke,Stifter,9999-01-01,Engineer
475810,Martial,Bellone,9999-01-01,Senior Staff
475814,Yannik,Rodier,9999-01-01,Senior Engineer
475816,Tonny,Siksek,9999-01-01,Senior Staff
475817,Djelloul,Stassinopoulos,9999-01-01,Assistant Engineer
475820,Cedric,Erol,9999-01-01,Senior Engineer
475847,Felicidad,Georgakopoulos,9999-01-01,Staff
475856,Halsur,Champarnaud,9999-01-01,Senior Engineer
475860,Brigham,Broomell,9999-01-01,Staff
475862,Zengping,Falck,9999-01-01,Senior Engineer
475867,Vincent,Conti,9999-01-01,Engineer
475868,Taiji,Molenkamp,9999-01-01,Senior Engineer
475871,Ziya,Demke,9999-01-01,Senior Engineer
475875,Debatosh,Huxford,9999-01-01,Senior Staff
475880,Szabolcs,Tetzlaff,9999-01-01,Staff
475882,Duke,Marzano,9999-01-01,Engineer
475886,Adam,Vecchio,9999-01-01,Senior Staff
475890,Manibrata,Picht,9999-01-01,Senior Engineer
475897,Manibrata,Iacovou,9999-01-01,Engineer
475917,Urs,Narahari,9999-01-01,Staff
475920,Bogdan,Matzke,9999-01-01,Staff
475924,Tran,Herath,9999-01-01,Engineer
475927,Geoff,Stassinopoulos,9999-01-01,Staff
475933,Yechiam,Streng,9999-01-01,Technique Leader
475934,Arch,Munoz,9999-01-01,Technique Leader
475946,Ulf,Marsiglia,9999-01-01,Assistant Engineer
475947,Kwangjo,Chimia,9999-01-01,Assistant Engineer
475949,Stamatina,Kitsuregawa,9999-01-01,Engineer
475957,Yishay,Schapiro,9999-01-01,Senior Staff
475961,Udaiprakash,Gustavson,9999-01-01,Senior Engineer
475962,Rasiah,Steenbeek,9999-01-01,Senior Staff
475967,Francesca,Merle,9999-01-01,Staff
475972,Huican,Zambonelli,9999-01-01,Staff
476008,Uriel,Puoti,9999-01-01,Senior Staff
476016,Jasminko,Minakawa,9999-01-01,Senior Engineer
476036,Janalee,Murthy,9999-01-01,Senior Engineer
476042,Constantijn,Uhrig,9999-01-01,Staff
476057,Charlene,Perna,9999-01-01,Senior Engineer
476082,Youngkon,Vesna,9999-01-01,Engineer
476083,Chiradeep,Garigliano,9999-01-01,Senior Engineer
476084,Reinhard,Ranst,9999-01-01,Senior Engineer
476086,Shaleah,Broder,9999-01-01,Engineer
476097,Arnould,Raoux,9999-01-01,Engineer
476100,Munir,Landherr,9999-01-01,Engineer
476105,Flemming,Stamatiou,9999-01-01,Senior Engineer
476106,Guiseppe,Mitsuhashi,9999-01-01,Senior Staff
476132,Toney,Pardalos,9999-01-01,Staff
476146,Masali,Legleitner,9999-01-01,Senior Staff
476158,Bodh,Serre,9999-01-01,Senior Engineer
476165,Mads,Demke,9999-01-01,Senior Staff
476166,Subhada,Quittner,9999-01-01,Staff
476167,Genta,Dulli,9999-01-01,Staff
476178,Piyawadee,Chimia,9999-01-01,Staff
476180,Basant,Lueh,9999-01-01,Staff
476181,Younwoo,Zumaque,9999-01-01,Senior Engineer
476184,Shahid,Hofman,9999-01-01,Staff
476190,Nathan,Porenta,9999-01-01,Technique Leader
476203,Ohad,Mateescu,9999-01-01,Senior Staff
476222,Kristian,Mellouli,9999-01-01,Staff
476224,Alejandra,dAstous,9999-01-01,Senior Staff
476239,Hein,McFarlin,9999-01-01,Staff
476244,Shem,Krone,9999-01-01,Senior Engineer
476282,Ohad,Mullainathan,9999-01-01,Senior Engineer
476290,Roded,Junot,9999-01-01,Senior Staff
476309,Tsz,Vadhan,9999-01-01,Senior Staff
476311,Mihalis,McFarlan,9999-01-01,Senior Engineer
476314,Jinxi,Gente,9999-01-01,Assistant Engineer
476315,Sushant,Angelopoulos,9999-01-01,Technique Leader
476319,Toshimi,Hiyoshi,9999-01-01,Staff
476329,Oldrich,Vilarrasa,9999-01-01,Senior Engineer
476345,Mang,Gubsky,9999-01-01,Engineer
476347,Bojan,Morrow,9999-01-01,Senior Staff
476353,Mads,Veeraraghavan,9999-01-01,Senior Staff
476354,Arto,Vidal,9999-01-01,Senior Engineer
476364,Yongmao,Takanami,9999-01-01,Senior Staff
476367,Jiang,Desikan,9999-01-01,Technique Leader
476394,Susanne,Pillow,9999-01-01,Staff
476396,Gaurav,Alameldin,9999-01-01,Senior Engineer
476410,Akemi,Gunderson,9999-01-01,Staff
476423,Kristof,Iisaka,9999-01-01,Senior Engineer
476434,Rosita,Beutelspacher,9999-01-01,Senior Engineer
476448,Lene,Wielonsky,9999-01-01,Technique Leader
476449,Tamiya,Tyugu,9999-01-01,Engineer
476454,Fatemeh,Baca,9999-01-01,Engineer
476456,Remko,Rodiger,9999-01-01,Staff
476468,Sasan,Zlotek,9999-01-01,Staff
476478,Rosli,Perez,9999-01-01,Engineer
476492,Gully,Dichev,9999-01-01,Staff
476495,Lijia,Honiden,9999-01-01,Senior Engineer
476509,Mizuhito,Kornyak,9999-01-01,Senior Staff
476510,Alagu,Gimarc,9999-01-01,Senior Staff
476533,Xumin,Penn,9999-01-01,Technique Leader
476542,Huei,Tempesti,9999-01-01,Staff
476558,Christoper,Chelton,9999-01-01,Senior Staff
476564,Zhilian,Brookner,9999-01-01,Staff
476584,Gonzalo,Noriega,9999-01-01,Staff
476587,Sukumar,Huhdanpaa,9999-01-01,Engineer
476596,Lijie,Kaminger,9999-01-01,Senior Staff
476618,Achilleas,Kawashimo,9999-01-01,Staff
476621,Janalee,Terlouw,9999-01-01,Engineer
476628,Hinrich,Plesums,9999-01-01,Senior Staff
476652,Baziley,Lichtner,9999-01-01,Senior Engineer
476657,Georgy,Sabnani,9999-01-01,Staff
476671,KayLiang,Winter,9999-01-01,Senior Staff
476702,Uwe,Speel,9999-01-01,Engineer
476724,Kagan,Kamble,9999-01-01,Staff
476733,Nechama,Bach,9999-01-01,Engineer
476742,Sanjit,Matzen,9999-01-01,Staff
476761,Baziley,Morrey,9999-01-01,Senior Engineer
476783,Gino,Leaver,9999-01-01,Senior Engineer
476796,Navin,Kilgour,9999-01-01,Senior Engineer
476807,Peer,Pusterhofer,9999-01-01,Senior Engineer
476815,Yonghong,Camurati,9999-01-01,Senior Staff
476819,Jianhao,Pehl,9999-01-01,Engineer
476822,Yongqiao,Merli,9999-01-01,Senior Staff
476825,Hiroyasu,Kitsuregawa,9999-01-01,Staff
476829,Rosita,Godskesen,9999-01-01,Senior Engineer
476865,Vasilis,Imataki,9999-01-01,Engineer
476894,Serap,Grospietsch,9999-01-01,Senior Engineer
476898,Ronghao,Bratten,9999-01-01,Assistant Engineer
476922,Idoia,Kobuchi,9999-01-01,Engineer
476933,Mayuri,Kobara,9999-01-01,Staff
476935,Emdad,Magliocco,9999-01-01,Engineer
476954,Djelloul,Talmon,9999-01-01,Staff
476983,Ziyad,Molberg,9999-01-01,Engineer
476987,Margareta,Cheshire,9999-01-01,Engineer
476997,Bowen,Gente,9999-01-01,Staff
476998,Xinan,Uhrig,9999-01-01,Staff
477013,Kristina,Peng,9999-01-01,Assistant Engineer
477017,Achilleas,Matteis,9999-01-01,Engineer
477019,Tomokazu,Spinelli,9999-01-01,Senior Engineer
477030,Alois,Siksek,9999-01-01,Technique Leader
477037,Zhaofang,Montresor,9999-01-01,Engineer
477054,Arup,Emiris,9999-01-01,Technique Leader
477061,Shigeu,Luft,9999-01-01,Engineer
477065,Ult,Brickell,9999-01-01,Engineer
477081,Aria,Cannata,9999-01-01,Staff
477096,Aleksander,Puppe,9999-01-01,Engineer
477115,Alassane,Velasco,9999-01-01,Engineer
477118,Hatim,Hutton,9999-01-01,Senior Engineer
477126,Shan,Chinin,9999-01-01,Assistant Engineer
477133,Chikara,Gubsky,9999-01-01,Senior Staff
477135,Gilbert,Vrecion,9999-01-01,Engineer
477140,Christfried,Murrill,9999-01-01,Staff
477142,Mrinalini,Stenning,9999-01-01,Senior Staff
477144,Augustine,Pramanik,9999-01-01,Senior Staff
477145,Georgy,Gilg,9999-01-01,Senior Engineer
477158,Kazuhiro,Birrer,9999-01-01,Senior Staff
477160,Florian,Streit,9999-01-01,Engineer
477194,Xianlong,Furedi,9999-01-01,Senior Engineer
477197,Stevo,Spataro,9999-01-01,Staff
477199,Xinan,Paciorek,9999-01-01,Senior Engineer
477232,Dipayan,Zielinski,9999-01-01,Engineer
477238,Bangqing,Rathonyi,9999-01-01,Senior Staff
477246,Mara,Zeilberger,9999-01-01,Senior Staff
477255,Serenella,Juneja,9999-01-01,Senior Staff
477271,Susanna,Gyimothy,9999-01-01,Senior Staff
477274,Michaela,Crabtree,9999-01-01,Technique Leader
477275,Sachio,Marletta,9999-01-01,Senior Staff
477281,Mart,Lorcy,9999-01-01,Senior Staff
477291,Hidekazu,Gilg,9999-01-01,Senior Staff
477298,Zengping,Denny,9999-01-01,Senior Staff
477302,Chenxi,Budinsky,9999-01-01,Senior Staff
477303,Kousuke,Zambonelli,9999-01-01,Senior Engineer
477308,Alejandra,Brandsma,9999-01-01,Senior Staff
477309,Steve,Simmel,9999-01-01,Senior Staff
477312,Fay,Ramalingam,9999-01-01,Staff
477314,Premal,Hanratty,9999-01-01,Senior Staff
477337,Margareta,Osgood,9999-01-01,Senior Staff
477345,Aleksander,Linares,9999-01-01,Senior Staff
477348,Clyde,Fioravanti,9999-01-01,Senior Staff
477358,Minghong,Siegrist,9999-01-01,Senior Staff
477366,Kyoichi,Azadmanesh,9999-01-01,Engineer
477370,Odinaldo,Badache,9999-01-01,Senior Engineer
477381,Yuping,Serdy,9999-01-01,Engineer
477389,Abdulah,Claffy,9999-01-01,Senior Staff
477399,Aruna,Falby,9999-01-01,Engineer
477428,Qunsheng,Hanratty,9999-01-01,Senior Engineer
477434,Stein,Matzke,9999-01-01,Engineer
477444,Babette,Erez,9999-01-01,Engineer
477461,Kamran,Thiran,9999-01-01,Senior Engineer
477468,Remmert,Papadias,9999-01-01,Senior Engineer
477473,Flemming,Mikschl,9999-01-01,Engineer
477483,Fatemeh,Luga,9999-01-01,Engineer
477485,Kwangjo,Schnelling,9999-01-01,Engineer
477497,Ortrud,Pashtan,9999-01-01,Senior Staff
477498,Koldo,Majewski,9999-01-01,Engineer
477508,Gonzalo,Bernatsky,9999-01-01,Staff
477510,Atreyi,Demizu,9999-01-01,Senior Staff
477514,Angel,Reistad,9999-01-01,Senior Engineer
477523,Patricio,Kavvadias,9999-01-01,Engineer
477534,Eckart,Assaf,9999-01-01,Engineer
477540,Chenyi,Hutter,9999-01-01,Senior Staff
477543,Alexius,Pouyioutas,9999-01-01,Engineer
477545,Shaunak,Preusig,9999-01-01,Senior Staff
477566,Anwar,Gelosh,9999-01-01,Staff
477567,Doohun,Bharadwaj,9999-01-01,Engineer
477571,Gal,Osgood,9999-01-01,Engineer
477574,Lech,Tyugu,9999-01-01,Engineer
477580,Nikolaos,Guerreiro,9999-01-01,Senior Staff
477584,Honesty,Mateescu,9999-01-01,Staff
477587,Chrisa,Schonegge,9999-01-01,Senior Engineer
477594,Aris,Yoshizawa,9999-01-01,Engineer
477595,Arto,Linares,9999-01-01,Staff
477637,Elgin,Pelz,9999-01-01,Engineer
477652,Atreye,Koshino,9999-01-01,Technique Leader
477655,Serap,Oxenboll,9999-01-01,Senior Staff
477658,Giao,Bruckman,9999-01-01,Senior Engineer
477671,Mikhail,Segond,9999-01-01,Senior Engineer
477673,Mizuhito,Woycyznski,9999-01-01,Senior Staff
477678,Naftaly,Serre,9999-01-01,Senior Staff
477682,Adil,Miyakawa,9999-01-01,Staff
477684,Taegyun,Rabehasaina,9999-01-01,Senior Engineer
477700,Huican,Roccetti,9999-01-01,Engineer
477701,Ayonca,Shumilov,9999-01-01,Engineer
477727,Zvonko,Choobineh,9999-01-01,Engineer
477734,Vojin,Raney,9999-01-01,Senior Engineer
477738,Nevin,Lamma,9999-01-01,Senior Staff
477747,Maha,Taubman,9999-01-01,Senior Staff
477756,Pragnesh,Iivonen,9999-01-01,Senior Staff
477778,Abdulah,Fadgyas,9999-01-01,Senior Staff
477783,Bikash,Gajiwala,9999-01-01,Engineer
477795,Bouchung,Brookman,9999-01-01,Senior Engineer
477811,Shai,Whitcomb,9999-01-01,Senior Staff
477833,Arup,Luce,9999-01-01,Senior Engineer
477842,Kwangho,Journel,9999-01-01,Senior Engineer
477852,Gad,Rosay,9999-01-01,Engineer
477860,Selwyn,Servi,9999-01-01,Senior Engineer
477874,Navin,Pero,9999-01-01,Engineer
477880,Arvind,Furudate,9999-01-01,Engineer
477883,Taizo,Bennet,9999-01-01,Technique Leader
477906,Mahendra,Varley,9999-01-01,Senior Staff
477922,Moriyoshi,Wissmann,9999-01-01,Technique Leader
477923,Augustine,Conde,9999-01-01,Senior Staff
477930,Isamu,Stiles,9999-01-01,Engineer
477964,Richara,Thiran,9999-01-01,Engineer
477985,Beshir,Mattern,9999-01-01,Assistant Engineer
477988,Troy,Vanwelkenhuysen,9999-01-01,Senior Staff
477990,Alejandra,Aingworth,9999-01-01,Engineer
477993,Sanjiv,Chorvat,9999-01-01,Senior Staff
478005,Werner,Bage,9999-01-01,Senior Staff
478012,Mostafa,Leivant,9999-01-01,Staff
478027,Mitchel,Pettis,9999-01-01,Senior Staff
478033,Tonny,Luiz,9999-01-01,Senior Engineer
478037,Adib,Halevi,9999-01-01,Senior Engineer
478045,Guoxiang,Hanratty,9999-01-01,Staff
478052,Kristinn,Matzel,9999-01-01,Engineer
478058,Collette,Akazan,9999-01-01,Senior Staff
478061,Jackson,Broomell,9999-01-01,Senior Staff
478075,Alexius,Stavenow,9999-01-01,Senior Staff
478088,Ung,Vanwelkenhuysen,9999-01-01,Senior Staff
478089,Pradeep,Gajiwala,9999-01-01,Engineer
478095,Gal,Perz,9999-01-01,Staff
478114,Paloma,Dratva,9999-01-01,Senior Staff
478116,Debatosh,Piveteau,9999-01-01,Senior Engineer
478121,Yucel,Ramaiah,9999-01-01,Staff
478125,Kazuhiro,Erez,9999-01-01,Senior Staff
478131,Navid,Pettit,9999-01-01,Staff
478134,Ayonca,Lunn,9999-01-01,Staff
478137,Teiji,Schrift,9999-01-01,Senior Engineer
478142,Oscar,Haldar,9999-01-01,Senior Staff
478146,Srinidhi,Nittel,9999-01-01,Engineer
478152,Eran,Solovay,9999-01-01,Senior Engineer
478165,Toong,Brizzi,9999-01-01,Senior Engineer
478183,Mechthild,Onuegbe,9999-01-01,Senior Staff
478204,Arne,Narlikar,9999-01-01,Technique Leader
478234,Mayuri,Bach,9999-01-01,Engineer
478241,Zito,Baik,9999-01-01,Staff
478243,Krisda,Osgood,9999-01-01,Staff
478250,Ranan,Rissland,9999-01-01,Staff
478261,Rajmohan,DasSarma,9999-01-01,Engineer
478264,Sreenivas,Stroustrup,9999-01-01,Senior Staff
478273,Dulce,Prochazka,9999-01-01,Senior Staff
478279,Mack,Beeson,9999-01-01,Engineer
478284,Zeydy,Kropatsch,9999-01-01,Senior Engineer
478292,Boguslaw,Fasbender,9999-01-01,Senior Engineer
478296,Kousuke,Ambroszkiewicz,9999-01-01,Engineer
478303,Candido,Zyda,9999-01-01,Engineer
478316,DAIDA,Erva,9999-01-01,Staff
478318,Ingmar,Swiler,9999-01-01,Senior Staff
478320,Doowon,Rosaz,9999-01-01,Senior Engineer
478325,Roddy,Haddadi,9999-01-01,Engineer
478336,Vidya,Gurbaxani,9999-01-01,Senior Engineer
478344,Shahid,Rassart,9999-01-01,Staff
478350,Halsur,Negoita,9999-01-01,Senior Engineer
478355,Nidapan,Waschkowski,9999-01-01,Staff
478356,Manu,Syrotiuk,9999-01-01,Engineer
478357,Elrique,Reeker,9999-01-01,Senior Engineer
478358,Tonia,Erman,9999-01-01,Staff
478360,Sanjiv,Gilg,9999-01-01,Senior Engineer
478379,Kwun,Srimani,9999-01-01,Senior Engineer
478387,Deborah,Vesna,9999-01-01,Engineer
478395,Wonhee,Bondorf,9999-01-01,Senior Staff
478406,Mabo,Mullainathan,9999-01-01,Engineer
478430,Weicheng,Samarati,9999-01-01,Technique Leader
478435,Constantijn,Schwabacher,9999-01-01,Senior Staff
478458,Kwangho,Koblitz,9999-01-01,Engineer
478474,Satyanarayana,Murthy,9999-01-01,Senior Engineer
478496,Goncalo,Swick,9999-01-01,Senior Engineer
478509,Luise,Gerlach,9999-01-01,Senior Staff
478530,Leif,Katzenelson,9999-01-01,Staff
478552,Teruyuki,Welham,9999-01-01,Senior Engineer
478572,Chaitali,Cusworth,9999-01-01,Engineer
478581,Susuma,Peek,9999-01-01,Assistant Engineer
478589,Peternela,Leppanen,9999-01-01,Assistant Engineer
478608,Aemilian,Hemaspaandra,9999-01-01,Senior Engineer
478642,Jeong,Erman,9999-01-01,Senior Staff
478647,Tomokazu,Hinsberger,9999-01-01,Technique Leader
478678,Mario,Sethi,9999-01-01,Senior Staff
478687,Heeju,Ramras,9999-01-01,Assistant Engineer
478707,Leszek,Verhoeff,9999-01-01,Engineer
478738,Cordelia,Simmel,9999-01-01,Technique Leader
478742,Renee,Hainaut,9999-01-01,Senior Staff
478758,Zhanqiu,Ranft,9999-01-01,Senior Engineer
478771,Rasiah,Beznosov,9999-01-01,Assistant Engineer
478775,Collette,Iivonen,9999-01-01,Senior Engineer
478779,Ingmar,Vural,9999-01-01,Engineer
478842,Pradeep,Herath,9999-01-01,Engineer
478866,Elrique,Haumacher,9999-01-01,Engineer
478870,Sajjad,Shrader,9999-01-01,Engineer
478876,Masaki,DasSarma,9999-01-01,Senior Engineer
478878,Xinan,Gist,9999-01-01,Engineer
478885,Atreyi,Boudaillier,9999-01-01,Senior Engineer
478889,Ortrun,Penn,9999-01-01,Engineer
478914,Kwun,Munro,9999-01-01,Senior Staff
478939,Tommaso,Riefers,9999-01-01,Assistant Engineer
478972,Shim,Stentiford,9999-01-01,Staff
478985,Katsuo,Gubsky,9999-01-01,Senior Staff
478996,Mary,Conti,9999-01-01,Engineer
479004,Mountaz,Copas,9999-01-01,Senior Staff
479012,Kazunori,Docker,9999-01-01,Senior Staff
479017,Hitofumi,Sherertz,9999-01-01,Senior Engineer
479028,Xuejun,Itzigehl,9999-01-01,Senior Staff
479035,Samphel,Chaudhury,9999-01-01,Engineer
479038,Mitchel,Morton,9999-01-01,Senior Engineer
479051,Sanjoy,Swen,9999-01-01,Senior Staff
479053,Hisao,Kawashima,9999-01-01,Senior Staff
479065,Hideo,Farrow,9999-01-01,Engineer
479070,Valery,Ozeri,9999-01-01,Staff
479074,Noritoshi,Mondadori,9999-01-01,Staff
479091,Mart,Maliniak,9999-01-01,Staff
479097,Clyde,Schaar,9999-01-01,Engineer
479098,Kendra,Bridgland,9999-01-01,Senior Staff
479119,Limsoon,Willoner,9999-01-01,Engineer
479120,Leucio,Joslin,9999-01-01,Engineer
479123,Narain,Berstel,9999-01-01,Engineer
479125,Parviz,Rindone,9999-01-01,Assistant Engineer
479147,Greger,Babb,9999-01-01,Staff
479162,Hirochika,Motley,9999-01-01,Senior Engineer
479165,Chirstian,Pauthner,9999-01-01,Staff
479166,Uno,Anger,9999-01-01,Senior Engineer
479167,Mayuri,Backhouse,9999-01-01,Staff
479188,Koldo,Blokdijk,9999-01-01,Assistant Engineer
479189,Arnould,Dulin,9999-01-01,Senior Staff
479229,Arfst,Ritcey,9999-01-01,Senior Staff
479234,Izaskun,Thiran,9999-01-01,Senior Engineer
479275,Isamu,Lores,9999-01-01,Senior Staff
479281,Seongbae,Ghalwash,9999-01-01,Engineer
479287,Emran,Berztiss,9999-01-01,Senior Engineer
479290,Lobel,Fujisaki,9999-01-01,Engineer
479293,Chandrasekaran,Bage,9999-01-01,Staff
479297,Masali,Baby,9999-01-01,Engineer
479304,Pradeep,Wissmann,9999-01-01,Engineer
479307,Ennio,Cappelletti,9999-01-01,Staff
479333,Lene,Rosiles,9999-01-01,Senior Staff
479345,Sorina,Boudaillier,9999-01-01,Senior Engineer
479357,Noritoshi,Perez,9999-01-01,Engineer
479362,Jaroslava,Oxenboll,9999-01-01,Senior Engineer
479366,Mansur,Bultermann,9999-01-01,Staff
479396,Mohammad,Blokdijk,9999-01-01,Engineer
479398,Danae,Petersohn,9999-01-01,Engineer
479402,Martina,Perfilyeva,9999-01-01,Senior Staff
479415,Vatsa,Merle,9999-01-01,Staff
479432,Abdelwaheb,England,9999-01-01,Engineer
479438,Sreenivas,Badache,9999-01-01,Senior Engineer
479452,Arunachalam,Penn,9999-01-01,Senior Staff
479463,Aamod,Isard,9999-01-01,Technique Leader
479492,Kellie,Beutelspacher,9999-01-01,Senior Staff
479496,Akeel,Lenart,9999-01-01,Staff
479502,Fay,Hettesheimer,9999-01-01,Engineer
479516,Fusako,Niizuma,9999-01-01,Senior Engineer
479521,JoAnne,Zaiane,9999-01-01,Engineer
479528,Saddek,Rodham,9999-01-01,Senior Engineer
479543,Dmitri,Aumann,9999-01-01,Senior Staff
479559,Yuchang,Monkewich,9999-01-01,Staff
479562,Temple,Barreiro,9999-01-01,Engineer
479566,Paraskevi,Manderick,9999-01-01,Staff
479581,Yinghua,Thimonier,9999-01-01,Senior Engineer
479582,Rafols,Grospietsch,9999-01-01,Senior Staff
479593,Sampalli,Chvatal,9999-01-01,Staff
479595,Aemilian,Litzler,9999-01-01,Staff
479598,Uriel,Dayang,9999-01-01,Engineer
479615,Utpal,Sadowsky,9999-01-01,Senior Engineer
479620,Heping,Skrikant,9999-01-01,Senior Engineer
479625,Itzchak,Parfitt,9999-01-01,Engineer
479627,Gonzalo,Schaad,9999-01-01,Senior Engineer
479634,Ravishankar,Pelc,9999-01-01,Engineer
479637,Genta,Marsiglia,9999-01-01,Senior Staff
479645,Ravishankar,Fontan,9999-01-01,Assistant Engineer
479651,Lena,Roohalamini,9999-01-01,Senior Staff
479676,Marl,Ressouche,9999-01-01,Engineer
479688,Lijie,Hanratty,9999-01-01,Engineer
479690,Breannda,Fandrianto,9999-01-01,Senior Staff
479708,Hilary,Dayana,9999-01-01,Senior Staff
479709,Geoffry,Reghbati,9999-01-01,Engineer
479711,Mara,Heyers,9999-01-01,Staff
479717,Moheb,Tzvieli,9999-01-01,Senior Engineer
479720,Sivanarayana,Figueira,9999-01-01,Senior Engineer
479721,Elvis,Matzel,9999-01-01,Engineer
479736,Kousuke,Morrin,9999-01-01,Staff
479743,Nathan,Greenaway,9999-01-01,Senior Engineer
479749,Wilmer,Giaccio,9999-01-01,Engineer
479764,Kazuhisa,Bashian,9999-01-01,Engineer
479778,Sajjan,Naumovich,9999-01-01,Engineer
479791,Vidar,Mamelak,9999-01-01,Senior Staff
479812,Fuqing,Staudhammer,9999-01-01,Senior Staff
479813,Mohammed,Vernadat,9999-01-01,Senior Staff
479821,Takahito,Mundy,9999-01-01,Engineer
479824,Manibrata,Auyong,9999-01-01,Senior Engineer
479836,Muzhong,Usdin,9999-01-01,Senior Staff
479850,Sorina,Codenie,9999-01-01,Senior Engineer
479866,Heng,Pellegrinelli,9999-01-01,Senior Engineer
479869,Iara,Ressouche,9999-01-01,Senior Engineer
479878,Kwan,Orlowska,9999-01-01,Assistant Engineer
479881,Odysseas,Kavvadias,9999-01-01,Staff
479885,Sariel,Schade,9999-01-01,Staff
479894,Ipke,Gonthier,9999-01-01,Senior Staff
479905,Danai,Peir,9999-01-01,Technique Leader
479906,Duri,Silva,9999-01-01,Technique Leader
479916,Tianruo,Kamber,9999-01-01,Senior Engineer
479937,Rimli,Kroft,9999-01-01,Senior Staff
479945,Jeong,Paciorek,9999-01-01,Senior Staff
479958,Uta,Schmezko,9999-01-01,Senior Staff
479975,Kazuhiro,Pews,9999-01-01,Engineer
480003,Uta,Brlek,9999-01-01,Engineer
480018,Zvonko,Kawashimo,9999-01-01,Assistant Engineer
480020,Prodip,Gips,9999-01-01,Senior Staff
480034,Tokuyasu,Casley,9999-01-01,Senior Engineer
480042,Rildo,Brodie,9999-01-01,Senior Staff
480043,Franziska,Chiola,9999-01-01,Senior Staff
480044,Sudhanshu,Jording,9999-01-01,Senior Staff
480051,Kwan,Erol,9999-01-01,Senior Engineer
480052,Chinho,Weisert,9999-01-01,Senior Engineer
480059,Honesty,Billingsley,9999-01-01,Senior Engineer
480060,Adas,Radwan,9999-01-01,Assistant Engineer
480085,Kien,Krider,9999-01-01,Senior Engineer
480087,Kazunori,Irland,9999-01-01,Engineer
480089,Harngdar,Ferretti,9999-01-01,Staff
480090,Gad,Krone,9999-01-01,Senior Staff
480091,Morris,Shimshoni,9999-01-01,Engineer
480093,Masadi,Sambasivam,9999-01-01,Engineer
480096,Abdelaziz,Percebois,9999-01-01,Senior Engineer
480102,Przemyslawa,Geffroy,9999-01-01,Senior Engineer
480106,Brewster,Frezza,9999-01-01,Staff
480114,Shakhar,Suri,9999-01-01,Senior Staff
480121,Martina,Benveniste,9999-01-01,Engineer
480130,Heng,Kinley,9999-01-01,Senior Staff
480135,Danny,Narahari,9999-01-01,Engineer
480158,Xiaoshan,Gente,9999-01-01,Senior Staff
480175,Elrique,Schmiedel,9999-01-01,Engineer
480176,Xiaopeng,Haddadi,9999-01-01,Engineer
480190,Kasturi,Brandsma,9999-01-01,Staff
480192,Dhritiman,Onuegbe,9999-01-01,Senior Staff
480194,Izaskun,Seghrouchni,9999-01-01,Senior Staff
480199,Fumiyo,Msuda,9999-01-01,Senior Staff
480219,Luise,Lemarechal,9999-01-01,Engineer
480243,Candida,Gerlach,9999-01-01,Senior Staff
480244,Etsuo,Pettis,9999-01-01,Senior Engineer
480259,Giap,Antonakopoulos,9999-01-01,Technique Leader
480271,Zita,Sooriamurthi,9999-01-01,Senior Engineer
480283,Elvia,Barreiro,9999-01-01,Senior Staff
480289,Dietrich,Verhoeff,9999-01-01,Technique Leader
480296,Moriyoshi,Birnbaum,9999-01-01,Engineer
480316,Pranay,Feinberg,9999-01-01,Engineer
480317,Suebskul,Passafiume,9999-01-01,Staff
480319,Alexius,Hiltgen,9999-01-01,Senior Engineer
480320,Djenana,Eugenio,9999-01-01,Staff
480322,Fumiko,Showalter,9999-01-01,Senior Engineer
480328,Larisa,Tempesti,9999-01-01,Senior Engineer
480337,Jouni,Cichocki,9999-01-01,Senior Engineer
480344,Hatem,Neimat,9999-01-01,Senior Engineer
480349,Khaled,Narlikar,9999-01-01,Senior Engineer
480350,Zijian,Kalloufi,9999-01-01,Staff
480353,Weiyi,Vural,9999-01-01,Senior Staff
480355,Taisook,Nooteboom,9999-01-01,Staff
480366,Chikara,Eiter,9999-01-01,Senior Staff
480369,Bluma,Desikan,9999-01-01,Senior Staff
480376,Akhilish,Kieras,9999-01-01,Senior Staff
480416,Armond,Toyoshima,9999-01-01,Senior Staff
480432,Domenick,Akiyama,9999-01-01,Staff
480456,Tse,Chartres,9999-01-01,Staff
480459,Stevo,Oxman,9999-01-01,Engineer
480463,Mokhtar,Slaats,9999-01-01,Engineer
480484,King,Rosis,9999-01-01,Senior Staff
480495,Iara,Zongker,9999-01-01,Engineer
480541,Ranga,Quittner,9999-01-01,Senior Engineer
480544,Xianlong,Thambidurai,9999-01-01,Senior Staff
480556,Irene,Kropf,9999-01-01,Senior Staff
480584,Bernardo,Lichtman,9999-01-01,Assistant Engineer
480587,Tonia,Trystram,9999-01-01,Staff
480590,Tzvetan,Asrin,9999-01-01,Senior Engineer
480631,Gao,Kavvadias,9999-01-01,Engineer
480656,Genki,Colorni,9999-01-01,Staff
480670,Sanjoy,Penz,9999-01-01,Senior Staff
480674,Kannan,Giveon,9999-01-01,Senior Engineer
480689,Rasiah,Krider,9999-01-01,Senior Engineer
480694,Leszek,Schaad,9999-01-01,Senior Staff
480699,Jiafu,Garnick,9999-01-01,Engineer
480711,Srinidhi,Assaf,9999-01-01,Staff
480742,Christoper,Wynblatt,9999-01-01,Senior Engineer
480771,Jasminko,Iwayama,9999-01-01,Senior Engineer
480775,Pradeep,Adachi,9999-01-01,Staff
480788,Idoia,Vesna,9999-01-01,Engineer
480789,Masami,Mahmud,9999-01-01,Staff
480797,Ugo,Siprelle,9999-01-01,Senior Staff
480801,Maren,Benveniste,9999-01-01,Senior Engineer
480823,Ulf,Baig,9999-01-01,Engineer
480825,Georgy,Rosaz,9999-01-01,Senior Staff
480828,Bernt,Dayang,9999-01-01,Senior Staff
480841,Hatim,Barriga,9999-01-01,Staff
480850,Jasminko,Hardjono,9999-01-01,Engineer
480851,Mani,Christ,9999-01-01,Staff
480855,Ottavia,Trumbly,9999-01-01,Senior Engineer
480859,Stabislas,Morton,9999-01-01,Senior Staff
480862,Maris,Kropp,9999-01-01,Staff
480865,Akeno,Lorch,9999-01-01,Assistant Engineer
480871,Dipayan,Reutenauer,9999-01-01,Engineer
480883,Hitofumi,Rouquie,9999-01-01,Staff
480893,Mooi,Morrey,9999-01-01,Senior Engineer
480896,Atreye,Schlumberger,9999-01-01,Senior Engineer
480920,Flemming,Plumb,9999-01-01,Senior Staff
480926,Guttorm,Magalhaes,9999-01-01,Engineer
480929,Isaac,Chenoweth,9999-01-01,Senior Staff
480942,Naftali,DasSarma,9999-01-01,Senior Engineer
480966,Duri,Mahnke,9999-01-01,Technique Leader
480973,Emdad,Gien,9999-01-01,Technique Leader
480976,Peternela,Katzenelson,9999-01-01,Staff
480981,Arco,Braccini,9999-01-01,Staff
480994,Berry,Alpay,9999-01-01,Senior Staff
480995,Saeko,Argence,9999-01-01,Staff
481000,Hidefumi,Zirintsis,9999-01-01,Senior Staff
481005,Remko,Zeilberger,9999-01-01,Staff
481017,Mooi,Sethi,9999-01-01,Staff
481019,Sampalli,Kalorkoti,9999-01-01,Senior Staff
481025,Hairong,Apsitis,9999-01-01,Senior Staff
481040,Shahaf,Serdy,9999-01-01,Staff
481043,Kersti,Covnot,9999-01-01,Staff
481058,Bouchung,Peral,9999-01-01,Engineer
481070,Miyeon,Gimbel,9999-01-01,Staff
481079,Sibyl,Fiutem,9999-01-01,Senior Staff
481082,Arup,Suermann,9999-01-01,Staff
481086,Marek,Radivojevic,9999-01-01,Staff
481096,Yongmao,Sadowsky,9999-01-01,Senior Engineer
481109,Renee,Rosaz,9999-01-01,Senior Engineer
481116,Mokhtar,Famili,9999-01-01,Senior Staff
481128,Bodo,Gulak,9999-01-01,Senior Staff
481144,Pramod,Honglei,9999-01-01,Staff
481152,Zeydy,Schiper,9999-01-01,Assistant Engineer
481153,Golgen,Thorelli,9999-01-01,Engineer
481165,Vasilis,Thummel,9999-01-01,Staff
481172,Jaana,Usery,9999-01-01,Engineer
481179,Remmert,Rosay,9999-01-01,Technique Leader
481182,Domenick,Penttonen,9999-01-01,Senior Staff
481200,Seongbae,Bain,9999-01-01,Engineer
481202,Bedir,Boguraev,9999-01-01,Staff
481222,Zhiwei,Wrigley,9999-01-01,Senior Engineer
481228,Vishv,Cochrane,9999-01-01,Staff
481231,Mahendra,Conry,9999-01-01,Staff
481250,Evgueni,Cullers,9999-01-01,Senior Staff
481269,Stepehn,Openshaw,9999-01-01,Senior Staff
481273,Halsur,Fontet,9999-01-01,Engineer
481288,Suzette,Chaudhuri,9999-01-01,Senior Engineer
481296,Dmitri,Begiun,9999-01-01,Senior Staff
481307,Hatsukazu,Pappas,9999-01-01,Staff
481312,Yefim,Schapiro,9999-01-01,Senior Engineer
481313,Cullen,Rodier,9999-01-01,Senior Staff
481315,Yuichiro,Petereit,9999-01-01,Staff
481321,Haldon,Randi,9999-01-01,Senior Engineer
481322,Salvador,Hettesheimer,9999-01-01,Staff
481339,Zijian,Thorensen,9999-01-01,Staff
481341,Hidde,Ranka,9999-01-01,Senior Staff
481343,Shaunak,Seiwald,9999-01-01,Staff
481350,Ioana,Crabtree,9999-01-01,Senior Engineer
481353,Herbert,Schaar,9999-01-01,Senior Engineer
481355,LiMin,Munoz,9999-01-01,Senior Engineer
481358,Dipankar,Spell,9999-01-01,Senior Staff
481364,Kazunori,Klassen,9999-01-01,Staff
481365,Shaleah,Socorro,9999-01-01,Senior Engineer
481367,Sverrir,Billingsley,9999-01-01,Senior Engineer
481389,Oldrich,Luon,9999-01-01,Staff
481398,Lijie,Koblick,9999-01-01,Senior Engineer
481414,Heekeun,Selenyi,9999-01-01,Senior Engineer
481415,Mokhtar,Kaltofen,9999-01-01,Senior Staff
481419,Masali,Coors,9999-01-01,Engineer
481439,Kiam,Marakhovsky,9999-01-01,Senior Engineer
481447,Baoqiu,Erez,9999-01-01,Senior Engineer
481448,Kensei,Schlenzig,9999-01-01,Staff
481475,Jessie,Danley,9999-01-01,Senior Staff
481476,Yahiko,Silva,9999-01-01,Engineer
481496,Christoph,Bonifati,9999-01-01,Engineer
481506,Bluma,Rehfuss,9999-01-01,Staff
481513,Shay,Gustavson,9999-01-01,Senior Staff
481517,Palash,Peris,9999-01-01,Senior Staff
481518,Panayotis,Duclos,9999-01-01,Technique Leader
481522,Paddy,Feinberg,9999-01-01,Senior Staff
481526,Shim,Stemann,9999-01-01,Engineer
481537,Yucai,Munch,9999-01-01,Senior Staff
481547,Marin,Rajcani,9999-01-01,Senior Engineer
481551,Akemi,Bednarek,9999-01-01,Senior Engineer
481569,Huican,Hutter,9999-01-01,Staff
481570,Arnould,Standera,9999-01-01,Senior Engineer
481586,Gaetan,Keohane,9999-01-01,Staff
481588,Jessie,Stranks,9999-01-01,Engineer
481591,Masamitsu,Melski,9999-01-01,Senior Engineer
481599,Hausi,Kawashima,9999-01-01,Senior Staff
481636,Yannik,Bahl,9999-01-01,Senior Staff
481640,Khoa,Shrader,9999-01-01,Senior Staff
481641,Miomir,Hammerschmidt,9999-01-01,Senior Staff
481645,Pantung,Solares,9999-01-01,Engineer
481652,Roddy,Debuse,9999-01-01,Senior Engineer
481658,Mingsen,Vanwelkenhuysen,9999-01-01,Staff
481660,Babette,Yeung,9999-01-01,Senior Engineer
481670,Suvo,Bodoff,9999-01-01,Engineer
481679,Nobuyoshi,Hatcliff,9999-01-01,Senior Staff
481694,Adas,Baumann,9999-01-01,Senior Engineer
481695,Bikash,Pusterhofer,9999-01-01,Senior Staff
481708,Christfried,Salverda,9999-01-01,Technique Leader
481712,Vitaly,Jeong,9999-01-01,Assistant Engineer
481715,Lene,Cesareni,9999-01-01,Engineer
481722,Mohammad,Ullian,9999-01-01,Engineer
481750,Zvonko,Lieberherr,9999-01-01,Senior Staff
481762,Wojceich,Stranks,9999-01-01,Senior Engineer
481775,Gao,Hartvigsen,9999-01-01,Senior Engineer
481777,Shooichi,Gruenwald,9999-01-01,Senior Engineer
481787,Dulce,Gecsel,9999-01-01,Senior Engineer
481815,Khedija,Jenevein,9999-01-01,Engineer
481847,Kiyotoshi,Saoudi,9999-01-01,Staff
481857,Ulises,Ecklund,9999-01-01,Senior Staff
481870,Mansur,Serov,9999-01-01,Senior Staff
481872,Moty,Usdin,9999-01-01,Assistant Engineer
481883,Paris,Zeilberger,9999-01-01,Senior Engineer
481886,Danai,Erdmenger,9999-01-01,Staff
481894,Parke,Yurov,9999-01-01,Engineer
481945,Danae,Stiles,9999-01-01,Technique Leader
481947,Gift,Peac,9999-01-01,Technique Leader
481953,Yishai,Brickell,9999-01-01,Senior Staff
481961,Arne,Zumaque,9999-01-01,Staff
481975,Dayanand,Gruenwald,9999-01-01,Staff
481981,Claudi,Spieker,9999-01-01,Engineer
481983,Odysseas,Servieres,9999-01-01,Senior Engineer
481985,Constantine,Vakili,9999-01-01,Staff
481991,Serap,Molenkamp,9999-01-01,Staff
481992,Kwan,Bednarek,9999-01-01,Engineer
481995,Kwok,Snyers,9999-01-01,Engineer
482007,Satyanarayana,Schrooten,9999-01-01,Senior Staff
482020,Manu,Azumi,9999-01-01,Senior Engineer
482024,Byong,Hofting,9999-01-01,Senior Engineer
482035,Conal,Beausoleil,9999-01-01,Senior Engineer
482036,Alper,Badache,9999-01-01,Senior Staff
482050,Vugranam,Shrader,9999-01-01,Staff
482064,Girolamo,Fairtlough,9999-01-01,Staff
482074,Sven,Strandh,9999-01-01,Senior Staff
482078,Ohad,Sanella,9999-01-01,Senior Engineer
482087,Guozhong,Skafidas,9999-01-01,Senior Staff
482091,Garnik,Kuhnemann,9999-01-01,Senior Staff
482093,Ramzi,Vieri,9999-01-01,Engineer
482095,Tomofumi,Dymetman,9999-01-01,Engineer
482112,Ronghao,Bamford,9999-01-01,Senior Staff
482119,Mitsuyuki,Emden,9999-01-01,Staff
482123,Nobuyoshi,Mungall,9999-01-01,Senior Staff
482127,Georgy,Pena,9999-01-01,Senior Staff
482135,Aris,Albarhamtoshy,9999-01-01,Senior Staff
482144,Kensei,Shinomoto,9999-01-01,Senior Staff
482150,Przemyslawa,Gluchowski,9999-01-01,Staff
482157,Oscar,Mitzlaff,9999-01-01,Senior Engineer
482160,Kamakshi,Kumaresan,9999-01-01,Senior Engineer
482165,Tonny,Makrucki,9999-01-01,Staff
482172,Moon,Olivero,9999-01-01,Engineer
482188,Akemi,Panwar,9999-01-01,Senior Engineer
482194,Fan,Tasistro,9999-01-01,Senior Engineer
482207,Satyanarayana,Perl,9999-01-01,Senior Engineer
482214,Dung,Michaeli,9999-01-01,Engineer
482216,Moss,Zumaque,9999-01-01,Assistant Engineer
482230,Dinah,Christ,9999-01-01,Staff
482237,Xiaopeng,Ranka,9999-01-01,Senior Engineer
482268,Dekang,Waschkowski,9999-01-01,Senior Engineer
482277,Georgy,Detkin,9999-01-01,Senior Staff
482282,Ewing,Taneja,9999-01-01,Engineer
482289,Fumitaka,Cooman,9999-01-01,Staff
482297,Khedija,Lorho,9999-01-01,Technique Leader
482306,Kiyomitsu,Alencar,9999-01-01,Staff
482308,Shietung,Georg,9999-01-01,Senior Engineer
482311,Shen,Iisaku,9999-01-01,Engineer
482317,Bernice,Engelmann,9999-01-01,Staff
482333,Harjit,Pelz,9999-01-01,Engineer
482338,Tokuyasu,Waschkowski,9999-01-01,Technique Leader
482339,Vishwani,Poujol,9999-01-01,Staff
482345,Lorien,Coney,9999-01-01,Senior Engineer
482355,Golgen,Kulisch,9999-01-01,Engineer
482356,Bikash,Decaestecker,9999-01-01,Senior Staff
482363,Lenore,Georg,9999-01-01,Technique Leader
482366,Adil,Schurmann,9999-01-01,Engineer
482376,Niranjan,Kusakabe,9999-01-01,Senior Engineer
482382,Gererd,Maginnis,9999-01-01,Engineer
482386,Subir,McFarlin,9999-01-01,Engineer
482391,Arnould,Anger,9999-01-01,Engineer
482404,Ger,Verhaegen,9999-01-01,Engineer
482413,Zhigen,Melski,9999-01-01,Senior Staff
482429,Wonhee,Guardalben,9999-01-01,Engineer
482438,Nathan,Gulik,9999-01-01,Senior Staff
482458,Zdislav,Bresenham,9999-01-01,Senior Engineer
482460,Breannda,Vieri,9999-01-01,Engineer
482469,Dayanand,Rahier,9999-01-01,Senior Engineer
482480,Herbert,Birjandi,9999-01-01,Staff
482483,Debaprosad,Landherr,9999-01-01,Senior Staff
482493,Lalit,VanScheik,9999-01-01,Staff
482497,Tesuro,Nivat,9999-01-01,Senior Engineer
482514,Geoff,Constantine,9999-01-01,Staff
482523,Adam,Plessier,9999-01-01,Technique Leader
482539,Bikash,Pehl,9999-01-01,Engineer
482541,Teruyuki,Masaki,9999-01-01,Senior Staff
482555,Hyuncheol,Mansanne,9999-01-01,Senior Staff
482563,Kayoko,Ratzlaff,9999-01-01,Technique Leader
482565,Herb,Zlotek,9999-01-01,Senior Engineer
482568,Fai,Tyugu,9999-01-01,Engineer
482573,Ger,Escriba,9999-01-01,Staff
482577,Masadi,Validov,9999-01-01,Senior Engineer
482583,Danil,Wielonsky,9999-01-01,Staff
482623,Sampalli,Honiden,9999-01-01,Senior Engineer
482625,Siamak,Michaeli,9999-01-01,Staff
482640,Shmuel,Chandrasekhar,9999-01-01,Senior Staff
482648,Kinh,Velardi,9999-01-01,Technique Leader
482654,Lokesh,Iisaka,9999-01-01,Senior Engineer
482659,Zhenbing,Passino,9999-01-01,Staff
482672,Ymte,Molenaar,9999-01-01,Engineer
482679,Krister,Decleir,9999-01-01,Staff
482701,Vitaly,Diderrich,9999-01-01,Senior Engineer
482711,Alois,Jarecki,9999-01-01,Senior Staff
482715,Kwangyoen,Guting,9999-01-01,Staff
482730,Gio,Detkin,9999-01-01,Engineer
482738,Munehiko,Peral,9999-01-01,Senior Engineer
482747,Sumali,Lichtner,9999-01-01,Technique Leader
482776,Kristin,Beilner,9999-01-01,Senior Staff
482779,Leah,Nitsch,9999-01-01,Technique Leader
482789,Theron,Marsiglia,9999-01-01,Senior Staff
482793,Lech,Walston,9999-01-01,Senior Staff
482806,Ebru,Kaminger,9999-01-01,Senior Engineer
482808,Maya,Waeselynck,9999-01-01,Engineer
482813,Dipayan,Veccia,9999-01-01,Senior Staff
482819,Mostafa,Merkl,9999-01-01,Senior Engineer
482820,Weiye,Barriga,9999-01-01,Staff
482823,Henk,Sidhu,9999-01-01,Technique Leader
482828,Quingbo,Kavvadias,9999-01-01,Engineer
482829,Arup,Melski,9999-01-01,Senior Staff
482844,Hauke,Jervis,9999-01-01,Staff
482846,Samphel,Quittner,9999-01-01,Technique Leader
482856,Sashi,Salvesen,9999-01-01,Engineer
482862,Shaw,Anido,9999-01-01,Senior Engineer
482863,Xiaobin,Spieker,9999-01-01,Senior Staff
482868,Arunas,Iivonen,9999-01-01,Technique Leader
482878,Chikara,Denti,9999-01-01,Staff
482883,Sanjai,Cheshire,9999-01-01,Senior Engineer
482886,Gritta,Pavlopoulou,9999-01-01,Technique Leader
482888,Apostol,Brookman,9999-01-01,Senior Staff
482889,Souichi,Restivo,9999-01-01,Senior Engineer
482894,Greger,Takanami,9999-01-01,Senior Staff
482909,Magy,Chvatal,9999-01-01,Senior Engineer
482933,Sadegh,Lubachevsky,9999-01-01,Engineer
482935,Xiaoheng,Besancenot,9999-01-01,Engineer
482953,Rafail,Kilgour,9999-01-01,Senior Staff
482955,Branimir,Zykh,9999-01-01,Senior Staff
482968,Premal,Walston,9999-01-01,Engineer
482980,Ulf,Domenig,9999-01-01,Senior Engineer
482992,Kellyn,Velardi,9999-01-01,Staff
482994,Miyeon,Garrabrants,9999-01-01,Engineer
482996,Wonhee,Lovengreen,9999-01-01,Staff
483019,Kamran,Rosti,9999-01-01,Senior Engineer
483032,Anneke,Hiroyama,9999-01-01,Engineer
483033,Jongsuk,Percebois,9999-01-01,Senior Staff
483051,Mingdong,Bain,9999-01-01,Senior Staff
483052,Van,Waschkowski,9999-01-01,Senior Engineer
483065,Sudhanshu,Bahi,9999-01-01,Senior Engineer
483069,Masaru,Baek,9999-01-01,Engineer
483074,Shigeo,Heijenga,9999-01-01,Staff
483075,Lalit,Lamma,9999-01-01,Engineer
483082,Zito,Pileggi,9999-01-01,Staff
483083,Oldrich,Gente,9999-01-01,Staff
483094,Waiman,Servieres,9999-01-01,Engineer
483104,Dante,Daescu,9999-01-01,Engineer
483120,Filipp,Ghemri,9999-01-01,Engineer
483123,Masaki,Ducloy,9999-01-01,Engineer
483128,Suzette,Brookner,9999-01-01,Staff
483131,Luise,Narwekar,9999-01-01,Senior Engineer
483135,Khedija,Denos,9999-01-01,Senior Engineer
483136,Marjo,Perko,9999-01-01,Staff
483140,Sigeru,Sridhar,9999-01-01,Engineer
483144,Janalee,Morton,9999-01-01,Staff
483146,Jackson,Krybus,9999-01-01,Senior Staff
483151,Zhensheng,Clemencon,9999-01-01,Engineer
483158,Sumant,Weisert,9999-01-01,Senior Staff
483161,Yuguang,Yeung,9999-01-01,Senior Staff
483162,Mandell,Herath,9999-01-01,Senior Engineer
483182,Subhada,Lores,9999-01-01,Senior Staff
483183,Oscar,Ciolek,9999-01-01,Senior Engineer
483185,Khatoun,Ebeling,9999-01-01,Engineer
483189,Guadalupe,Gente,9999-01-01,Senior Engineer
483198,Kazuhiro,Rouquie,9999-01-01,Senior Staff
483208,Aran,Garnick,9999-01-01,Staff
483212,Chirstian,Birnbaum,9999-01-01,Staff
483218,Quingbo,Nicolson,9999-01-01,Senior Engineer
483251,Bedir,Maquelin,9999-01-01,Engineer
483253,Tse,Schwartzbauer,9999-01-01,Staff
483285,Zhenhua,Baezner,9999-01-01,Engineer
483300,Giordano,Matzen,9999-01-01,Engineer
483315,Mariangiola,Klassen,9999-01-01,Senior Staff
483319,Hirochika,Koprowski,9999-01-01,Engineer
483323,Jayesh,Parfitt,9999-01-01,Engineer
483342,Jiakeng,Baik,9999-01-01,Engineer
483347,Maik,Guenter,9999-01-01,Technique Leader
483350,Ramya,Wiegley,9999-01-01,Staff
483353,Mizuhito,Litvinov,9999-01-01,Senior Staff
483354,Ekawit,Speel,9999-01-01,Staff
483358,Yakichi,Millington,9999-01-01,Senior Engineer
483369,Nidapan,Delaune,9999-01-01,Senior Staff
483370,Berni,Kumaresan,9999-01-01,Staff
483384,Arne,Varman,9999-01-01,Senior Staff
483386,Marla,Horswill,9999-01-01,Engineer
483396,Fay,Gecsel,9999-01-01,Staff
483410,Gor,Haraldson,9999-01-01,Senior Engineer
483416,Kwan,Aamodt,9999-01-01,Technique Leader
483426,Shmuel,Willoner,9999-01-01,Senior Staff
483428,Owen,Boreale,9999-01-01,Staff
483429,Marco,Vural,9999-01-01,Engineer
483431,Sastry,Perly,9999-01-01,Senior Engineer
483434,Georgy,Aloia,9999-01-01,Senior Staff
483438,Otmar,Hofstetter,9999-01-01,Staff
483448,Fun,Peternell,9999-01-01,Senior Engineer
483466,Leszek,Fujisaki,9999-01-01,Senior Engineer
483472,Gita,Pesch,9999-01-01,Senior Staff
483474,JoAnna,Asmuth,9999-01-01,Technique Leader
483499,Murthy,Vieri,9999-01-01,Senior Engineer
483500,Sanjai,Wossner,9999-01-01,Staff
483507,Kendra,Kitai,9999-01-01,Senior Staff
483509,Poorav,Seiwald,9999-01-01,Engineer
483519,Duangkaew,Papsdorf,9999-01-01,Engineer
483533,Doowon,Leaver,9999-01-01,Staff
483539,Gurbir,Hiroyama,9999-01-01,Engineer
483540,Rajmohan,Diderrich,9999-01-01,Engineer
483549,Chaitali,Chenney,9999-01-01,Technique Leader
483561,Amalendu,Ranft,9999-01-01,Assistant Engineer
483572,Bedrich,Stroustrup,9999-01-01,Senior Staff
483582,Kazuhito,Callaway,9999-01-01,Senior Engineer
483586,Nahla,Pardalos,9999-01-01,Engineer
483601,Duangkaew,Varker,9999-01-01,Senior Engineer
483604,Subhash,Wendorf,9999-01-01,Senior Staff
483605,Theron,Collette,9999-01-01,Engineer
483607,Shaowen,Gelosh,9999-01-01,Staff
483611,Goncalo,Einsfeld,9999-01-01,Staff
483621,Marin,Dulin,9999-01-01,Staff
483635,Marsja,Backhouse,9999-01-01,Technique Leader
483650,Augustine,Peac,9999-01-01,Engineer
483651,Sanjoy,Slobodova,9999-01-01,Senior Engineer
483656,Mana,Serot,9999-01-01,Senior Staff
483660,Chinho,Kaiserswerth,9999-01-01,Engineer
483662,Otmar,Frolund,9999-01-01,Senior Staff
483667,Adhemar,Baik,9999-01-01,Engineer
483677,Mario,Impagliazzo,9999-01-01,Engineer
483688,Chinho,Peroz,9999-01-01,Senior Staff
483690,Shem,Erbe,9999-01-01,Senior Engineer
483692,Mayumi,Merey,9999-01-01,Senior Engineer
483695,Mamdouh,Sommer,9999-01-01,Senior Engineer
483717,Jianhao,Paciorek,9999-01-01,Staff
483737,Tsuneo,Jervis,9999-01-01,Senior Engineer
483741,Pohua,Rijckaert,9999-01-01,Senior Engineer
483770,Zeydy,Szemeredi,9999-01-01,Senior Staff
483775,Moty,DuBourdieux,9999-01-01,Senior Staff
483792,Irena,Unno,9999-01-01,Senior Staff
483798,Sudharsan,Attimonelli,9999-01-01,Senior Engineer
483801,Sajjan,Rosin,9999-01-01,Senior Engineer
483808,Ipke,Peir,9999-01-01,Engineer
483820,Valery,Birrer,9999-01-01,Staff
483821,Arunachalam,Fujisaki,9999-01-01,Senior Staff
483828,Tommaso,Codenie,9999-01-01,Senior Staff
483834,Tse,Oppitz,9999-01-01,Assistant Engineer
483835,Yishay,Cools,9999-01-01,Senior Staff
483840,Manohar,Morrey,9999-01-01,Senior Engineer
483841,Kwan,Swift,9999-01-01,Senior Staff
483842,Marjo,DiGiano,9999-01-01,Senior Engineer
483846,Chikara,Merks,9999-01-01,Senior Staff
483847,Feipei,Serot,9999-01-01,Senior Staff
483849,Yakichi,Flowers,9999-01-01,Senior Engineer
483854,Deniz,Borstler,9999-01-01,Staff
483858,Randy,Papadias,9999-01-01,Staff
483864,Zhensheng,Heering,9999-01-01,Senior Staff
483876,Tomofumi,Crouzet,9999-01-01,Senior Staff
483926,Supot,Peck,9999-01-01,Senior Staff
483931,Sadun,Benveniste,9999-01-01,Senior Staff
483951,Teunis,Parhami,9999-01-01,Senior Staff
483954,Ohad,Morrow,9999-01-01,Senior Staff
483956,Goo,Garrabrants,9999-01-01,Technique Leader
483959,Yaghout,Welham,9999-01-01,Engineer
483976,Claude,Gerlach,9999-01-01,Senior Engineer
483981,Shuky,Halevi,9999-01-01,Engineer
483983,Shigeu,Ravishankar,9999-01-01,Senior Staff
483986,Siamak,Radhakrishnan,9999-01-01,Senior Engineer
483999,Jouko,Barvinok,9999-01-01,Senior Staff
484000,Bezalel,Reeker,9999-01-01,Senior Engineer
484010,Udaiprakash,Narahara,9999-01-01,Staff
484020,Ayakannu,Oppitz,9999-01-01,Engineer
484029,Shaz,Ramsak,9999-01-01,Engineer
484036,Toshimitsu,Kolinko,9999-01-01,Engineer
484047,Danel,Leivant,9999-01-01,Senior Staff
484055,Shietung,Pena,9999-01-01,Senior Staff
484066,Arif,Zaccaria,9999-01-01,Engineer
484086,Marsha,Cullers,9999-01-01,Senior Staff
484087,Herb,Tagansky,9999-01-01,Senior Staff
484096,Garnet,Kugler,9999-01-01,Senior Engineer
484105,Hercules,Portugali,9999-01-01,Senior Staff
484112,Odysseas,Gammage,9999-01-01,Senior Staff
484143,Wayne,Chinal,9999-01-01,Staff
484153,Claudi,Pardalos,9999-01-01,Senior Engineer
484183,Udi,Cronin,9999-01-01,Staff
484188,Aimee,Aloisi,9999-01-01,Senior Staff
484191,Mani,Gente,9999-01-01,Engineer
484193,Zengping,Lemarechal,9999-01-01,Senior Engineer
484201,Huai,Niizuma,9999-01-01,Senior Engineer
484206,Mana,Berstel,9999-01-01,Engineer
484208,Lidong,Ebeling,9999-01-01,Senior Staff
484209,Sanjai,Soloway,9999-01-01,Technique Leader
484211,Takanari,Henseler,9999-01-01,Senior Staff
484217,JoAnne,Gomatam,9999-01-01,Senior Staff
484238,Moty,Marzano,9999-01-01,Senior Engineer
484256,Nobuyoshi,Paludetto,9999-01-01,Engineer
484260,Subhada,Sullins,9999-01-01,Technique Leader
484262,Sushant,Bonifati,9999-01-01,Senior Engineer
484271,Hauke,Pettey,9999-01-01,Assistant Engineer
484282,Tetsushi,Anick,9999-01-01,Senior Staff
484286,Prasadram,DasSarma,9999-01-01,Engineer
484305,Tuval,Mawatari,9999-01-01,Senior Staff
484318,Weijing,Marchegay,9999-01-01,Senior Engineer
484319,Younwoo,Siprelle,9999-01-01,Engineer
484325,Yuping,Callaway,9999-01-01,Staff
484329,Mats,Pettis,9999-01-01,Senior Engineer
484349,Bluma,Swiss,9999-01-01,Engineer
484352,Munehiro,Nannarelli,9999-01-01,Staff
484356,Narain,Bonifati,9999-01-01,Engineer
484361,Ugo,Hempstead,9999-01-01,Senior Staff
484368,Yechiam,Litvinov,9999-01-01,Engineer
484396,Janalee,Lortz,9999-01-01,Senior Staff
484398,Qiwen,Borstler,9999-01-01,Senior Engineer
484403,Arnould,Minakawa,9999-01-01,Engineer
484424,Yifei,Pashtan,9999-01-01,Assistant Engineer
484440,Munehiko,Dayang,9999-01-01,Engineer
484447,Christophe,Rajaraman,9999-01-01,Senior Engineer
484456,Emdad,Kalsbeek,9999-01-01,Engineer
484458,Xiaocheng,Bahk,9999-01-01,Engineer
484480,Doohun,Salvesen,9999-01-01,Senior Staff
484482,Vishv,Improta,9999-01-01,Engineer
484489,Gritta,Wendorf,9999-01-01,Engineer
484491,Atreye,Maierhofer,9999-01-01,Senior Engineer
484499,Sergi,Ramras,9999-01-01,Engineer
484502,Jessie,Matzat,9999-01-01,Engineer
484504,Gou,Orlowski,9999-01-01,Staff
484522,Denis,Paciorek,9999-01-01,Senior Staff
484532,Arif,Vidya,9999-01-01,Assistant Engineer
484561,Feiyu,Bridgland,9999-01-01,Staff
484568,Alexius,Bahr,9999-01-01,Staff
484574,Gal,Thimonier,9999-01-01,Staff
484583,Xiping,Jording,9999-01-01,Staff
484597,Alejandro,Barriga,9999-01-01,Senior Engineer
484602,Kenroku,Akiyama,9999-01-01,Senior Engineer
484605,Keung,Lorho,9999-01-01,Engineer
484610,Jayson,Ranta,9999-01-01,Engineer
484612,Mohan,Junet,9999-01-01,Engineer
484619,Fei,Fargier,9999-01-01,Senior Staff
484637,Randi,Lund,9999-01-01,Senior Engineer
484641,Laurentiu,Pouyioutas,9999-01-01,Engineer
484651,Mayumi,Nicolson,9999-01-01,Technique Leader
484663,Miyeon,Tetzlaff,9999-01-01,Engineer
484676,Erez,Barbanera,9999-01-01,Engineer
484683,Iara,Ranai,9999-01-01,Senior Engineer
484694,Salvador,Alvarado,9999-01-01,Engineer
484702,Sanjay,Plotkin,9999-01-01,Engineer
484716,Yinlin,Schlumberger,9999-01-01,Senior Staff
484725,Martina,Merel,9999-01-01,Senior Engineer
484728,Mokhtar,Rosaz,9999-01-01,Staff
484730,Subhrajyoti,Solovay,9999-01-01,Senior Engineer
484734,Rafols,Keohane,9999-01-01,Technique Leader
484736,Radhakrishnan,Stamatiou,9999-01-01,Senior Staff
484738,Yuriy,Montemayor,9999-01-01,Senior Staff
484748,Shridhar,Orlowska,9999-01-01,Senior Staff
484751,Nobuyoshi,Coombs,9999-01-01,Engineer
484754,Mario,Hebert,9999-01-01,Senior Staff
484777,Chriss,Hettesheimer,9999-01-01,Staff
484793,Beshir,Vadhan,9999-01-01,Staff
484794,Uri,Comte,9999-01-01,Senior Engineer
484799,Peternela,Roohalamini,9999-01-01,Engineer
484808,Siddarth,Bale,9999-01-01,Engineer
484811,Fusako,Schrift,9999-01-01,Senior Engineer
484829,Maris,Hettesheimer,9999-01-01,Engineer
484842,Mack,Conia,9999-01-01,Senior Engineer
484856,Martine,Junet,9999-01-01,Senior Staff
484900,Deborah,Halevi,9999-01-01,Engineer
484914,Weijing,Crelier,9999-01-01,Engineer
484916,Maren,Hofstetter,9999-01-01,Senior Staff
484928,Yuchang,Litzler,9999-01-01,Staff
484933,Masako,Beerel,9999-01-01,Senior Staff
484934,Magy,Aamodt,9999-01-01,Engineer
484943,Danel,Iivonen,9999-01-01,Senior Staff
484946,Narain,Fritzsche,9999-01-01,Senior Engineer
484980,Dulce,Montresor,9999-01-01,Senior Engineer
484985,Fei,Gide,9999-01-01,Engineer
484989,Clyde,Jumpertz,9999-01-01,Staff
484990,Sham,Bernini,9999-01-01,Engineer
484997,Ravishankar,Oppitz,9999-01-01,Senior Engineer
485000,Conor,Quaggetto,9999-01-01,Staff
485001,Perry,Jiang,9999-01-01,Senior Engineer
485009,Fei,Baer,9999-01-01,Senior Engineer
485020,Zito,Zirintsis,9999-01-01,Engineer
485037,Ennio,Bolsens,9999-01-01,Senior Staff
485039,Shugo,Zhang,9999-01-01,Engineer
485041,Chaitali,Bugaenko,9999-01-01,Senior Engineer
485055,Cullen,Zyda,9999-01-01,Senior Engineer
485058,Jamaludin,Curless,9999-01-01,Staff
485063,Sadok,Gecsel,9999-01-01,Senior Staff
485069,Alassane,Riexinger,9999-01-01,Senior Engineer
485080,Randy,Cochrane,9999-01-01,Senior Engineer
485083,Holgard,Huxford,9999-01-01,Staff
485090,Hongzhu,Chinen,9999-01-01,Senior Engineer
485151,Feipei,Camarinopoulos,9999-01-01,Senior Staff
485162,Ekawit,Manderick,9999-01-01,Staff
485163,Zhensheng,Rusmann,9999-01-01,Engineer
485170,Kagan,Condotta,9999-01-01,Technique Leader
485172,Stella,Parascandalo,9999-01-01,Engineer
485176,Xudong,Ellozy,9999-01-01,Engineer
485188,Jianhao,Marrevee,9999-01-01,Senior Staff
485189,Sigeru,Kemmerer,9999-01-01,Assistant Engineer
485190,Yongdong,Petereit,9999-01-01,Senior Staff
485191,Yonghoan,Cochrane,9999-01-01,Technique Leader
485192,Ronghao,Alpin,9999-01-01,Senior Engineer
485195,Pranjal,Nanard,9999-01-01,Staff
485198,Snehasis,Vadhan,9999-01-01,Engineer
485205,Yefim,Taneja,9999-01-01,Senior Staff
485212,Magdalena,Besancenot,9999-01-01,Engineer
485214,Yurij,Marquardt,9999-01-01,Engineer
485238,Heather,Gargeya,9999-01-01,Senior Engineer
485244,George,Bage,9999-01-01,Senior Staff
485247,Jiakeng,Marchegay,9999-01-01,Senior Engineer
485251,Cedric,Kenevan,9999-01-01,Senior Staff
485271,Luerbio,Kushner,9999-01-01,Senior Staff
485309,Ute,Rahier,9999-01-01,Staff
485330,Guttorm,Stavenow,9999-01-01,Senior Staff
485341,Mohammed,Validov,9999-01-01,Senior Engineer
485363,Mikhail,Serre,9999-01-01,Staff
485369,Hyuckchul,Schonegge,9999-01-01,Senior Staff
485372,Mingdong,Staudhammer,9999-01-01,Senior Engineer
485381,Aral,Vingron,9999-01-01,Staff
485386,Sadegh,Wynblatt,9999-01-01,Engineer
485387,Hatim,Wendorf,9999-01-01,Technique Leader
485390,Honglan,Wixon,9999-01-01,Technique Leader
485404,Bangqing,Hebert,9999-01-01,Senior Engineer
485405,Vidar,Vigier,9999-01-01,Staff
485430,Sastry,Rissanen,9999-01-01,Engineer
485436,Boguslaw,Ginesta,9999-01-01,Senior Staff
485443,Guangming,Lyonns,9999-01-01,Staff
485460,Przemyslawa,Karner,9999-01-01,Senior Engineer
485467,Rayond,Peac,9999-01-01,Engineer
485469,Chaosheng,Mitchem,9999-01-01,Engineer
485471,Jaroslava,Marchegay,9999-01-01,Senior Engineer
485476,Wilmer,Fortenbacher,9999-01-01,Assistant Engineer
485487,Goetz,Roohalamini,9999-01-01,Staff
485500,Kristian,Kroon,9999-01-01,Staff
485523,Poorav,Rosaz,9999-01-01,Senior Engineer
485547,Ayonca,Verspoor,9999-01-01,Staff
485559,Premal,Gist,9999-01-01,Senior Staff
485568,Inderjeet,Oskamp,9999-01-01,Staff
485584,Uzi,Aingworth,9999-01-01,Senior Engineer
485602,Baoqiu,Murillo,9999-01-01,Senior Staff
485604,Shem,Tagansky,9999-01-01,Senior Staff
485621,Bader,Bratsberg,9999-01-01,Senior Staff
485625,Huei,Michaels,9999-01-01,Senior Staff
485640,Fei,Rosiles,9999-01-01,Senior Staff
485646,Masadi,Farris,9999-01-01,Senior Staff
485664,Ranan,Stentiford,9999-01-01,Staff
485681,Fen,Flowers,9999-01-01,Senior Engineer
485692,Erzsebet,Valiente,9999-01-01,Staff
485704,Adit,Murtha,9999-01-01,Senior Engineer
485707,Reuven,McClure,9999-01-01,Staff
485709,Maris,Peternell,9999-01-01,Staff
485729,Demin,Dayang,9999-01-01,Senior Staff
485742,Mana,Bernardinello,9999-01-01,Engineer
485754,Perla,Randi,9999-01-01,Senior Staff
485757,Fumiya,Ratnaker,9999-01-01,Senior Engineer
485769,Kinh,Wroclawski,9999-01-01,Staff
485773,Shalesh,Denny,9999-01-01,Staff
485776,Shunichi,Schach,9999-01-01,Technique Leader
485777,Piyush,Siepmann,9999-01-01,Senior Staff
485786,Masanao,Kobuchi,9999-01-01,Engineer
485798,Barun,Georgakopoulos,9999-01-01,Staff
485803,Manton,Hasham,9999-01-01,Engineer
485807,Hyuncheol,Dulin,9999-01-01,Engineer
485810,Rasikan,Gunderson,9999-01-01,Engineer
485820,Mitsuyuki,Chinal,9999-01-01,Engineer
485822,Alenka,Koyama,9999-01-01,Senior Staff
485844,Tsvetan,Monkewich,9999-01-01,Staff
485846,Vishv,Gecsel,9999-01-01,Assistant Engineer
485853,Uno,Chepyzhov,9999-01-01,Engineer
485888,Toshimi,Esteva,9999-01-01,Engineer
485904,Anyuan,Cannane,9999-01-01,Senior Engineer
485907,Supot,Plavsic,9999-01-01,Engineer
485911,Perry,Haumacher,9999-01-01,Senior Engineer
485912,Keung,Champarnaud,9999-01-01,Senior Engineer
485926,Hilari,Beausoleil,9999-01-01,Senior Engineer
485932,Chenye,Gilg,9999-01-01,Engineer
485940,Mayumi,Delgrange,9999-01-01,Staff
485946,Pranay,Munch,9999-01-01,Staff
485948,Idoia,Borstler,9999-01-01,Staff
485952,Luigi,Vidal,9999-01-01,Senior Staff
485968,Zhongwei,Sankaranarayanan,9999-01-01,Senior Engineer
485975,Vincent,Peral,9999-01-01,Senior Staff
485997,Filipe,Parfitt,9999-01-01,Senior Engineer
486012,Ramzi,Shanbhogue,9999-01-01,Senior Engineer
486044,Branimir,Lorch,9999-01-01,Staff
486046,Shigeichiro,Uehara,9999-01-01,Engineer
486062,Subhash,Luders,9999-01-01,Senior Engineer
486067,Dhritiman,Lichtner,9999-01-01,Staff
486070,Pasqua,Diderrich,9999-01-01,Engineer
486071,Tse,Thambidurai,9999-01-01,Staff
486083,Morrie,Rosenbaum,9999-01-01,Senior Staff
486101,Gita,Stifter,9999-01-01,Engineer
486136,Steve,Nitsche,9999-01-01,Engineer
486140,Giap,Wiegley,9999-01-01,Senior Engineer
486143,Fai,Decaestecker,9999-01-01,Senior Engineer
486147,Nidapan,Lubachevsky,9999-01-01,Senior Engineer
486152,Saeed,Guenter,9999-01-01,Senior Staff
486153,Zorica,Gien,9999-01-01,Senior Staff
486162,Weidon,Brender,9999-01-01,Senior Staff
486166,Akeno,Berztiss,9999-01-01,Engineer
486168,Suvo,Roison,9999-01-01,Staff
486174,Mabo,Sinitsyn,9999-01-01,Senior Staff
486176,Rayond,Babb,9999-01-01,Senior Engineer
486184,Hideo,Serna,9999-01-01,Senior Engineer
486191,Giri,Collette,9999-01-01,Senior Staff
486198,Jaroslava,Danner,9999-01-01,Senior Staff
486203,JoAnna,Gajiwala,9999-01-01,Engineer
486205,Bodh,Baez,9999-01-01,Engineer
486207,Fumino,Valtorta,9999-01-01,Staff
486210,Minghong,Marletta,9999-01-01,Staff
486215,Kiyokazu,Zschoche,9999-01-01,Senior Staff
486246,Shaw,Birch,9999-01-01,Senior Staff
486249,Claudi,Flexer,9999-01-01,Senior Engineer
486253,Rosalie,Nicolson,9999-01-01,Engineer
486257,Chikako,Caine,9999-01-01,Senior Staff
486262,Akeno,Genther,9999-01-01,Senior Engineer
486266,Matk,Peron,9999-01-01,Technique Leader
486278,Theron,Schaad,9999-01-01,Senior Engineer
486283,Demin,Berstel,9999-01-01,Staff
486284,Venkatesan,Peternell,9999-01-01,Staff
486288,Behnaam,Ritzmann,9999-01-01,Staff
486307,Mart,Ruemmler,9999-01-01,Senior Engineer
486315,Sadok,Chorvat,9999-01-01,Senior Staff
486327,Aris,Pero,9999-01-01,Senior Engineer
486335,Teunis,Kushnir,9999-01-01,Senior Staff
486337,Genta,Morrin,9999-01-01,Engineer
486345,Marsal,Brodie,9999-01-01,Senior Staff
486364,Rosalyn,Ramras,9999-01-01,Staff
486366,Foong,Billawala,9999-01-01,Technique Leader
486372,Hsiangchu,Renear,9999-01-01,Staff
486393,Kristinn,Aloisi,9999-01-01,Senior Staff
486423,Kasidit,Taneja,9999-01-01,Staff
486426,Elvia,Zirintsis,9999-01-01,Technique Leader
486429,Debaprosad,Wossner,9999-01-01,Staff
486452,Petter,Sundgren,9999-01-01,Engineer
486456,Elrique,Bernick,9999-01-01,Senior Staff
486463,Basim,Christ,9999-01-01,Engineer
486481,JoAnna,Gelosh,9999-01-01,Technique Leader
486496,Jaques,Marshall,9999-01-01,Senior Staff
486509,Mahendra,Mayerwieser,9999-01-01,Senior Staff
486512,Sangeeta,Casley,9999-01-01,Technique Leader
486516,Shih,Kitsuregawa,9999-01-01,Staff
486518,Florian,Pashtan,9999-01-01,Senior Engineer
486519,Vugranam,Setiz,9999-01-01,Staff
486522,Uinam,Rahimi,9999-01-01,Senior Engineer
486531,Hatem,Siepmann,9999-01-01,Engineer
486537,Mayuri,Orlowska,9999-01-01,Senior Staff
486540,Maik,Matzke,9999-01-01,Engineer
486549,Morris,Quadeer,9999-01-01,Senior Engineer
486553,Toshiki,Schiper,9999-01-01,Staff
486561,Jordanka,Sommen,9999-01-01,Staff
486562,Radoslaw,Angelopoulos,9999-01-01,Staff
486568,Kiam,Pappas,9999-01-01,Engineer
486586,Zhenbing,Muchinsky,9999-01-01,Senior Staff
486602,Serap,Fabrizio,9999-01-01,Senior Engineer
486620,Torsten,Pluym,9999-01-01,Senior Engineer
486631,Elgin,Szmurlo,9999-01-01,Senior Engineer
486639,Chirstian,Kolvik,9999-01-01,Senior Engineer
486651,Tse,Bennet,9999-01-01,Senior Engineer
486658,Neelam,Pfau,9999-01-01,Engineer
486662,Neelam,Brookner,9999-01-01,Staff
486674,Adamantios,Luke,9999-01-01,Engineer
486679,Aleksander,Kavvadias,9999-01-01,Senior Engineer
486681,Kousuke,Velasco,9999-01-01,Senior Engineer
486687,Nirmal,Marciano,9999-01-01,Engineer
486690,Goh,Bahk,9999-01-01,Engineer
486693,Sastry,Delaune,9999-01-01,Staff
486703,Masasuke,Lorcy,9999-01-01,Senior Engineer
486720,Gou,Kumaresan,9999-01-01,Senior Engineer
486726,Vugranam,Aamodt,9999-01-01,Senior Engineer
486734,Jolita,Lukaszewicz,9999-01-01,Senior Engineer
486735,Kristinn,Rotem,9999-01-01,Senior Staff
486738,Sasan,Dulay,9999-01-01,Senior Engineer
486740,Guiseppe,Cronin,9999-01-01,Senior Engineer
486752,Toshimo,Scharstein,9999-01-01,Staff
486753,Chinho,Hitomi,9999-01-01,Staff
486776,Narain,Kawashima,9999-01-01,Engineer
486784,Berni,Verhaegen,9999-01-01,Staff
486793,Tadahiro,Keustermans,9999-01-01,Engineer
486809,Oldrich,Schmittgen,9999-01-01,Senior Staff
486820,Basant,Velardi,9999-01-01,Senior Engineer
486826,Utz,Erdi,9999-01-01,Engineer
486828,Sachin,Molenkamp,9999-01-01,Staff
486831,Ennio,Quadeer,9999-01-01,Engineer
486836,Remko,Klerer,9999-01-01,Senior Staff
486840,Volkmar,Picht,9999-01-01,Staff
486863,Nathan,Polupanov,9999-01-01,Senior Staff
486876,Heon,Vecchi,9999-01-01,Staff
486879,Duangkaew,Ligten,9999-01-01,Assistant Engineer
486883,Ayakannu,Deyuan,9999-01-01,Technique Leader
486887,Fai,Herber,9999-01-01,Engineer
486888,Florina,Veeraraghavan,9999-01-01,Staff
486894,Kristin,Constantine,9999-01-01,Senior Staff
486925,Saeed,Hatcliff,9999-01-01,Senior Engineer
486931,Peternela,Bernini,9999-01-01,Engineer
486946,Idoia,Chleq,9999-01-01,Senior Staff
486952,Gen,Gimarc,9999-01-01,Staff
486965,Heather,Gornas,9999-01-01,Senior Engineer
486966,Lobel,Monkewich,9999-01-01,Engineer
486967,Xiaoqiu,Kalloufi,9999-01-01,Senior Staff
486969,Vishwani,Picci,9999-01-01,Engineer
486974,Hironobu,Fontan,9999-01-01,Senior Engineer
486977,Jaideep,Baik,9999-01-01,Senior Engineer
487005,Atilio,Carrere,9999-01-01,Engineer
487014,Amstein,Schiper,9999-01-01,Engineer
487054,Bernd,Gire,9999-01-01,Staff
487058,Fay,Brender,9999-01-01,Senior Engineer
487071,Khoa,Klyachko,9999-01-01,Senior Staff
487075,Nevio,Alvarado,9999-01-01,Senior Engineer
487078,Oscal,Seiwald,9999-01-01,Staff
487090,Yagil,Oxenboll,9999-01-01,Engineer
487098,Mana,Poujol,9999-01-01,Staff
487108,Souichi,Brendel,9999-01-01,Engineer
487121,Duangkaew,Litecky,9999-01-01,Senior Staff
487128,Tayeb,Samarati,9999-01-01,Senior Staff
487130,Alselm,Roison,9999-01-01,Technique Leader
487149,Uno,Suppi,9999-01-01,Senior Staff
487151,Rosella,Engelmann,9999-01-01,Senior Engineer
487152,Radhia,Stamatiou,9999-01-01,Senior Staff
487169,Toshimi,Naumovich,9999-01-01,Engineer
487182,Pantung,Kalefeld,9999-01-01,Senior Engineer
487220,Douadi,Hiraishi,9999-01-01,Senior Engineer
487227,Susumu,Delgrande,9999-01-01,Staff
487231,Eishiro,Wendorf,9999-01-01,Senior Engineer
487250,Gita,Gecsei,9999-01-01,Engineer
487258,Larisa,Kroll,9999-01-01,Senior Staff
487259,Akeno,Klerer,9999-01-01,Senior Engineer
487260,Katsuo,Nyrup,9999-01-01,Senior Staff
487265,Ramzi,Sidhu,9999-01-01,Senior Staff
487268,Samphel,Asmuth,9999-01-01,Senior Staff
487272,Augustine,Nourani,9999-01-01,Senior Staff
487276,Chaoyi,Kowalchuk,9999-01-01,Senior Engineer
487280,Adib,Hitomi,9999-01-01,Senior Engineer
487282,Masoud,Beeson,9999-01-01,Senior Engineer
487285,Augustine,Minakawa,9999-01-01,Senior Engineer
487286,Insup,Copas,9999-01-01,Senior Staff
487294,Alenka,Zirintsis,9999-01-01,Technique Leader
487313,Sushant,Tramer,9999-01-01,Engineer
487320,Shaw,Nilsson,9999-01-01,Senior Staff
487350,Krisda,Axelband,9999-01-01,Staff
487358,Godehard,Katalagarianos,9999-01-01,Staff
487359,Tesuya,Horswill,9999-01-01,Senior Engineer
487372,Arvind,Rosay,9999-01-01,Staff
487373,Ingmar,Huxford,9999-01-01,Engineer
487374,Jayesh,Swiss,9999-01-01,Senior Staff
487384,Heejo,Nourani,9999-01-01,Senior Staff
487385,Stepehn,Felcyn,9999-01-01,Senior Engineer
487393,Keung,Hebert,9999-01-01,Senior Staff
487397,Mara,Farrag,9999-01-01,Engineer
487405,Ioana,Krychniak,9999-01-01,Senior Engineer
487422,Adhemar,Maksimenko,9999-01-01,Technique Leader
487437,Mohammad,Rajcani,9999-01-01,Senior Engineer
487442,Boutros,Dredge,9999-01-01,Assistant Engineer
487444,Aran,Uehara,9999-01-01,Engineer
487462,Dipayan,Bierbaum,9999-01-01,Technique Leader
487478,Nahid,Weisert,9999-01-01,Technique Leader
487495,Dekang,Shobatake,9999-01-01,Senior Engineer
487496,Masamitsu,Zaccaria,9999-01-01,Senior Engineer
487502,Owen,Peris,9999-01-01,Senior Engineer
487503,Bernardo,Maraist,9999-01-01,Engineer
487508,Arfst,Roohalamini,9999-01-01,Engineer
487522,Marlo,Kemmerer,9999-01-01,Engineer
487525,Irena,Buescher,9999-01-01,Senior Staff
487529,Toshimori,Jiang,9999-01-01,Senior Engineer
487538,Tomokazu,Douceur,9999-01-01,Staff
487543,Xiping,Menhoudj,9999-01-01,Staff
487567,Dhritiman,Rahimi,9999-01-01,Senior Staff
487577,Nidapan,Bottner,9999-01-01,Senior Engineer
487579,Zhongwei,Maksimenko,9999-01-01,Staff
487580,Guiseppe,Gerteisen,9999-01-01,Engineer
487582,Domenico,Katalagarianos,9999-01-01,Senior Engineer
487599,Shai,Plavsic,9999-01-01,Senior Staff
487601,Aksel,Emiris,9999-01-01,Engineer
487611,Vasilis,Sethi,9999-01-01,Engineer
487617,Berni,Hainaut,9999-01-01,Engineer
487633,Foong,Zweizig,9999-01-01,Senior Engineer
487640,Apostol,Vecchi,9999-01-01,Senior Engineer
487649,Toney,Kornatzky,9999-01-01,Engineer
487651,Itzchak,Cooke,9999-01-01,Technique Leader
487659,Lakshmi,Fadgyas,9999-01-01,Senior Engineer
487663,Jeane,Brizzi,9999-01-01,Assistant Engineer
487667,Valery,Cannard,9999-01-01,Senior Staff
487677,Danny,Kilgour,9999-01-01,Engineer
487684,Houman,Rahier,9999-01-01,Engineer
487686,Geraldo,Munoz,9999-01-01,Staff
487692,Padma,Ozeki,9999-01-01,Senior Engineer
487697,Conrado,Marciano,9999-01-01,Staff
487703,Khedija,Sewelson,9999-01-01,Senior Engineer
487709,Sanjai,Vasanthakumar,9999-01-01,Senior Engineer
487732,Masami,Iisaku,9999-01-01,Technique Leader
487743,Chanjung,Kavvadias,9999-01-01,Senior Staff
487749,Unal,Comte,9999-01-01,Senior Staff
487758,Sandeepan,Wendorf,9999-01-01,Senior Engineer
487775,Toshimori,Bennis,9999-01-01,Senior Staff
487789,Val,Bellone,9999-01-01,Engineer
487790,Kolar,Fontan,9999-01-01,Engineer
487792,Nevio,Suessmith,9999-01-01,Senior Engineer
487801,Panayotis,Ferriere,9999-01-01,Engineer
487804,Annemarie,Honglei,9999-01-01,Senior Engineer
487815,Khalil,Pollacia,9999-01-01,Engineer
487825,Hilari,Kropatsch,9999-01-01,Engineer
487831,Urs,Lemarechal,9999-01-01,Engineer
487849,Sanjiv,Perna,9999-01-01,Senior Engineer
487869,Uli,Guenter,9999-01-01,Senior Staff
487871,Mantis,Panwar,9999-01-01,Senior Staff
487884,Yuichiro,Kawashima,9999-01-01,Senior Engineer
487894,Subhankar,Highland,9999-01-01,Senior Staff
487904,Gererd,Ciolek,9999-01-01,Engineer
487941,Haldon,Mahmud,9999-01-01,Engineer
487974,Masadi,Smailagic,9999-01-01,Senior Engineer
487986,Jackson,Geffroy,9999-01-01,Staff
488018,Adamantios,Zweizig,9999-01-01,Senior Staff
488039,Taegyun,Molenaar,9999-01-01,Senior Staff
488041,Vasilis,Maccarone,9999-01-01,Staff
488053,Gen,Maraist,9999-01-01,Senior Engineer
488057,Gennady,Schonegge,9999-01-01,Senior Engineer
488068,Abdelghani,Sabnani,9999-01-01,Staff
488074,Giordano,Genther,9999-01-01,Senior Engineer
488077,Isaac,Huxford,9999-01-01,Senior Engineer
488104,Wonhee,Furedi,9999-01-01,Engineer
488114,Krister,DuBourdieux,9999-01-01,Engineer
488121,Urs,Schneeberger,9999-01-01,Senior Engineer
488131,Dannz,Rosch,9999-01-01,Senior Engineer
488141,Kristen,Hambrick,9999-01-01,Engineer
488145,Phule,Kavanagh,9999-01-01,Engineer
488149,Shawna,Krichel,9999-01-01,Engineer
488164,Kaijung,Bahk,9999-01-01,Senior Staff
488168,Adil,Kenevan,9999-01-01,Senior Engineer
488180,Kwangyoen,Arlazarov,9999-01-01,Assistant Engineer
488183,Shaowei,Hiroyama,9999-01-01,Engineer
488185,Junsik,Hanratty,9999-01-01,Engineer
488189,Tianruo,Serra,9999-01-01,Engineer
488191,Sanjay,Stassinopoulos,9999-01-01,Engineer
488192,Theron,Tiemann,9999-01-01,Engineer
488209,Shuho,Gulla,9999-01-01,Senior Engineer
488220,Tetsurou,Ouhyoung,9999-01-01,Staff
488222,Taisook,Kleiser,9999-01-01,Senior Staff
488246,Paris,Honglei,9999-01-01,Engineer
488249,Macha,Ciolek,9999-01-01,Senior Staff
488255,Leif,Passafiume,9999-01-01,Senior Engineer
488263,Cristinel,Lamparter,9999-01-01,Technique Leader
488271,Aimee,Rahier,9999-01-01,Technique Leader
488275,Ulises,Woycyznski,9999-01-01,Senior Staff
488279,Danny,Rohrbach,9999-01-01,Senior Staff
488301,Shuzo,Matzen,9999-01-01,Senior Engineer
488327,Takushi,Lemarechal,9999-01-01,Senior Engineer
488334,Junsik,Picci,9999-01-01,Senior Engineer
488335,Atreye,Giaccio,9999-01-01,Engineer
488336,Elgin,Fraisse,9999-01-01,Staff
488338,Yaghout,Pietracaprina,9999-01-01,Engineer
488339,Muzhong,Yeung,9999-01-01,Engineer
488360,Roselyn,Fioravanti,9999-01-01,Senior Staff
488364,Taizo,Murillo,9999-01-01,Senior Engineer
488400,Claudi,Gulla,9999-01-01,Staff
488407,Leandro,Codenie,9999-01-01,Senior Staff
488413,Arun,Calkin,9999-01-01,Senior Staff
488436,Bernardo,Azuma,9999-01-01,Senior Engineer
488442,Houman,Wynblatt,9999-01-01,Senior Staff
488456,Eran,Vesna,9999-01-01,Staff
488460,Shay,Borstler,9999-01-01,Engineer
488474,Chenye,Hainaut,9999-01-01,Staff
488477,Gregory,Matzel,9999-01-01,Senior Staff
488478,Shugo,Candan,9999-01-01,Staff
488500,Berto,Rabehasaina,9999-01-01,Senior Engineer
488525,Leen,Zolotykh,9999-01-01,Senior Staff
488530,Guther,Vuskovic,9999-01-01,Senior Staff
488541,Raimond,Luck,9999-01-01,Staff
488545,Shigeo,Condotta,9999-01-01,Senior Engineer
488566,Sangeeta,Murtha,9999-01-01,Staff
488579,Chaoyi,Hagimont,9999-01-01,Staff
488580,Bingning,Kieras,9999-01-01,Engineer
488593,Venkatesan,Katalagarianos,9999-01-01,Senior Engineer
488627,Sven,Barvinok,9999-01-01,Engineer
488630,Heejo,Muhling,9999-01-01,Staff
488631,Marsha,Noriega,9999-01-01,Staff
488637,Hisao,Shiratori,9999-01-01,Engineer
488651,Hercules,Werthner,9999-01-01,Senior Staff
488661,Marlo,Verhaegen,9999-01-01,Engineer
488667,Mayumi,Basagni,9999-01-01,Assistant Engineer
488674,Uri,Ressouche,9999-01-01,Staff
488677,Gila,Bruckman,9999-01-01,Senior Staff
488682,Ugo,Badache,9999-01-01,Engineer
488691,Debatosh,Bolsens,9999-01-01,Senior Engineer
488705,Nevio,Chenoweth,9999-01-01,Senior Engineer
488721,Yahiko,Selvestrel,9999-01-01,Staff
488726,Kousuke,Welham,9999-01-01,Senior Staff
488741,Atreyi,Lunt,9999-01-01,Staff
488746,Takahiro,Chandrasekhar,9999-01-01,Engineer
488751,Paris,Uludag,9999-01-01,Senior Staff
488756,Adit,Luke,9999-01-01,Senior Staff
488767,Lubomir,Adachi,9999-01-01,Staff
488776,Jiann,Schmiedel,9999-01-01,Technique Leader
488794,Bodo,Serdy,9999-01-01,Senior Staff
488806,Huican,Ranon,9999-01-01,Senior Engineer
488813,Elliott,Gelosh,9999-01-01,Staff
488818,Masasuke,Tchuente,9999-01-01,Staff
488848,Changho,Poehlman,9999-01-01,Engineer
488857,Arto,Garrabrants,9999-01-01,Senior Staff
488859,Odysseas,McFarlin,9999-01-01,Engineer
488877,Magy,Baca,9999-01-01,Senior Staff
488881,Aran,Puppo,9999-01-01,Engineer
488882,Kwangsub,Khalil,9999-01-01,Engineer
488887,Szabolcs,Iwayama,9999-01-01,Staff
488894,Boriana,Champarnaud,9999-01-01,Engineer
488907,Reinhold,Kitai,9999-01-01,Engineer
488910,Moto,Slutz,9999-01-01,Engineer
488928,Adel,Bazelow,9999-01-01,Senior Staff
488940,Zhongwei,Beutelspacher,9999-01-01,Staff
488963,Conrado,Weisert,9999-01-01,Senior Staff
488969,Remko,Benzmuller,9999-01-01,Staff
488980,Vishwani,Reeker,9999-01-01,Engineer
488988,Izaskun,Puppe,9999-01-01,Senior Staff
488995,Moon,Morris,9999-01-01,Senior Engineer
488998,Kendra,Hennings,9999-01-01,Senior Engineer
489005,Gilbert,Onuegbe,9999-01-01,Senior Staff
489010,Youngkon,Skrikant,9999-01-01,Technique Leader
489015,Boriana,Benzmuller,9999-01-01,Senior Engineer
489040,Xiping,Lueh,9999-01-01,Senior Engineer
489050,Jeanna,Pramanik,9999-01-01,Senior Engineer
489054,Edwin,Giveon,9999-01-01,Engineer
489060,Kazuhito,Sevcikova,9999-01-01,Engineer
489063,Jianhui,Penn,9999-01-01,Senior Staff
489088,Basem,Perz,9999-01-01,Senior Staff
489117,Constantijn,Gustavson,9999-01-01,Engineer
489124,Chandrasekaran,Uhrig,9999-01-01,Engineer
489126,Anestis,Macedo,9999-01-01,Staff
489128,Nishit,Gluchowski,9999-01-01,Senior Staff
489130,Guadalupe,Ligten,9999-01-01,Senior Engineer
489151,Percy,Hoogerwoord,9999-01-01,Senior Engineer
489205,Eran,Cunliffe,9999-01-01,Staff
489215,Conrado,Ritcey,9999-01-01,Engineer
489221,Dulce,Remmers,9999-01-01,Senior Staff
489243,Teiji,Lores,9999-01-01,Senior Staff
489245,Shrikanth,Steenbeek,9999-01-01,Senior Engineer
489257,Premal,Rissanen,9999-01-01,Staff
489269,Gully,Fontan,9999-01-01,Senior Engineer
489280,Kristen,Fraisse,9999-01-01,Staff
489318,Uta,Stellhorn,9999-01-01,Engineer
489321,Greger,Curless,9999-01-01,Senior Staff
489325,Qiwen,Furudate,9999-01-01,Staff
489340,Fuqing,Setlzner,9999-01-01,Senior Staff
489341,Bernd,Schmezko,9999-01-01,Engineer
489349,Foong,Schapire,9999-01-01,Senior Staff
489350,Oscal,Belinskaya,9999-01-01,Staff
489352,Mona,Coors,9999-01-01,Senior Staff
489365,Adhemar,Validov,9999-01-01,Engineer
489367,Waiman,Weiland,9999-01-01,Staff
489368,Tianruo,Parascandalo,9999-01-01,Technique Leader
489370,Petter,Beausoleil,9999-01-01,Staff
489381,Elzbieta,VanScheik,9999-01-01,Senior Engineer
489389,Claude,Bonifati,9999-01-01,Senior Engineer
489405,Sarita,Heuter,9999-01-01,Staff
489410,Falguni,Ratnakar,9999-01-01,Senior Staff
489437,Yuriy,Chelton,9999-01-01,Senior Staff
489440,Conor,Jonsson,9999-01-01,Senior Staff
489452,Hercules,Sethi,9999-01-01,Senior Staff
489464,Marsha,Chepyzhov,9999-01-01,Engineer
489466,Kazunori,Gurbaxani,9999-01-01,Senior Engineer
489467,Fumino,Hofman,9999-01-01,Senior Engineer
489471,Val,Jeong,9999-01-01,Technique Leader
489499,Fun,Nicolson,9999-01-01,Engineer
489500,Hideo,Bridgland,9999-01-01,Senior Staff
489504,Apostol,Kriebel,9999-01-01,Staff
489516,Jayesh,Erbe,9999-01-01,Technique Leader
489518,Alexius,Dulay,9999-01-01,Engineer
489523,Uriel,Sessa,9999-01-01,Assistant Engineer
489528,Stamatina,Henseler,9999-01-01,Senior Staff
489536,Rosalyn,Parveen,9999-01-01,Engineer
489560,Soenke,Vesel,9999-01-01,Senior Engineer
489565,Domenick,Brodal,9999-01-01,Staff
489581,Kazunori,Shiratori,9999-01-01,Technique Leader
489582,Pranav,Ozeki,9999-01-01,Engineer
489595,Arvind,Gomatam,9999-01-01,Senior Engineer
489618,Denis,Gadepally,9999-01-01,Senior Engineer
489622,Hinrich,Malinowski,9999-01-01,Senior Engineer
489626,Perry,Hennings,9999-01-01,Staff
489638,Filipp,Socorro,9999-01-01,Staff
489663,Troy,Koblick,9999-01-01,Senior Staff
489669,Danny,Businaro,9999-01-01,Engineer
489674,Maja,Tramer,9999-01-01,Engineer
489677,Irene,Gill,9999-01-01,Engineer
489680,Divier,Ratzlaff,9999-01-01,Engineer
489688,Amalendu,Fadgyas,9999-01-01,Senior Staff
489692,Amabile,Farrar,9999-01-01,Senior Engineer
489702,Xiaoqiu,Noriega,9999-01-01,Staff
489734,Miyeon,Staylopatis,9999-01-01,Senior Staff
489751,Masali,Feldmann,9999-01-01,Engineer
489758,Marin,Hempstead,9999-01-01,Senior Engineer
489759,Serap,Pell,9999-01-01,Senior Engineer
489782,Jiong,Schnabel,9999-01-01,Assistant Engineer
489801,Dante,Lichtner,9999-01-01,Senior Engineer
489805,Pranas,Cools,9999-01-01,Senior Engineer
489823,Xiaoheng,Bugrara,9999-01-01,Senior Engineer
489835,Chinho,Fortenbacher,9999-01-01,Senior Engineer
489858,Kristen,Iisaku,9999-01-01,Senior Staff
489860,Paloma,Verhoeff,9999-01-01,Senior Staff
489862,Franziska,Kornatzky,9999-01-01,Engineer
489880,Nevio,Pearson,9999-01-01,Staff
489885,Heng,Guting,9999-01-01,Senior Engineer
489888,Yahiko,Jumpertz,9999-01-01,Senior Staff
489889,Slavian,Pillow,9999-01-01,Senior Engineer
489890,Bezalel,Hebert,9999-01-01,Senior Staff
489893,Yuriy,Niizuma,9999-01-01,Engineer
489901,Guther,Schaad,9999-01-01,Senior Staff
489909,Amabile,Kampfer,9999-01-01,Engineer
489916,Steve,Munoz,9999-01-01,Engineer
489953,Valeska,Collavizza,9999-01-01,Engineer
489969,Chikara,Shimshoni,9999-01-01,Senior Engineer
489972,Sivanarayana,Selenyi,9999-01-01,Senior Engineer
489983,Teruyuki,Zuberek,9999-01-01,Senior Engineer
489985,Atreye,Mandelberg,9999-01-01,Engineer
489986,Remco,Impagliazzo,9999-01-01,Staff
489988,Girolamo,Henders,9999-01-01,Staff
489993,Satyanarayana,Pena,9999-01-01,Engineer
490003,Owen,Escriba,9999-01-01,Senior Staff
490010,Kshitij,Ranft,9999-01-01,Engineer
490017,Randi,Percebois,9999-01-01,Engineer
490037,Jagoda,Varman,9999-01-01,Senior Staff
490041,Manohar,Heuter,9999-01-01,Engineer
490042,Vivian,Syrotiuk,9999-01-01,Engineer
490044,Huiqun,Ginneken,9999-01-01,Staff
490071,Claudi,Comte,9999-01-01,Engineer
490100,Khalid,Bressoud,9999-01-01,Staff
490102,Oguz,Gulik,9999-01-01,Engineer
490104,Adhemar,Lowrie,9999-01-01,Staff
490109,Kitty,Serre,9999-01-01,Engineer
490127,Mario,Tokunaga,9999-01-01,Staff
490140,Dmitri,Pramanik,9999-01-01,Senior Engineer
490141,Candido,Danlos,9999-01-01,Senior Staff
490149,Uli,Zhang,9999-01-01,Senior Engineer
490164,Martina,Mandell,9999-01-01,Senior Engineer
490165,Arvind,Brobst,9999-01-01,Engineer
490168,Lena,Delgrange,9999-01-01,Senior Engineer
490181,Thodoros,Chelton,9999-01-01,Senior Engineer
490182,Hironoby,Tetzlaff,9999-01-01,Staff
490183,Guozhong,Hegner,9999-01-01,Technique Leader
490195,Takanari,Schurmann,9999-01-01,Engineer
490204,Abdelaziz,Waymire,9999-01-01,Senior Staff
490214,Guttorm,Thimonier,9999-01-01,Senior Engineer
490215,Dannz,Bennis,9999-01-01,Staff
490218,Barun,Famili,9999-01-01,Senior Staff
490225,Angel,Velasco,9999-01-01,Staff
490226,Kristinn,Syang,9999-01-01,Senior Staff
490231,Mori,Siochi,9999-01-01,Staff
490242,Padma,Jeansoulin,9999-01-01,Staff
490249,Sahrah,Riefers,9999-01-01,Engineer
490250,Elvis,Baez,9999-01-01,Senior Staff
490251,Youssef,Zweizig,9999-01-01,Staff
490264,Hilary,Meriste,9999-01-01,Staff
490268,Aluzio,Menhardt,9999-01-01,Senior Staff
490269,Hideyuki,Schaar,9999-01-01,Engineer
490273,Hilary,Luby,9999-01-01,Senior Staff
490276,Gudjon,Hutton,9999-01-01,Senior Engineer
490281,Manu,Crabtree,9999-01-01,Engineer
490287,Tran,Itzigehl,9999-01-01,Senior Engineer
490297,Danil,DuCasse,9999-01-01,Senior Engineer
490310,Monique,Camarinopoulos,9999-01-01,Senior Engineer
490331,Zito,Peris,9999-01-01,Senior Staff
490337,Faiza,Clemencon,9999-01-01,Senior Engineer
490338,Changho,Bernardeschi,9999-01-01,Senior Engineer
490344,Jayesh,Horswill,9999-01-01,Engineer
490345,Aleksandar,Coullard,9999-01-01,Engineer
490381,Sangeeta,Tanemo,9999-01-01,Senior Staff
490387,Mads,Haddadi,9999-01-01,Staff
490397,Sorina,Heuter,9999-01-01,Senior Staff
490398,Valeska,Ozeri,9999-01-01,Engineer
490406,Zhongwei,Rubsam,9999-01-01,Senior Staff
490408,Paloma,Khamsi,9999-01-01,Engineer
490410,Teunis,Uehara,9999-01-01,Senior Engineer
490420,Lansing,Heuser,9999-01-01,Technique Leader
490429,Lenore,Kieras,9999-01-01,Senior Staff
490438,Kamran,Azadmanesh,9999-01-01,Senior Engineer
490452,Nirmal,Muniz,9999-01-01,Senior Staff
490453,Eckart,Baik,9999-01-01,Engineer
490462,Manibrata,Fraisse,9999-01-01,Technique Leader
490467,Mayuri,Schwartzburd,9999-01-01,Senior Engineer
490468,Fayez,Vidal,9999-01-01,Senior Staff
490474,Jinxi,Suppi,9999-01-01,Senior Staff
490476,Vugranam,Matteis,9999-01-01,Senior Engineer
490487,Gino,Reistad,9999-01-01,Staff
490494,Sahrah,Molberg,9999-01-01,Staff
490510,Premsyl,Riefers,9999-01-01,Senior Engineer
490518,Rosalie,Serna,9999-01-01,Senior Staff
490522,Masasuke,Rossi,9999-01-01,Senior Staff
490552,Emran,Backhouse,9999-01-01,Engineer
490572,Changho,Rullman,9999-01-01,Senior Engineer
490581,Greger,Ghemri,9999-01-01,Senior Staff
490582,Vishu,Lanteri,9999-01-01,Engineer
490588,Hairong,Acton,9999-01-01,Staff
490594,Gadiel,Bugaenko,9999-01-01,Senior Engineer
490611,Kokou,Chinin,9999-01-01,Staff
490614,Siddarth,Norsworthy,9999-01-01,Senior Staff
490616,Taiji,Stifter,9999-01-01,Senior Staff
490617,Changho,Lampe,9999-01-01,Senior Engineer
490619,Flemming,Orsini,9999-01-01,Engineer
490630,Sadok,Lenart,9999-01-01,Senior Staff
490640,JoAnna,Puoti,9999-01-01,Senior Staff
490643,Subhada,Zongker,9999-01-01,Staff
490652,Constantine,Gronowski,9999-01-01,Senior Staff
490653,Patricio,Zwicker,9999-01-01,Engineer
490660,Ramzi,Haddadi,9999-01-01,Senior Staff
490678,Leen,Griswold,9999-01-01,Staff
490689,Gian,Leppanen,9999-01-01,Senior Engineer
490698,Shan,Furudate,9999-01-01,Staff
490703,Jianhui,Bolotov,9999-01-01,Senior Staff
490713,Reuven,Strandh,9999-01-01,Senior Staff
490717,Renee,Schnelling,9999-01-01,Senior Staff
490724,Fabrizio,Tsukune,9999-01-01,Staff
490725,Marko,Schiper,9999-01-01,Senior Engineer
490730,Francesca,Chimia,9999-01-01,Staff
490740,Remko,Haraldson,9999-01-01,Engineer
490750,Huican,Foong,9999-01-01,Senior Staff
490761,Kristian,Chachaty,9999-01-01,Staff
490763,Tomoyuki,Laurillard,9999-01-01,Assistant Engineer
490770,Xuejia,Schiper,9999-01-01,Senior Engineer
490777,Apostol,Ritzmann,9999-01-01,Senior Engineer
490786,Martijn,Zizka,9999-01-01,Staff
490799,Mariangiola,Polajnar,9999-01-01,Engineer
490820,Kagan,Simmen,9999-01-01,Senior Staff
490850,Akeno,Karunanithi,9999-01-01,Senior Staff
490857,Domenick,Hammerschmidt,9999-01-01,Staff
490858,Sarita,Poujol,9999-01-01,Senior Engineer
490875,Kwun,Peyn,9999-01-01,Staff
490888,Berna,Gargeya,9999-01-01,Technique Leader
490890,Fay,Conry,9999-01-01,Senior Staff
490929,Mingdong,Byoun,9999-01-01,Senior Staff
490930,Tua,Godskesen,9999-01-01,Staff
490942,JoAnna,Restivo,9999-01-01,Engineer
490945,Moriyoshi,Schiettecatte,9999-01-01,Senior Engineer
490966,Godehard,Limongiello,9999-01-01,Senior Engineer
490967,Siamak,Rahier,9999-01-01,Engineer
490982,Mountaz,Feinberg,9999-01-01,Staff
491003,Tzvetan,Krichel,9999-01-01,Senior Staff
491005,Jeanna,Irland,9999-01-01,Engineer
491008,Kristian,Koblick,9999-01-01,Assistant Engineer
491020,Xianlong,Chartres,9999-01-01,Senior Staff
491024,Lubomir,Pietracaprina,9999-01-01,Senior Engineer
491025,Garnik,Kroon,9999-01-01,Staff
491028,Deniz,Kaltofen,9999-01-01,Senior Staff
491035,Macha,Delgrande,9999-01-01,Staff
491047,Bartek,Rissanen,9999-01-01,Senior Engineer
491053,Martins,Armand,9999-01-01,Senior Engineer
491058,Younwoo,Negoita,9999-01-01,Assistant Engineer
491065,Berry,Huhdanpaa,9999-01-01,Senior Staff
491073,Mechthild,Denis,9999-01-01,Senior Engineer
491074,Kien,Baar,9999-01-01,Staff
491077,Tua,Ranze,9999-01-01,Engineer
491099,Jovan,Iacovou,9999-01-01,Senior Staff
491117,Makato,Liedekerke,9999-01-01,Staff
491128,Howell,Cappelletti,9999-01-01,Senior Engineer
491130,Sven,Speek,9999-01-01,Staff
491135,Changho,Morton,9999-01-01,Engineer
491150,Ranga,Erdmenger,9999-01-01,Senior Engineer
491153,Zhigen,Emmerich,9999-01-01,Staff
491165,Subhrajyoti,Zizka,9999-01-01,Engineer
491172,Lansing,Lindenbaum,9999-01-01,Technique Leader
491211,Lansing,Milicic,9999-01-01,Senior Staff
491212,Irene,Kleiser,9999-01-01,Staff
491213,Shaowei,Angot,9999-01-01,Staff
491219,Henk,Gide,9999-01-01,Senior Engineer
491222,Narain,Kemmerer,9999-01-01,Staff
491237,Avishai,Bednarek,9999-01-01,Staff
491251,Maria,Nishimukai,9999-01-01,Senior Engineer
491253,Duro,Pfau,9999-01-01,Engineer
491269,Jixiang,Egerstedt,9999-01-01,Senior Staff
491276,Kerryn,Uhrik,9999-01-01,Senior Engineer
491278,Chanjung,Vesna,9999-01-01,Engineer
491279,Leandro,Kranzdorf,9999-01-01,Senior Engineer
491282,Khun,Thorensen,9999-01-01,Senior Engineer
491287,Marin,Bodoff,9999-01-01,Senior Staff
491289,Hidekazu,Bahr,9999-01-01,Engineer
491303,Faiza,Linares,9999-01-01,Senior Engineer
491325,Herbert,Ruemmler,9999-01-01,Senior Engineer
491326,Munehiko,Welham,9999-01-01,Staff
491339,Jeong,Lanzelotte,9999-01-01,Engineer
491362,Padma,Falco,9999-01-01,Staff
491380,Phillip,Linares,9999-01-01,Staff
491391,Yakichi,Zolotykh,9999-01-01,Engineer
491399,Candido,Brender,9999-01-01,Senior Engineer
491410,Satyanarayana,Percebois,9999-01-01,Technique Leader
491412,Chuanyi,Pettit,9999-01-01,Engineer
491415,Sanjoy,Nations,9999-01-01,Senior Staff
491426,Ravishankar,Roccetti,9999-01-01,Staff
491433,Remzi,Bodoff,9999-01-01,Senior Staff
491435,Danny,Codenie,9999-01-01,Staff
491436,Taisook,Vecchi,9999-01-01,Engineer
491442,Aluzio,Nitsch,9999-01-01,Engineer
491458,Suzette,Copas,9999-01-01,Senior Staff
491459,Jiann,Gewali,9999-01-01,Staff
491465,Ramzi,Karner,9999-01-01,Staff
491466,Reinhold,Rettelbach,9999-01-01,Senior Staff
491484,Shugo,Oberman,9999-01-01,Senior Staff
491486,Amabile,Antonisse,9999-01-01,Engineer
491489,Harjit,Braccini,9999-01-01,Senior Engineer
491496,Jeanne,Meszaros,9999-01-01,Senior Staff
491533,Kiam,Schlegelmilch,9999-01-01,Senior Engineer
491546,Anwar,Denti,9999-01-01,Engineer
491547,Krassimir,Matzat,9999-01-01,Senior Engineer
491555,Vasiliy,Tibblin,9999-01-01,Senior Engineer
491562,Ewing,Denis,9999-01-01,Senior Staff
491570,Arvin,Coney,9999-01-01,Assistant Engineer
491593,Jackson,Herath,9999-01-01,Senior Staff
491594,Sumant,Trachtenberg,9999-01-01,Senior Engineer
491598,Arra,Bade,9999-01-01,Staff
491599,Giri,Tibblin,9999-01-01,Senior Engineer
491606,Moie,Gaughan,9999-01-01,Staff
491612,Kien,Horswill,9999-01-01,Staff
491620,Zhensheng,Heuser,9999-01-01,Staff
491622,Remko,Stiles,9999-01-01,Staff
491629,Aamer,Schapiro,9999-01-01,Senior Engineer
491634,Susuma,Pollacia,9999-01-01,Senior Engineer
491636,Janche,Esposito,9999-01-01,Engineer
491650,Atreyi,Gladwell,9999-01-01,Staff
491659,Xiping,Sidou,9999-01-01,Staff
491695,Rosine,Madeira,9999-01-01,Senior Staff
491710,Khun,Khalil,9999-01-01,Senior Staff
491719,Steen,Collette,9999-01-01,Staff
491733,Arie,Swick,9999-01-01,Senior Engineer
491754,Kiyokazu,Rouquie,9999-01-01,Senior Staff
491767,Naftaly,Leslie,9999-01-01,Engineer
491785,Tianruo,Peris,9999-01-01,Engineer
491789,Fumitaka,Schnabel,9999-01-01,Senior Engineer
491799,Zorica,Peck,9999-01-01,Senior Staff
491805,Khalid,Trumbly,9999-01-01,Engineer
491807,Halsur,Tchuente,9999-01-01,Engineer
491813,Kwee,Cronau,9999-01-01,Senior Engineer
491816,Yongdong,Krider,9999-01-01,Engineer
491843,Irena,Kusalik,9999-01-01,Senior Engineer
491847,Danel,Mitzlaff,9999-01-01,Senior Staff
491850,Marsal,Lunt,9999-01-01,Senior Staff
491851,Jaihie,Braccini,9999-01-01,Staff
491862,Jiann,Gire,9999-01-01,Staff
491892,Arfst,Gruenwald,9999-01-01,Staff
491909,Emran,Iisaka,9999-01-01,Staff
491917,Quingbo,Coombs,9999-01-01,Engineer
491942,Ottavia,Masamoto,9999-01-01,Staff
491943,Moon,Lovengreen,9999-01-01,Senior Engineer
491945,Guenter,Jervis,9999-01-01,Staff
491949,Uinam,Compeau,9999-01-01,Engineer
491958,Basim,Lorin,9999-01-01,Senior Staff
491965,Nikolaus,Porotnikoff,9999-01-01,Senior Engineer
491977,Jinya,Scharstein,9999-01-01,Engineer
491978,Limsoon,Makinen,9999-01-01,Senior Staff
491987,Francoise,Foong,9999-01-01,Staff
492001,Morris,Birch,9999-01-01,Engineer
492013,Muzhong,Bugrara,9999-01-01,Staff
492025,Yishai,Frolund,9999-01-01,Senior Staff
492026,Takahiro,Callaway,9999-01-01,Senior Staff
492039,Miomir,Vrecion,9999-01-01,Senior Staff
492055,Radhia,Baar,9999-01-01,Senior Staff
492058,Jaques,Menyhert,9999-01-01,Senior Staff
492067,Zito,Eppinger,9999-01-01,Technique Leader
492091,Werner,Coombs,9999-01-01,Engineer
492107,Mart,Kitsuregawa,9999-01-01,Engineer
492118,Maha,Murthy,9999-01-01,Senior Staff
492119,Dipankar,Bennet,9999-01-01,Senior Staff
492152,Lubomir,Siprelle,9999-01-01,Senior Engineer
492170,Sakthirel,Ushiama,9999-01-01,Staff
492181,Lech,Turnbull,9999-01-01,Engineer
492184,Malu,Fetvedt,9999-01-01,Engineer
492190,Uma,Baig,9999-01-01,Engineer
492204,Vitaly,Ulupinar,9999-01-01,Engineer
492243,Kyoichi,Chorvat,9999-01-01,Engineer
492249,Moss,Kakkad,9999-01-01,Senior Staff
492278,Chinhyun,Delgrange,9999-01-01,Staff
492297,Niteen,Ciolek,9999-01-01,Engineer
492303,Fun,Reistad,9999-01-01,Staff
492323,Houman,Stanfel,9999-01-01,Staff
492328,Mooi,Tzvieli,9999-01-01,Assistant Engineer
492331,Supot,Gustavson,9999-01-01,Engineer
492335,Khedija,Thorensen,9999-01-01,Engineer
492337,Greger,Junet,9999-01-01,Staff
492341,Odysseas,Menhardt,9999-01-01,Senior Staff
492367,Chuanti,Pellegrinelli,9999-01-01,Staff
492376,Fuqing,Pagter,9999-01-01,Senior Engineer
492377,Jianhua,Pollacia,9999-01-01,Senior Staff
492383,Mari,Gadepally,9999-01-01,Senior Engineer
492419,Berto,Shanbhogue,9999-01-01,Senior Engineer
492425,Masamitsu,Kopetz,9999-01-01,Engineer
492428,Adin,Laventhal,9999-01-01,Assistant Engineer
492429,Paloma,Pelz,9999-01-01,Staff
492431,Hsiangchu,Verhaegen,9999-01-01,Senior Staff
492448,Kristen,Uchoa,9999-01-01,Engineer
492468,JoAnna,Fargier,9999-01-01,Senior Engineer
492472,Youngkon,Peyn,9999-01-01,Staff
492479,Otilia,Salinas,9999-01-01,Senior Staff
492493,Yucai,Maliniak,9999-01-01,Engineer
492508,Uno,Eastman,9999-01-01,Senior Staff
492533,Xiaoheng,Busillo,9999-01-01,Staff
492538,Almudena,Sury,9999-01-01,Engineer
492555,Hercules,Kropf,9999-01-01,Senior Staff
492558,Yoshimitsu,Melter,9999-01-01,Staff
492561,Mantis,Wielonsky,9999-01-01,Engineer
492562,Morris,Valiente,9999-01-01,Senior Staff
492564,Hiroyasu,Bellmore,9999-01-01,Senior Engineer
492566,Susuma,DasSarma,9999-01-01,Senior Engineer
492570,Maris,Plotkin,9999-01-01,Senior Staff
492574,Alain,Georg,9999-01-01,Senior Engineer
492587,Kirk,Salverda,9999-01-01,Engineer
492593,Lalit,Uludag,9999-01-01,Senior Engineer
492597,Bedrich,Takanami,9999-01-01,Staff
492612,Guangming,Matzke,9999-01-01,Senior Staff
492614,Xiaoshan,Frolund,9999-01-01,Staff
492615,Navid,Assaf,9999-01-01,Senior Engineer
492622,Pintsang,Kading,9999-01-01,Staff
492633,Taiji,Malinowski,9999-01-01,Staff
492638,Shaowen,Chinin,9999-01-01,Technique Leader
492643,Renny,Homond,9999-01-01,Staff
492647,Leen,Madeira,9999-01-01,Senior Staff
492652,Sukumar,Heydon,9999-01-01,Engineer
492663,Parke,Harnett,9999-01-01,Senior Engineer
492671,Zengping,Docker,9999-01-01,Senior Staff
492678,Kazuyasu,Pettis,9999-01-01,Staff
492685,Sashi,Ginesta,9999-01-01,Staff
492694,Boutros,Weedman,9999-01-01,Senior Engineer
492700,Morrie,Yemenis,9999-01-01,Staff
492710,Kristine,Conta,9999-01-01,Senior Engineer
492711,Zita,Marshall,9999-01-01,Senior Staff
492727,Wanqing,Brickell,9999-01-01,Engineer
492731,Valery,Valiente,9999-01-01,Engineer
492732,Navid,Ciolek,9999-01-01,Senior Staff
492736,Taiji,Melton,9999-01-01,Assistant Engineer
492738,Jaques,Gammage,9999-01-01,Staff
492750,Akeno,Sewelson,9999-01-01,Senior Engineer
492755,Jinpo,Hartvigsen,9999-01-01,Engineer
492760,Susanna,Llado,9999-01-01,Senior Engineer
492767,Shushma,Tomescu,9999-01-01,Staff
492771,Odoardo,Aamodt,9999-01-01,Senior Engineer
492775,Pranas,Yavatkar,9999-01-01,Senior Engineer
492777,Demin,Mapelli,9999-01-01,Assistant Engineer
492799,LiMin,Ramsak,9999-01-01,Staff
492800,Brigham,Kropf,9999-01-01,Senior Engineer
492806,LiMin,Chinen,9999-01-01,Senior Engineer
492835,Khaled,Khalil,9999-01-01,Senior Staff
492836,Zorica,Kranzdorf,9999-01-01,Senior Engineer
492843,Sven,Lipner,9999-01-01,Senior Engineer
492844,Falguni,Prenel,9999-01-01,Senior Staff
492867,Ebbe,Baaz,9999-01-01,Engineer
492868,Abdelkader,Trumbly,9999-01-01,Staff
492875,Sasan,Milicia,9999-01-01,Engineer
492877,Vasiliy,Chinin,9999-01-01,Staff
492883,Kwangho,Fontet,9999-01-01,Engineer
492887,Soenke,Luby,9999-01-01,Staff
492911,Jungsoon,Asser,9999-01-01,Senior Staff
492912,Noritoshi,Braunmuhl,9999-01-01,Senior Engineer
492929,Yannik,Nanard,9999-01-01,Engineer
492938,Kazuhide,Spieker,9999-01-01,Engineer
492943,Satyanarayana,Skogmar,9999-01-01,Staff
492950,Theron,Wilfing,9999-01-01,Staff
492989,Marjo,Byoun,9999-01-01,Engineer
493005,Nidapan,Suppi,9999-01-01,Senior Staff
493008,Yagil,Lanphier,9999-01-01,Senior Staff
493012,Satyanarayana,Georgatos,9999-01-01,Staff
493026,Jiang,Swen,9999-01-01,Engineer
493037,Elrique,Schwaller,9999-01-01,Senior Staff
493057,Lijia,Monarch,9999-01-01,Senior Engineer
493068,Navid,Malinowski,9999-01-01,Senior Engineer
493084,Tua,Rodite,9999-01-01,Senior Engineer
493115,Shai,Bashian,9999-01-01,Senior Engineer
493116,Pintsang,Heping,9999-01-01,Senior Engineer
493117,Moie,Ullian,9999-01-01,Senior Engineer
493121,Shigeo,Andreotta,9999-01-01,Staff
493136,Poorav,Bojadziev,9999-01-01,Senior Engineer
493141,Kersti,Peroz,9999-01-01,Engineer
493150,Toshiki,Zockler,9999-01-01,Technique Leader
493155,Jaber,Henders,9999-01-01,Staff
493163,Eirik,Shrader,9999-01-01,Engineer
493182,Tze,Staelin,9999-01-01,Engineer
493191,Margareta,Rusterholz,9999-01-01,Staff
493199,Gila,Gist,9999-01-01,Engineer
493200,Feiyu,Jansch,9999-01-01,Assistant Engineer
493202,Shan,Mikschl,9999-01-01,Staff
493209,Mani,Zizka,9999-01-01,Senior Staff
493211,Rosalyn,McDermid,9999-01-01,Engineer
493213,Mats,Maquelin,9999-01-01,Technique Leader
493230,Branimir,Picel,9999-01-01,Engineer
493233,Chanjung,Swist,9999-01-01,Senior Engineer
493244,Sajjad,Junet,9999-01-01,Senior Engineer
493269,Berhard,Biron,9999-01-01,Staff
493276,Keiichiro,Zirintsis,9999-01-01,Engineer
493285,Gennady,Syrzycki,9999-01-01,Staff
493286,Maha,Riesenhuber,9999-01-01,Senior Engineer
493297,Roddy,Kusalik,9999-01-01,Staff
493300,Tommaso,Bodoff,9999-01-01,Senior Staff
493301,Uri,Pardalos,9999-01-01,Senior Engineer
493313,Mohammed,Fabrizio,9999-01-01,Staff
493330,Hidekazu,Lanphier,9999-01-01,Senior Staff
493352,Thodoros,Sigstam,9999-01-01,Senior Staff
493353,Hiroyasu,Sadowsky,9999-01-01,Technique Leader
493354,Marie,Rassart,9999-01-01,Senior Engineer
493368,Siddarth,Orsini,9999-01-01,Technique Leader
493369,Tze,Zielinski,9999-01-01,Senior Staff
493375,Juichirou,Slobodova,9999-01-01,Engineer
493378,Demos,Flexer,9999-01-01,Staff
493379,Faiza,Knightly,9999-01-01,Technique Leader
493387,Zeydy,Gniady,9999-01-01,Senior Engineer
493407,Tua,Gargeya,9999-01-01,Senior Engineer
493448,Alper,Swist,9999-01-01,Assistant Engineer
493453,Fai,Waleschkowski,9999-01-01,Assistant Engineer
493464,Bader,Tsunoo,9999-01-01,Senior Staff
493503,Hidefumi,Potthoff,9999-01-01,Engineer
493504,Shaz,Pfau,9999-01-01,Senior Engineer
493505,Sushant,Basawa,9999-01-01,Engineer
493509,Zito,Rande,9999-01-01,Engineer
493515,Volkmar,Bade,9999-01-01,Engineer
493519,Sadegh,Papsdorf,9999-01-01,Engineer
493524,Changho,Cooke,9999-01-01,Staff
493526,Phillip,Ulupinar,9999-01-01,Staff
493556,Roddy,Yurek,9999-01-01,Senior Engineer
493557,Froduald,Renear,9999-01-01,Staff
493560,Danny,Henseler,9999-01-01,Senior Engineer
493569,Mikhail,Salvesen,9999-01-01,Senior Staff
493572,Kamakshi,Sudbeck,9999-01-01,Staff
493576,Margareta,Prochazka,9999-01-01,Senior Staff
493581,Shaibal,Nooteboom,9999-01-01,Engineer
493594,Jayesh,Barvinok,9999-01-01,Senior Staff
493609,Oldrich,Pramanik,9999-01-01,Senior Engineer
493610,Barry,Pena,9999-01-01,Engineer
493617,Nishit,Gulik,9999-01-01,Senior Staff
493638,Xiaoheng,Pulkowski,9999-01-01,Senior Staff
493642,Sanjai,Baig,9999-01-01,Senior Staff
493647,Jayson,Perri,9999-01-01,Senior Staff
493651,Constantino,Demeyer,9999-01-01,Staff
493662,Badri,Silva,9999-01-01,Engineer
493665,Weiyi,Zultner,9999-01-01,Staff
493671,Mikhail,Chiola,9999-01-01,Senior Staff
493681,Baocai,Mersereau,9999-01-01,Senior Engineer
493683,Magy,Ducloy,9999-01-01,Staff
493695,Sariel,Camarinopoulos,9999-01-01,Engineer
493715,Dipayan,Binding,9999-01-01,Assistant Engineer
493720,Juyoung,Sridhar,9999-01-01,Staff
493721,Serif,Zielinski,9999-01-01,Senior Engineer
493725,Anneke,Jeansoulin,9999-01-01,Staff
493738,Jolita,Schreiter,9999-01-01,Staff
493748,Mircea,Mayerwieser,9999-01-01,Senior Engineer
493754,Amstein,Stifter,9999-01-01,Senior Staff
493758,Miomir,Biron,9999-01-01,Senior Engineer
493761,Giap,Arlazarov,9999-01-01,Staff
493763,Dulce,Giveon,9999-01-01,Senior Staff
493764,Zeydy,Quadeer,9999-01-01,Technique Leader
493788,Maha,Cronau,9999-01-01,Senior Staff
493800,Constantine,Zallocco,9999-01-01,Senior Staff
493801,Stein,Pews,9999-01-01,Engineer
493804,Perry,Polupanov,9999-01-01,Staff
493805,Shim,Yeung,9999-01-01,Senior Engineer
493808,Constantijn,Mukaidono,9999-01-01,Senior Engineer
493811,Maja,Asser,9999-01-01,Senior Engineer
493812,Bernardo,Brizzi,9999-01-01,Senior Staff
493816,Rafail,Harbusch,9999-01-01,Senior Staff
493822,Yechezkel,Chappelet,9999-01-01,Engineer
493850,Volkmar,Fargier,9999-01-01,Senior Staff
493854,Qunsheng,Melski,9999-01-01,Engineer
493855,Fusako,Iacovou,9999-01-01,Senior Engineer
493862,Weiye,Radivojevic,9999-01-01,Staff
493871,Nimmagadda,Butterworth,9999-01-01,Senior Engineer
493872,Ugo,Tsukuda,9999-01-01,Senior Staff
493894,Hairong,Comyn,9999-01-01,Engineer
493901,Doowon,Gischer,9999-01-01,Senior Staff
493903,Takahiro,Kornyak,9999-01-01,Senior Staff
493910,Marl,Swick,9999-01-01,Engineer
493916,Kristen,Jayawardene,9999-01-01,Senior Engineer
493941,Reuven,Redmiles,9999-01-01,Senior Staff
493944,Ziyad,Gulla,9999-01-01,Assistant Engineer
493949,Zhenhua,Terlouw,9999-01-01,Staff
493997,Adamantios,Emiris,9999-01-01,Staff
493999,Arvind,Driscoll,9999-01-01,Staff
494007,Ioana,Zschoche,9999-01-01,Senior Staff
494008,Guadalupe,Roohalamini,9999-01-01,Senior Staff
494022,Froduald,Langford,9999-01-01,Engineer
494051,Katsuo,Birdsall,9999-01-01,Technique Leader
494068,Kerryn,Swiss,9999-01-01,Senior Staff
494070,Ghassan,Preusig,9999-01-01,Staff
494078,Valery,McDermid,9999-01-01,Engineer
494099,Waiman,Irland,9999-01-01,Staff
494100,Morrie,Riesenhuber,9999-01-01,Engineer
494105,Mabhin,Himler,9999-01-01,Senior Staff
494114,Vitaly,Danley,9999-01-01,Engineer
494128,Brewster,Chiodo,9999-01-01,Staff
494136,Florian,Edelhoff,9999-01-01,Senior Staff
494149,Gully,Hoppenstand,9999-01-01,Engineer
494155,Byong,Schwabacher,9999-01-01,Senior Staff
494156,Pohua,McFarlan,9999-01-01,Engineer
494166,Marit,Khalid,9999-01-01,Assistant Engineer
494199,Takanari,Gyimothy,9999-01-01,Staff
494207,Marl,Rande,9999-01-01,Engineer
494219,Ekawit,Papsdorf,9999-01-01,Senior Engineer
494222,Masali,Perfilyeva,9999-01-01,Senior Engineer
494234,Randi,Stafford,9999-01-01,Engineer
494270,Kasturi,Jonsson,9999-01-01,Staff
494273,Shahab,Rotem,9999-01-01,Staff
494300,Zeljko,Oberman,9999-01-01,Staff
494301,Rosalie,Beutelspacher,9999-01-01,Senior Engineer
494316,Dekang,Merlo,9999-01-01,Senior Staff
494319,Pradeep,Peha,9999-01-01,Staff
494327,Lillian,Nitto,9999-01-01,Assistant Engineer
494339,Uno,Danley,9999-01-01,Senior Engineer
494355,Koichi,Reutenauer,9999-01-01,Assistant Engineer
494366,Fumiya,Taubenfeld,9999-01-01,Senior Engineer
494375,Kwun,Shackell,9999-01-01,Engineer
494381,Isaac,Ushiama,9999-01-01,Senior Staff
494392,Emdad,Ernst,9999-01-01,Staff
494400,Yongqiao,Schicker,9999-01-01,Staff
494404,Menkae,Mapelli,9999-01-01,Senior Staff
494406,Vincent,Babb,9999-01-01,Senior Staff
494422,Constantine,Schwaller,9999-01-01,Staff
494423,Izaskun,Guenter,9999-01-01,Senior Staff
494425,Mong,Heping,9999-01-01,Staff
494428,Manton,Selvestrel,9999-01-01,Senior Staff
494443,Dzung,Auyong,9999-01-01,Senior Engineer
494456,Heon,Swen,9999-01-01,Senior Engineer
494460,Horward,Jervis,9999-01-01,Staff
494473,Aamod,Suri,9999-01-01,Engineer
494479,Anoosh,Thibadeau,9999-01-01,Senior Engineer
494483,Lech,Cannard,9999-01-01,Senior Engineer
494522,Florina,Koshiba,9999-01-01,Senior Staff
494524,Toshiko,Jonsson,9999-01-01,Senior Engineer
494548,Goetz,Peral,9999-01-01,Engineer
494554,Vojin,Siksek,9999-01-01,Staff
494574,Gudjon,Renear,9999-01-01,Senior Engineer
494583,Lalit,Stenning,9999-01-01,Engineer
494585,Tomokazu,Erie,9999-01-01,Senior Engineer
494586,Youngkon,Bala,9999-01-01,Senior Engineer
494587,Amstein,Bridgland,9999-01-01,Engineer
494610,Arie,Mandelberg,9999-01-01,Senior Engineer
494627,Ramalingam,Schmittgen,9999-01-01,Senior Engineer
494634,Garnet,Coombs,9999-01-01,Engineer
494642,Yishai,Siksek,9999-01-01,Assistant Engineer
494644,Steen,Langford,9999-01-01,Engineer
494648,Junichi,Bahk,9999-01-01,Senior Staff
494692,Adamantios,Pehl,9999-01-01,Senior Staff
494695,Mansur,Tanemo,9999-01-01,Staff
494710,Aris,Rusterholz,9999-01-01,Staff
494714,Shaowen,Coney,9999-01-01,Staff
494722,Joydip,Bhattacharjee,9999-01-01,Staff
494736,Mototsugu,Picht,9999-01-01,Senior Engineer
494743,Souichi,Thummel,9999-01-01,Technique Leader
494759,Arlette,Thummel,9999-01-01,Staff
494763,Woody,Bazelow,9999-01-01,Engineer
494769,Takahiro,Peek,9999-01-01,Senior Staff
494776,Bilhanan,Schmittgen,9999-01-01,Engineer
494783,Yunming,Swab,9999-01-01,Senior Engineer
494792,Alois,Kadhim,9999-01-01,Engineer
494793,Shao,Gecsei,9999-01-01,Engineer
494794,Danel,Lindenbaum,9999-01-01,Engineer
494798,Amabile,Openshaw,9999-01-01,Senior Engineer
494802,Irena,Domenig,9999-01-01,Senior Engineer
494804,Menkae,Mandell,9999-01-01,Senior Staff
494807,Marc,Simkin,9999-01-01,Senior Staff
494813,Sachio,Marwedel,9999-01-01,Senior Engineer
494815,Nirmal,Georgakopoulos,9999-01-01,Senior Staff
494822,Naftaly,Luga,9999-01-01,Senior Staff
494832,Aloys,Wissmann,9999-01-01,Engineer
494833,Francesca,Michaeli,9999-01-01,Senior Engineer
494835,Yongqiao,Compeau,9999-01-01,Staff
494853,Yechiam,Lunt,9999-01-01,Staff
494854,Wilmer,Ranze,9999-01-01,Senior Staff
494881,Zhongwei,Peres,9999-01-01,Engineer
494885,Demin,Eterovic,9999-01-01,Senior Staff
494898,Randy,Ferriere,9999-01-01,Staff
494899,Magy,Orlowski,9999-01-01,Engineer
494906,Qingxiang,Bisiani,9999-01-01,Senior Staff
494909,Genta,Liedekerke,9999-01-01,Senior Staff
494913,Parviz,Hitomi,9999-01-01,Senior Engineer
494923,Gudjon,Pardalos,9999-01-01,Engineer
494927,Wojceich,Rosay,9999-01-01,Senior Engineer
494951,Emran,Waleschkowski,9999-01-01,Staff
494961,Xumin,Denna,9999-01-01,Engineer
494963,Shugo,Iisaka,9999-01-01,Senior Staff
494969,Mabry,Ullian,9999-01-01,Engineer
494974,Tooru,Bamford,9999-01-01,Engineer
494976,Zhaofang,Asrin,9999-01-01,Engineer
495007,Moni,Borovoy,9999-01-01,Technique Leader
495014,Shaz,Murtagh,9999-01-01,Engineer
495015,Ghassan,Sudbeck,9999-01-01,Senior Engineer
495020,Gregory,Miculan,9999-01-01,Senior Engineer
495033,Gal,Halloran,9999-01-01,Staff
495047,Tetsushi,Barbanera,9999-01-01,Senior Staff
495052,Mihalis,Matheson,9999-01-01,Engineer
495054,Yurii,Einsfeld,9999-01-01,Engineer
495058,Mabhin,Keirsey,9999-01-01,Staff
495059,Barna,Quaggetto,9999-01-01,Senior Engineer
495061,Wojceich,Zirintsis,9999-01-01,Senior Staff
495067,Shan,Penz,9999-01-01,Staff
495069,Alain,Takkinen,9999-01-01,Staff
495073,Toshimori,Fontan,9999-01-01,Staff
495087,Shaibal,Ulupinar,9999-01-01,Staff
495088,Suzette,Iisaku,9999-01-01,Technique Leader
495094,Jamaludin,Rullman,9999-01-01,Engineer
495111,Yannik,Stavenow,9999-01-01,Engineer
495112,Shigeaki,Lorch,9999-01-01,Engineer
495117,Hironobu,Masamoto,9999-01-01,Senior Engineer
495127,Niclas,Mukaidono,9999-01-01,Senior Staff
495135,Miquel,Heystek,9999-01-01,Assistant Engineer
495136,Barna,Sherertz,9999-01-01,Senior Staff
495144,Katsuo,Vidya,9999-01-01,Staff
495164,Nahid,Krupka,9999-01-01,Engineer
495175,Remmert,Gini,9999-01-01,Senior Engineer
495183,Dhritiman,Heping,9999-01-01,Engineer
495191,Radhakrishnan,Emmart,9999-01-01,Senior Staff
495192,Gadiel,Maliniak,9999-01-01,Senior Staff
495206,Uri,Puoti,9999-01-01,Senior Engineer
495216,Jiafu,Uhrik,9999-01-01,Senior Engineer
495219,Dinah,Hambrick,9999-01-01,Senior Staff
495235,Gregory,Rosaz,9999-01-01,Staff
495236,Chirstian,Cheshire,9999-01-01,Senior Engineer
495238,Georg,Bael,9999-01-01,Staff
495245,Shahab,Teitelbaum,9999-01-01,Engineer
495248,Baocai,Weisert,9999-01-01,Staff
495249,Maren,Joslin,9999-01-01,Senior Engineer
495277,Shaunak,Dalphin,9999-01-01,Assistant Engineer
495283,Aksel,Kaelbling,9999-01-01,Senior Engineer
495287,Babette,Fontet,9999-01-01,Senior Staff
495289,Mori,Oxenboll,9999-01-01,Staff
495294,Zhigen,Desikan,9999-01-01,Senior Engineer
495296,Felicidad,Rosti,9999-01-01,Staff
495301,Monique,Melichar,9999-01-01,Staff
495317,Maia,Jiang,9999-01-01,Senior Engineer
495318,Reinhard,Kornatzky,9999-01-01,Senior Staff
495319,Toong,Kisuki,9999-01-01,Senior Engineer
495326,Zhanqiu,Schaad,9999-01-01,Senior Staff
495329,Kamakshi,Dechter,9999-01-01,Staff
495353,Odysseas,Tischendorf,9999-01-01,Senior Engineer
495367,Arnould,Parveen,9999-01-01,Senior Engineer
495370,Khalid,Bade,9999-01-01,Staff
495382,Radhia,Rattan,9999-01-01,Engineer
495390,Ottavia,Albarhamtoshy,9999-01-01,Technique Leader
495393,Vugranam,Perko,9999-01-01,Engineer
495394,Goh,Impagliazzo,9999-01-01,Technique Leader
495399,Guadalupe,Gustavson,9999-01-01,Engineer
495415,Tadanori,Lammel,9999-01-01,Staff
495426,Leon,Pellegrinelli,9999-01-01,Senior Staff
495432,Halsur,Aloia,9999-01-01,Senior Staff
495437,Shahar,Bazzichi,9999-01-01,Senior Engineer
495458,Kristen,Przulj,9999-01-01,Staff
495459,Leen,Genin,9999-01-01,Staff
495467,Val,Schaaf,9999-01-01,Senior Engineer
495470,Elgin,Erev,9999-01-01,Senior Engineer
495487,Perla,Kuhnemann,9999-01-01,Senior Engineer
495499,Filipp,Onuegbe,9999-01-01,Senior Staff
495509,Zijian,Chaudhuri,9999-01-01,Technique Leader
495518,Khosrow,Magalhaes,9999-01-01,Technique Leader
495523,Kristen,Standera,9999-01-01,Engineer
495539,Bernice,Mansanne,9999-01-01,Technique Leader
495541,Huai,Szmurlo,9999-01-01,Engineer
495543,Lorien,Cangellaris,9999-01-01,Senior Staff
495552,Shrikanth,Mandell,9999-01-01,Staff
495566,Itzchak,Swift,9999-01-01,Engineer
495595,Hideo,Herber,9999-01-01,Staff
495596,Serap,Ressouche,9999-01-01,Staff
495599,Muzhong,Delgrande,9999-01-01,Senior Engineer
495602,Kazuhiro,Chappelet,9999-01-01,Assistant Engineer
495605,Nobuyoshi,Imataki,9999-01-01,Senior Staff
495611,Sushant,Gniady,9999-01-01,Staff
495615,Tetsushi,Rosis,9999-01-01,Staff
495621,Serenella,Socorro,9999-01-01,Staff
495625,Torsten,Rattan,9999-01-01,Engineer
495650,Vishwani,Colorni,9999-01-01,Senior Staff
495666,Angus,Kowalchuk,9999-01-01,Engineer
495681,Leucio,Georgakopoulos,9999-01-01,Senior Engineer
495697,Mona,Ramamoorthy,9999-01-01,Staff
495711,Kiyomitsu,Muchinsky,9999-01-01,Engineer
495718,Xianlong,Vitiello,9999-01-01,Senior Engineer
495721,Susumu,Rodite,9999-01-01,Engineer
495750,Naftali,Attimonelli,9999-01-01,Engineer
495755,Jiang,Erni,9999-01-01,Staff
495761,Koldo,Covnot,9999-01-01,Staff
495776,Lijia,Swiss,9999-01-01,Technique Leader
495779,Weiyi,Rebaine,9999-01-01,Senior Staff
495804,Xudong,Furedi,9999-01-01,Assistant Engineer
495807,Martina,Kumaresan,9999-01-01,Senior Engineer
495811,Golgen,Fioravanti,9999-01-01,Staff
495828,Randy,Melichar,9999-01-01,Staff
495836,Tetsushi,Sommer,9999-01-01,Engineer
495841,Ashish,Jansch,9999-01-01,Engineer
495844,Fumiko,Impagliazzo,9999-01-01,Senior Staff
495851,Make,Vrecion,9999-01-01,Staff
495860,Ayakannu,Perng,9999-01-01,Senior Engineer
495862,Moty,Suppi,9999-01-01,Senior Staff
495869,Shai,Pluym,9999-01-01,Senior Staff
495874,Youngkon,Chenney,9999-01-01,Senior Staff
495876,Masasuke,Deville,9999-01-01,Senior Engineer
495884,Moto,Kragelund,9999-01-01,Senior Staff
495895,Yuichiro,Heemskerk,9999-01-01,Staff
495896,Udaiprakash,Hemaspaandra,9999-01-01,Senior Staff
495925,Guttorm,Bage,9999-01-01,Assistant Engineer
495941,Nathalie,Engberts,9999-01-01,Senior Staff
495949,Shaleah,Glinert,9999-01-01,Staff
495958,Angel,Reutenauer,9999-01-01,Staff
495961,Piyawadee,Imataki,9999-01-01,Senior Staff
495997,Lene,Vadhan,9999-01-01,Senior Engineer
496002,Mansur,Hinsberger,9999-01-01,Senior Engineer
496012,Takushi,Swan,9999-01-01,Engineer
496014,Yuchang,Barbanera,9999-01-01,Senior Engineer
496017,Faiza,Rodham,9999-01-01,Senior Staff
496020,Lene,Coombs,9999-01-01,Staff
496023,Eirik,Borstler,9999-01-01,Engineer
496032,Trygve,Tischendorf,9999-01-01,Senior Staff
496039,Masamitsu,Bellone,9999-01-01,Senior Staff
496045,Marco,Baik,9999-01-01,Assistant Engineer
496055,Fumiya,Delgrande,9999-01-01,Senior Staff
496074,Flemming,Katiyar,9999-01-01,Engineer
496077,Anyuan,Albarhamtoshy,9999-01-01,Senior Staff
496078,Chuanyi,Kabayashi,9999-01-01,Senior Engineer
496107,Vitaly,Shobatake,9999-01-01,Engineer
496108,Atreyi,Samarati,9999-01-01,Engineer
496121,Malu,Jayawardene,9999-01-01,Senior Staff
496143,Somnath,Driscoll,9999-01-01,Engineer
496150,Dmitry,Marrakchi,9999-01-01,Senior Staff
496151,Katsuo,Mateescu,9999-01-01,Senior Staff
496174,Mary,Staudhammer,9999-01-01,Staff
496180,Alassane,Siepmann,9999-01-01,Engineer
496192,Qunsheng,Weedman,9999-01-01,Engineer
496195,IEEE,Thibadeau,9999-01-01,Engineer
496196,Toshiko,Porotnikoff,9999-01-01,Senior Engineer
496198,Volkmar,Panangaden,9999-01-01,Engineer
496207,Prodip,Ermel,9999-01-01,Senior Engineer
496215,Lunjin,Erde,9999-01-01,Engineer
496222,Yaghout,Esposito,9999-01-01,Engineer
496227,Satoru,Stentiford,9999-01-01,Senior Staff
496252,Marc,Weedman,9999-01-01,Staff
496265,Aran,Emden,9999-01-01,Staff
496282,Kotesh,Anguita,9999-01-01,Senior Engineer
496288,Chriss,Gecsel,9999-01-01,Engineer
496290,Godehard,Pettit,9999-01-01,Senior Engineer
496295,Nathan,Plavsic,9999-01-01,Engineer
496302,Adas,Plesums,9999-01-01,Engineer
496304,Phuoc,Kruskal,9999-01-01,Senior Engineer
496326,Xuejun,Angelopoulos,9999-01-01,Staff
496341,Oddvar,Rosay,9999-01-01,Staff
496364,Shalesh,Msuda,9999-01-01,Engineer
496384,Remco,Coors,9999-01-01,Senior Staff
496388,Sarita,Axelband,9999-01-01,Engineer
496390,Tsz,Menhoudj,9999-01-01,Senior Staff
496398,Leif,Hiyoshi,9999-01-01,Engineer
496400,Naftaly,Eiter,9999-01-01,Staff
496405,Eran,Cangellaris,9999-01-01,Senior Staff
496427,Gennady,Tzvieli,9999-01-01,Senior Staff
496436,Arunas,Stroustrup,9999-01-01,Senior Staff
496440,Aron,Pappas,9999-01-01,Senior Engineer
496472,Gilbert,Carrere,9999-01-01,Senior Staff
496479,Arup,Botman,9999-01-01,Staff
496480,Wilmer,Farrow,9999-01-01,Engineer
496484,Vugranam,Attimonelli,9999-01-01,Engineer
496488,Kristin,Boyle,9999-01-01,Senior Staff
496502,Chaitali,Minakawa,9999-01-01,Staff
496515,Kokou,Gurbaxani,9999-01-01,Senior Engineer
496521,Yinghua,Baca,9999-01-01,Senior Engineer
496522,Jayesh,Bresenham,9999-01-01,Senior Engineer
496523,Idoia,Ranze,9999-01-01,Engineer
496531,Saddek,Simmel,9999-01-01,Engineer
496558,Yahiko,Niizuma,9999-01-01,Senior Staff
496577,Nikolaos,Kermarrec,9999-01-01,Staff
496580,Dmitri,Thisen,9999-01-01,Senior Staff
496583,Toshiki,Shinomoto,9999-01-01,Staff
496594,Tadahiro,Sundgren,9999-01-01,Technique Leader
496620,Hidde,Swab,9999-01-01,Senior Engineer
496623,Peer,Honglei,9999-01-01,Senior Staff
496632,Xinglin,Berstel,9999-01-01,Engineer
496641,Rayond,Meriste,9999-01-01,Technique Leader
496647,Branimir,Tchuente,9999-01-01,Engineer
496662,Malu,Oskamp,9999-01-01,Senior Staff
496665,Nevin,Kieras,9999-01-01,Engineer
496668,Sakthirel,Hockney,9999-01-01,Senior Staff
496681,Seshu,Nastansky,9999-01-01,Engineer
496721,Spyrose,Ramsay,9999-01-01,Engineer
496729,Zhonghua,Sigstam,9999-01-01,Engineer
496735,Malu,Cochrane,9999-01-01,Senior Engineer
496739,Raimond,Fontet,9999-01-01,Engineer
496741,Naftaly,Verhaegen,9999-01-01,Technique Leader
496773,Shaunak,Baak,9999-01-01,Staff
496778,Zijian,Ghazalie,9999-01-01,Staff
496781,Ronnie,Peris,9999-01-01,Senior Staff
496786,Ottavia,Aseltine,9999-01-01,Engineer
496792,Stafford,Bashian,9999-01-01,Senior Engineer
496796,Hsiangchu,Eugenio,9999-01-01,Staff
496819,Rosita,McFarlin,9999-01-01,Engineer
496829,Shaleah,DeMori,9999-01-01,Senior Staff
496832,Fen,Wixon,9999-01-01,Senior Engineer
496834,Gully,Heping,9999-01-01,Assistant Engineer
496836,Khoa,Fairtlough,9999-01-01,Senior Engineer
496837,Rafael,Marchesini,9999-01-01,Staff
496840,Maja,Georgakopoulos,9999-01-01,Senior Staff
496847,Vivian,Merle,9999-01-01,Senior Engineer
496849,Roddy,DuCasse,9999-01-01,Senior Engineer
496864,Pintsang,Picco,9999-01-01,Senior Engineer
496867,Rosine,Orsini,9999-01-01,Engineer
496868,Fun,Klyachko,9999-01-01,Staff
496878,Dante,Frezza,9999-01-01,Senior Engineer
496882,Abdelghani,Vural,9999-01-01,Staff
496892,Moss,Holburn,9999-01-01,Engineer
496928,Chikara,Ohori,9999-01-01,Engineer
496944,Denis,Fortenbacher,9999-01-01,Engineer
496961,Yifei,Porotnikoff,9999-01-01,Staff
496985,Jungsoon,Salinas,9999-01-01,Senior Staff
496990,Tooru,Busillo,9999-01-01,Staff
497001,Radhika,Kaiser,9999-01-01,Staff
497020,Bojan,Verspoor,9999-01-01,Senior Staff
497023,Jamaludin,Nooteboom,9999-01-01,Senior Staff
497033,Ziyad,Oaver,9999-01-01,Engineer
497044,Nikolaus,Cannane,9999-01-01,Senior Engineer
497057,Parke,Garnier,9999-01-01,Staff
497062,Dayanand,Naudin,9999-01-01,Staff
497081,Zhanqiu,Ginneken,9999-01-01,Assistant Engineer
497088,Alassane,Picco,9999-01-01,Senior Staff
497091,Leandro,Nyrup,9999-01-01,Senior Staff
497092,Bodo,Linares,9999-01-01,Engineer
497100,Martial,Miara,9999-01-01,Staff
497106,Slavian,Waschkowski,9999-01-01,Senior Staff
497113,Edwin,Orlowski,9999-01-01,Staff
497115,Mari,Claffy,9999-01-01,Senior Staff
497117,Siamak,Babb,9999-01-01,Assistant Engineer
497119,Mizuhito,Yamaashi,9999-01-01,Staff
497125,Rayond,Veevers,9999-01-01,Senior Engineer
497151,Lijia,Litzkow,9999-01-01,Staff
497160,Heon,Thiran,9999-01-01,Staff
497182,Goa,Versino,9999-01-01,Senior Engineer
497183,Qingxiang,Stassinopoulos,9999-01-01,Senior Engineer
497184,Masali,Salverda,9999-01-01,Engineer
497188,Douadi,Pokrovskii,9999-01-01,Staff
497196,Siamak,Kroon,9999-01-01,Senior Staff
497203,Qiwen,Pell,9999-01-01,Staff
497212,Yakichi,Lambe,9999-01-01,Staff
497229,Keiichiro,Sadowski,9999-01-01,Engineer
497230,Peternela,Range,9999-01-01,Senior Engineer
497235,Dzung,Molenkamp,9999-01-01,Senior Staff
497236,Halsur,Hoppenstand,9999-01-01,Staff
497239,Sivanarayana,Dymetman,9999-01-01,Senior Engineer
497245,Lech,Engelmann,9999-01-01,Senior Engineer
497261,Mohammad,Pillow,9999-01-01,Engineer
497274,Jixiang,Serre,9999-01-01,Senior Engineer
497291,Neelam,Heiserman,9999-01-01,Engineer
497307,Takahiro,Collette,9999-01-01,Senior Staff
497316,Gonzalo,Guting,9999-01-01,Senior Staff
497320,Boguslaw,Ghalwash,9999-01-01,Staff
497331,Toshimori,Snyers,9999-01-01,Engineer
497343,Fan,Bael,9999-01-01,Senior Engineer
497374,Qunsheng,Miculan,9999-01-01,Staff
497396,Susanna,Taubman,9999-01-01,Engineer
497398,Danil,Przulj,9999-01-01,Staff
497404,Shigeaki,Coorg,9999-01-01,Engineer
497408,Kerryn,Mitsuhashi,9999-01-01,Senior Staff
497411,Kirk,Woycyznski,9999-01-01,Senior Engineer
497412,Kankanahalli,Kamble,9999-01-01,Staff
497421,Eirik,Lanteri,9999-01-01,Senior Staff
497426,Toshiko,Solovay,9999-01-01,Senior Staff
497428,Jiong,Lorho,9999-01-01,Staff
497431,Mabo,Ruemmler,9999-01-01,Engineer
497434,Shounak,Kalloufi,9999-01-01,Senior Staff
497443,Sadok,Takanami,9999-01-01,Engineer
497448,Karsten,Suwa,9999-01-01,Senior Staff
497460,Mani,Jakobus,9999-01-01,Engineer
497464,Karoline,Billingsley,9999-01-01,Engineer
497465,Halsur,Anido,9999-01-01,Staff
497471,Luigi,Kragelund,9999-01-01,Staff
497475,Munehiko,Bonifati,9999-01-01,Engineer
497492,Junichi,Validov,9999-01-01,Senior Engineer
497493,Phuoc,Chandrasekhar,9999-01-01,Senior Staff
497504,Mountaz,Porotnikoff,9999-01-01,Senior Staff
497516,Morrie,Szilard,9999-01-01,Staff
497526,Arup,Vigier,9999-01-01,Engineer
497535,Arun,Pollacia,9999-01-01,Technique Leader
497538,Zhiwei,Kuhnemann,9999-01-01,Senior Staff
497555,Zdislav,Eiter,9999-01-01,Senior Engineer
497565,Dinah,Basart,9999-01-01,Senior Engineer
497566,Vojin,Cesareni,9999-01-01,Engineer
497567,Danco,Linares,9999-01-01,Engineer
497578,Vasilis,Eterovic,9999-01-01,Senior Staff
497582,Xiaoqiang,Rosen,9999-01-01,Senior Engineer
497589,Duri,Mattern,9999-01-01,Senior Engineer
497595,Shahaf,Schrooten,9999-01-01,Senior Engineer
497621,Brewster,Swick,9999-01-01,Senior Staff
497628,Mari,Gecseg,9999-01-01,Engineer
497638,Kinh,Chachaty,9999-01-01,Staff
497642,Sachem,Baumann,9999-01-01,Senior Staff
497643,Ipke,Dahlbom,9999-01-01,Senior Staff
497647,Mototsugu,Riesenhuber,9999-01-01,Senior Engineer
497648,Saeko,Verspoor,9999-01-01,Engineer
497663,Herb,Siksek,9999-01-01,Senior Staff
497675,Zito,Jayawardene,9999-01-01,Senior Engineer
497693,Tsutomu,Ciolek,9999-01-01,Senior Staff
497700,Weiyi,Rattan,9999-01-01,Senior Engineer
497702,Martine,Ghelli,9999-01-01,Engineer
497726,Moty,Usery,9999-01-01,Senior Engineer
497734,Duke,Kobara,9999-01-01,Senior Engineer
497735,Serenella,Percebois,9999-01-01,Senior Staff
497744,Rimon,Farris,9999-01-01,Engineer
497745,Takahira,Klyachko,9999-01-01,Senior Staff
497751,Kiyotoshi,Verhoeff,9999-01-01,Senior Engineer
497760,Indrajit,Iwayama,9999-01-01,Staff
497781,Xiaoshan,Luit,9999-01-01,Senior Engineer
497796,Chaoyi,Kushnir,9999-01-01,Senior Engineer
497800,Nishit,Zambonelli,9999-01-01,Senior Staff
497806,Dannz,Montemayor,9999-01-01,Staff
497811,Sajjad,Vickson,9999-01-01,Staff
497821,Zhonghua,Trelles,9999-01-01,Technique Leader
497829,Shaleah,Carrera,9999-01-01,Engineer
497844,Amabile,Teitelbaum,9999-01-01,Senior Engineer
497845,Nirmal,Ramaiah,9999-01-01,Senior Staff
497876,Moni,Kavanagh,9999-01-01,Staff
497893,Sailaja,Ciolek,9999-01-01,Staff
497925,Basim,Gonthier,9999-01-01,Senior Staff
497928,Carrsten,Deville,9999-01-01,Engineer
497968,Tesuro,Androutsos,9999-01-01,Engineer
497972,Zijian,Winter,9999-01-01,Senior Engineer
497984,Chinhyun,Schrooten,9999-01-01,Technique Leader
498024,DAIDA,Escriba,9999-01-01,Senior Engineer
498031,Mircea,Shackel,9999-01-01,Engineer
498056,Berhard,Tsunoo,9999-01-01,Engineer
498061,Satosi,DasSarma,9999-01-01,Senior Staff
498068,Tonia,Mitzlaff,9999-01-01,Engineer
498069,Adly,Jahnichen,9999-01-01,Senior Staff
498075,Shimshon,Goodrum,9999-01-01,Senior Engineer
498082,Breannda,Czaja,9999-01-01,Engineer
498090,Marc,Fujisawa,9999-01-01,Senior Engineer
498108,Utz,Gischer,9999-01-01,Engineer
498118,Utpal,Zschoche,9999-01-01,Assistant Engineer
498137,Christfried,Etalle,9999-01-01,Engineer
498140,Jianwen,Perl,9999-01-01,Senior Staff
498145,Taisook,Kusalik,9999-01-01,Senior Engineer
498146,Bernardo,Boissier,9999-01-01,Engineer
498150,Yakkov,Pellegrinelli,9999-01-01,Senior Staff
498163,Rosita,Waschkowski,9999-01-01,Senior Staff
498165,Christoph,Stavenow,9999-01-01,Staff
498166,Sashi,Steenbeek,9999-01-01,Engineer
498183,Sreekrishna,Daescu,9999-01-01,Senior Engineer
498187,Shaowen,Zielinski,9999-01-01,Senior Staff
498196,Eckart,Suppi,9999-01-01,Senior Staff
498203,Visit,Guardalben,9999-01-01,Technique Leader
498211,Jasminko,Serra,9999-01-01,Senior Engineer
498214,Toshimori,Cronin,9999-01-01,Senior Engineer
498220,Marla,Koprowski,9999-01-01,Staff
498231,Randy,Keirsey,9999-01-01,Assistant Engineer
498240,Cheong,Falster,9999-01-01,Senior Engineer
498248,Munir,Suwa,9999-01-01,Staff
498255,Leif,Billingsley,9999-01-01,Senior Staff
498265,Kirk,Ranai,9999-01-01,Engineer
498267,Vitali,Hoppenstand,9999-01-01,Senior Engineer
498281,Tomokazu,Basawa,9999-01-01,Senior Engineer
498282,Nechama,Trachtenberg,9999-01-01,Senior Engineer
498283,Luisa,Swan,9999-01-01,Engineer
498287,Oscar,Pettis,9999-01-01,Staff
498289,Spyrose,Schmezko,9999-01-01,Engineer
498311,Rajmohan,Zeidenstein,9999-01-01,Staff
498314,Zita,Liesche,9999-01-01,Engineer
498360,Tomokazu,Fioravanti,9999-01-01,Senior Engineer
498362,Pintsang,Benzmuller,9999-01-01,Senior Staff
498377,Pintsang,Egerstedt,9999-01-01,Senior Staff
498389,Minghong,Bennis,9999-01-01,Technique Leader
498391,Kristina,Lagarias,9999-01-01,Staff
498397,Khue,Jiang,9999-01-01,Engineer
498402,Oddvar,Coorg,9999-01-01,Senior Staff
498415,Lene,Vieth,9999-01-01,Engineer
498434,Tua,Zaiane,9999-01-01,Assistant Engineer
498436,Shaowei,Keohane,9999-01-01,Senior Staff
498447,Naftaly,Werthner,9999-01-01,Senior Engineer
498450,Abdulah,Gammage,9999-01-01,Engineer
498451,Sukumar,Hasenauer,9999-01-01,Engineer
498462,Renny,Iisaku,9999-01-01,Staff
498463,Vasiliy,Vilarrasa,9999-01-01,Senior Engineer
498464,Shunichi,Eppinger,9999-01-01,Staff
498477,Conrado,Merro,9999-01-01,Assistant Engineer
498478,Kwee,Feldmann,9999-01-01,Senior Staff
498485,Xiaoqiang,Anger,9999-01-01,Engineer
498494,Mack,Orlowska,9999-01-01,Senior Engineer
498499,Gal,Coorg,9999-01-01,Technique Leader
498514,Piyawadee,Farris,9999-01-01,Senior Engineer
498517,Joydip,Hanabata,9999-01-01,Senior Engineer
498521,Deborah,Perna,9999-01-01,Staff
498531,Mori,Haddadi,9999-01-01,Technique Leader
498559,Lech,Hertweck,9999-01-01,Senior Staff
498561,Dines,Shanbhogue,9999-01-01,Engineer
498574,Brewster,Makrucki,9999-01-01,Senior Engineer
498594,Tadanori,Christ,9999-01-01,Senior Staff
498607,Zhiguo,Zuberek,9999-01-01,Staff
498613,Adas,Hofmeyr,9999-01-01,Senior Staff
498617,Udi,Billawala,9999-01-01,Senior Engineer
498619,Prodip,Setlzner,9999-01-01,Senior Engineer
498622,Paddy,Birrer,9999-01-01,Staff
498627,Candido,Danecki,9999-01-01,Engineer
498639,Bojan,Zastre,9999-01-01,Technique Leader
498657,Ebbe,Hainaut,9999-01-01,Senior Engineer
498660,Vojin,Neiman,9999-01-01,Senior Staff
498670,Aram,Menyhert,9999-01-01,Senior Staff
498680,Jaewon,Vadhan,9999-01-01,Engineer
498684,Olivera,Argence,9999-01-01,Assistant Engineer
498696,Macha,Zockler,9999-01-01,Staff
498710,Zhongwei,Luef,9999-01-01,Senior Engineer
498719,Cordelia,Zockler,9999-01-01,Senior Engineer
498723,Wojceich,Vernadat,9999-01-01,Senior Engineer
498725,Leif,Brookner,9999-01-01,Senior Engineer
498729,Eberhardt,Servieres,9999-01-01,Staff
498736,Yuping,Hofman,9999-01-01,Senior Staff
498737,Sachin,Schaap,9999-01-01,Senior Staff
498748,Doowon,Ananiadou,9999-01-01,Senior Staff
498752,Alassane,Bashian,9999-01-01,Staff
498766,Kousuke,Zschoche,9999-01-01,Senior Engineer
498770,Kersti,Katzenelson,9999-01-01,Engineer
498772,Kellyn,Erman,9999-01-01,Senior Staff
498784,Oscal,Borovoy,9999-01-01,Senior Engineer
498787,Erzsebet,Perng,9999-01-01,Staff
498799,Pintsang,Demri,9999-01-01,Senior Engineer
498800,Greger,Escriba,9999-01-01,Senior Staff
498808,Martins,Farrow,9999-01-01,Technique Leader
498814,Alagu,Gecsei,9999-01-01,Senior Staff
498830,Vasiliy,Cooke,9999-01-01,Senior Engineer
498847,Elvia,Kavanagh,9999-01-01,Senior Engineer
498849,Candida,Jervis,9999-01-01,Senior Staff
498854,Vishv,Ventosa,9999-01-01,Senior Engineer
498860,Berto,Pietrzykowski,9999-01-01,Technique Leader
498862,Zissis,Ranum,9999-01-01,Staff
498863,Djenana,Peak,9999-01-01,Technique Leader
498865,Rafols,Anido,9999-01-01,Senior Staff
498885,Wilmer,Iisaku,9999-01-01,Engineer
498887,Kerryn,Demri,9999-01-01,Senior Engineer
498888,Bodh,Jervis,9999-01-01,Assistant Engineer
498894,Chaoyi,Bahr,9999-01-01,Engineer
498900,Piyush,Tagansky,9999-01-01,Engineer
498906,Abdulla,Bugrara,9999-01-01,Senior Engineer
498909,Soenke,Wilfing,9999-01-01,Staff
498917,Nathan,Papadias,9999-01-01,Senior Staff
498923,Shuky,Itzigehl,9999-01-01,Staff
498930,Hisao,Matzov,9999-01-01,Staff
498939,Sushant,Chappelet,9999-01-01,Technique Leader
498959,Chenye,Badache,9999-01-01,Senior Engineer
498975,Yuriy,Daescu,9999-01-01,Engineer
498984,Lenore,Trelles,9999-01-01,Senior Staff
499003,Yinghua,Markovitch,9999-01-01,Technique Leader
499011,Yuping,Detkin,9999-01-01,Senior Staff
499012,Chaitali,Wissmann,9999-01-01,Senior Engineer
499035,Lene,Neiman,9999-01-01,Senior Staff
499080,Dharmaraja,Marciano,9999-01-01,Engineer
499091,Elvis,Kohling,9999-01-01,Technique Leader
499128,Conal,Swiler,9999-01-01,Staff
499132,Leucio,Cyre,9999-01-01,Senior Staff
499133,Shahab,Pfau,9999-01-01,Engineer
499134,Xinan,Rosch,9999-01-01,Engineer
499146,Manibrata,Rullman,9999-01-01,Engineer
499150,Koichi,Vernadat,9999-01-01,Senior Engineer
499156,Gou,Zaiane,9999-01-01,Staff
499168,Muneo,Peltason,9999-01-01,Engineer
499171,Michaela,Bamford,9999-01-01,Technique Leader
499177,Masadi,Peres,9999-01-01,Senior Engineer
499197,Akemi,Rajaraman,9999-01-01,Senior Engineer
499206,Dmitry,Kohling,9999-01-01,Senior Staff
499213,Badri,Eugenio,9999-01-01,Staff
499225,Constantijn,Dahlbom,9999-01-01,Senior Staff
499229,Babette,Stille,9999-01-01,Senior Engineer
499230,Pranav,Beutelspacher,9999-01-01,Senior Engineer
499231,Padma,Hofmeyr,9999-01-01,Senior Staff
499238,Jordanka,Wallrath,9999-01-01,Engineer
499239,Kish,Rouquie,9999-01-01,Senior Engineer
499275,Shridhar,Zlotek,9999-01-01,Senior Staff
499292,Sarita,Schiettecatte,9999-01-01,Staff
499312,Patricio,Sankaranarayanan,9999-01-01,Senior Engineer
499313,Munehiko,Sury,9999-01-01,Senior Staff
499318,Hideyuki,Ozeki,9999-01-01,Staff
499342,Bezalel,Limongiello,9999-01-01,Senior Staff
499347,Ugo,Schwartzbauer,9999-01-01,Senior Staff
499357,Frederique,Hitomi,9999-01-01,Senior Engineer
499379,Denny,Rikino,9999-01-01,Staff
499397,Stamatina,Bernini,9999-01-01,Senior Engineer
499406,Jaewoo,Murillo,9999-01-01,Senior Staff
499410,Sailaja,Benzaken,9999-01-01,Engineer
499415,Annemarie,Wossner,9999-01-01,Engineer
499420,Sangeeta,Impagliazzo,9999-01-01,Senior Staff
499429,Gad,Ambroszkiewicz,9999-01-01,Technique Leader
499438,Tse,Kalsbeek,9999-01-01,Engineer
499444,Radoslaw,Hofting,9999-01-01,Senior Staff
499453,Alper,Peck,9999-01-01,Senior Staff
499456,Stamatina,Melski,9999-01-01,Engineer
499464,Alassane,Tiemann,9999-01-01,Senior Engineer
499474,Mohamadou,Danley,9999-01-01,Senior Engineer
499486,Sumali,Dayana,9999-01-01,Senior Engineer
499496,Demin,Oskamp,9999-01-01,Senior Engineer
499503,Arra,Karner,9999-01-01,Engineer
499516,Goncalo,Kampfer,9999-01-01,Engineer
499519,Tamiya,Monarch,9999-01-01,Senior Engineer
499539,Palash,Puoti,9999-01-01,Senior Engineer
499543,Juichirou,Kenevan,9999-01-01,Staff
499548,Aloys,Bale,9999-01-01,Senior Engineer
499563,Martine,Markovitch,9999-01-01,Engineer
499566,Djelloul,Deverell,9999-01-01,Engineer
499575,Jacqueline,Kisuki,9999-01-01,Senior Staff
499580,Karsten,Perri,9999-01-01,Senior Engineer
499581,Lijia,Luce,9999-01-01,Engineer
499588,Maya,Sidje,9999-01-01,Senior Engineer
499608,Reuven,Genin,9999-01-01,Senior Engineer
499613,Vasilis,Kaelbling,9999-01-01,Senior Engineer
499638,Maria,McDermid,9999-01-01,Staff
499643,JiYoung,Skafidas,9999-01-01,Technique Leader
499665,Keiichiro,Champarnaud,9999-01-01,Staff
499666,Martine,Pollock,9999-01-01,Engineer
499671,Jayesh,Ambroszkiewicz,9999-01-01,Senior Staff
499681,Kazuhito,Heemskerk,9999-01-01,Staff
499688,Bingning,Perin,9999-01-01,Staff
499689,Kinh,Sommer,9999-01-01,Staff
499705,Huan,Khalid,9999-01-01,Staff
499707,Paris,Jayawardene,9999-01-01,Senior Staff
499714,Seongbae,Bauknecht,9999-01-01,Staff
499720,Mats,Strandh,9999-01-01,Senior Engineer
499723,Mart,Percebois,9999-01-01,Senior Engineer
499724,Geoffry,Velasco,9999-01-01,Staff
499762,Subhankar,Munawer,9999-01-01,Senior Staff
499764,Zengping,Peir,9999-01-01,Staff
499766,Akhilish,Zobel,9999-01-01,Senior Staff
499782,Udo,Trystram,9999-01-01,Senior Engineer
499797,Wayne,Hutter,9999-01-01,Staff
499816,Debatosh,Murtagh,9999-01-01,Assistant Engineer
499817,Lihong,Pusterhofer,9999-01-01,Senior Staff
499829,Xiahua,Avouris,9999-01-01,Staff
499862,Armond,Fraisse,9999-01-01,Senior Engineer
499870,Kayoko,Peroz,9999-01-01,Senior Engineer
499872,Kannan,Krychniak,9999-01-01,Technique Leader
499880,Fen,Lenart,9999-01-01,Engineer
499898,Alagu,Azuma,9999-01-01,Senior Staff
499907,Arnd,Garnham,9999-01-01,Senior Engineer
499908,Toong,Coorg,9999-01-01,Senior Engineer
499920,Christ,Murtagh,9999-01-01,Senior Staff
499922,Mitsuyuki,Doering,9999-01-01,Senior Staff
499927,Manohar,Heemskerk,9999-01-01,Engineer
499937,Pantung,Litzler,9999-01-01,Senior Engineer
499940,Yolla,Auria,9999-01-01,Senior Staff
499966,Mihalis,Crabtree,9999-01-01,Staff
499986,Nathan,Ranta,9999-01-01,Senior Staff
